     2.142943455321104E+00    4.966847373492029E-23
     2.142943455347395E+00    3.733192328356608E-23
     2.241384276122876E+00    9.304309899082310E-04
     2.544450205835949E+00    1.599280328733915E-04
     2.553458659120108E+00    6.976193874652077E-17
     2.553458663411805E+00    6.036239443797058E-19
     2.564986283313396E+00    3.082244084042813E-21
     2.652827230224299E+00    5.627008101595030E-22
     2.652827241190196E+00    7.503513766250705E-20
     2.702651723739554E+00    3.204068867552959E-22
     2.702651723873473E+00    1.576843435339467E-22
     2.801119581013457E+00    1.013488705056777E-03
     3.081040228492816E+00    3.012744082272631E-05
     3.121852729221791E+00    2.579937572563392E-22
     3.121852729224209E+00    5.498997856832321E-27
     3.166622486268702E+00    8.261904757998684E-22
     3.166622486349429E+00    4.087912853521134E-21
     3.235534487589593E+00    7.336923408064422E-04
     3.341520330956247E+00    1.176790915776984E-03
     3.354219582315764E+00    2.880325504412930E-19
     3.354219585886909E+00    3.004710177601631E-17
     3.373329477771836E+00    2.462491089534335E-19
     3.420702641866249E+00    9.028323266968701E-06
     3.437683982865688E+00    7.007264743094297E-23
     3.437683982869090E+00    7.291319424189355E-22
     3.453786526754910E+00    1.338040448993573E-18
     3.453786527920206E+00    8.174909301168486E-18
     3.456193499884840E+00    1.517710378122619E-03
     3.463982735594889E+00    3.948992949824296E-19
     3.463982736345950E+00    4.815870570093868E-19
     3.538416954811861E+00    7.110166630639675E-25
     3.538416954846990E+00    8.451444184552927E-21
     3.645435715599068E+00    1.705388874930730E-04
     3.844147717316109E+00    3.370026062123136E-22
     3.844147717364099E+00    4.572077974601395E-22
     3.853408769154229E+00    1.318782533960163E-04
     4.123927359126784E+00    2.178861441841760E-05
     4.164896836295792E+00    7.824989187529679E-23
     4.164896837462710E+00    3.091173316265032E-21
     4.187264623261493E+00    2.455164096883923E-22
     4.187264625685359E+00    1.175876892708020E-21
     4.187780765556151E+00    8.658435346745647E-12
     4.187780768619571E+00    6.535868111664520E-12
     4.187780769985053E+00    7.534883529957564E-12
     4.195971077355709E+00    3.463538145997941E-17
     4.195971078424540E+00    5.115099634892816E-18
     4.195974828441816E+00    7.604641802459667E-10
     4.200578754053569E+00    2.085338438517958E-21
     4.200578755578842E+00    1.065352226201088E-21
     4.209665613268250E+00    1.756473836946618E-21
     4.212781985792654E+00    3.094352152419208E-22
     4.223658244196013E+00    3.399423030921156E-22
     4.223658244207968E+00    1.166020618165637E-22
     4.302933904001195E+00    1.492537932795463E-03
     4.477607140194039E+00    1.029485310081932E-03
     4.494836533959554E+00    1.564918728124392E-21
     4.494836534067937E+00    1.965353595895122E-21
     4.543789637246303E+00    6.244055089783907E-20
     4.543789641377113E+00    1.735697020908475E-20
     4.580170786013263E+00    1.880941189724877E-06
     4.581754911856352E+00    4.379321654261935E-18
     4.581754915452556E+00    1.112009584148611E-18
     4.600903945390337E+00    4.656410253202953E-20
     4.605860005532901E+00    8.847828606028063E-04
     4.649186517409301E+00    2.229788867091795E-23
     4.649186517500589E+00    7.804975518390014E-22
     4.765596639762570E+00    2.656779148257151E-03
     4.831286343687031E+00    8.363317889618273E-20
     4.831286344606415E+00    9.793640598983354E-21
     4.901358765316374E+00    6.855693409344879E-23
     4.901358768215692E+00    1.134338519630557E-20
     4.907550837386562E+00    3.040992206717903E-20
     4.915673598930161E+00    1.236335029084494E-06
     4.925468912344027E+00    4.341295176705982E-21
     4.925468914212882E+00    1.031252116409251E-21
     5.007730027412991E+00    1.814921757720871E-04
     5.010873955055760E+00    2.787599942774640E-19
     5.010873957766018E+00    8.495745614486716E-21
     5.012831311624849E+00    1.635351208389619E-06
     5.406505628808286E+00    4.918908355296857E-03
     5.424228431072129E+00    9.343684723849881E-16
     5.424228439333339E+00    8.110398996442225E-17
     5.461615153844721E+00    8.130614914287466E-18
     5.537834669610161E+00    4.415418543644629E-18
     5.537834684057246E+00    1.060207086952025E-18
     5.572444363395858E+00    2.716752053779793E-19
     5.572444364428708E+00    7.590850440128051E-20
     6.392700788820955E+00    1.997602710981479E-21
     6.392700790077928E+00    1.636239823516671E-21
     6.421946092827759E+00    1.949175423517201E-10
     6.421946093901616E+00    3.383179788410285E-10
     6.421946095394734E+00    6.019294083263783E-11
     6.427740839523056E+00    2.627535613762085E-05
     6.468548954147707E+00    3.654586855793211E-16
     6.468548958666896E+00    1.343131530548958E-19
     6.468628591224632E+00    7.808827761170485E-07
     6.481103450492996E+00    1.181740032914934E-25
     6.499624603804382E+00    1.248837584713080E-21
     6.499624607750525E+00    2.488489388716601E-22
     6.504519491185659E+00    3.660898951619707E-24
     6.531093665581928E+00    1.234690607580218E-20
     6.531093665896790E+00    3.937935551231255E-20
     6.538449455441361E+00    1.270958496726209E-03
     6.609879250512390E+00    6.068212041868662E-22
     6.609879250654273E+00    2.248760429631942E-23
     6.814248150455512E+00    2.587548995650397E-17
     6.814248152071186E+00    2.885963400996460E-17
     6.815525218947994E+00    2.990078064499405E-05
     6.840298018985394E+00    1.072647677147064E-19
     6.840298022000902E+00    2.957585577784758E-19
     6.889135672700227E+00    2.133476785893103E-21
     6.949399099638943E+00    2.014299712350473E-21
     6.949399100054324E+00    6.371952071511773E-21
     7.002503065331337E+00    5.149297527218212E-03
     7.142197531224766E+00    2.125880340633800E-03
     7.168619692987082E+00    1.158027934259472E-18
     7.168619693320077E+00    1.845654208835240E-18
     7.168674013503171E+00    1.060734291180331E-07
     7.664046176769197E+00    3.582634270435805E-21
     7.664046176797110E+00    5.970695646667829E-21
     9.498563795025715E+00    5.301350938483057E-15
     9.498563796791103E+00    3.504252117046057E-13
     9.498563798411405E+00    1.720369572489020E-17
     9.508555885616495E+00    6.461276488099607E-20
     9.508555885896987E+00    1.116691974283970E-19
     9.508555887608278E+00    5.358364096509132E-20
     9.508555889110360E+00    2.007513682675156E-19
     9.524405707476799E+00    1.464533646210125E-18
     9.524405711425098E+00    5.574010521457050E-20
     9.524719856055960E+00    6.497047914269234E-21
     9.524930369900327E+00    2.772458965151312E-08
     9.525904998890146E+00    4.830556939506486E-08
     9.525949533766505E+00    2.884160142287498E-17
     9.525949540008771E+00    3.371932215262654E-18
     9.562903816897197E+00    2.513693009301739E-22
     9.562903818592153E+00    4.004030879871894E-23
     9.566143028074025E+00    1.086232035710685E-19
     9.566143036566576E+00    6.730315198001653E-20
     9.569859426083493E+00    2.426680064272217E-22
     9.569859429579333E+00    6.905546161393949E-21
     9.590552628575702E+00    2.962262289123382E-19
     9.600733483569375E+00    9.821852713381963E-06
     9.634053218946104E+00    4.223506167457576E-21
     9.634053229444749E+00    4.019557440047888E-20
     9.740251176517017E+00    6.272742079565134E-19
     9.740251187341537E+00    4.024394975699342E-21
     9.746197949589677E+00    2.015688424430199E-06
     9.916888752341043E+00    8.471573053131786E-07
     9.917976551869632E+00    6.535096123680902E-19
     9.917976552847223E+00    4.763160386786965E-20
     9.927363459902935E+00    8.032630497033239E-07
     9.931563152000313E+00    2.777412940992659E-20
     9.932553535954376E+00    1.642748777328705E-19
     9.932553538321438E+00    1.015008281809545E-20
     9.976422004560330E+00    1.039605421740457E-22
     9.976422006270193E+00    1.320688118195110E-22
     1.046182749707630E+01    9.738695717007063E-03
     1.046767748291234E+01    6.394498425507939E-17
     1.046767748389770E+01    1.143339125732758E-16
     1.049657653462752E+01    3.397329936980936E-18
     1.049657653950212E+01    1.433180555136539E-17
     1.056649643805575E+01    1.514035325207977E-20
     1.057410195740107E+01    6.589275752860595E-03
     1.063397525446182E+01    3.972237991307848E-19
     1.063397525613276E+01    3.280138972434985E-18
     1.158738312600912E+01    3.986242504697758E-20
     1.158738313053531E+01    5.884618171690577E-22
     1.162450686534234E+01    3.394690029204633E-09
     1.162450686871948E+01    4.110330781896802E-10
     1.162450687340105E+01    1.297614415891328E-09
     1.172159995447135E+01    8.761877240608227E-19
     1.172159997045241E+01    2.630805018450741E-14
     1.172170962987421E+01    2.988553836246927E-06
     1.172748213751052E+01    2.919488398490513E-19
     1.177091535538245E+01    3.674617768725800E-20
     1.177091537057833E+01    1.118135725082555E-20
     1.178155711550391E+01    2.440832104432586E-22
     1.179220473219072E+01    4.091533868785992E-19
     1.179220473273726E+01    1.672162220529294E-17
     1.179304535317822E+01    3.002582665089791E-05
     1.204806332262276E+01    3.430359668003743E-20
     1.204806332670791E+01    1.699617762545264E-19
     1.212995024802248E+01    5.104256048325060E-17
     1.212995025546466E+01    4.103601297263411E-18
     1.213195096403327E+01    7.169147528053195E-05
     1.215327098410493E+01    8.702611267123692E-19
     1.254938928393286E+01    4.856945805421067E-04
     1.273261973388501E+01    1.262906804515204E-05
     1.274322617346841E+01    4.800678319341113E-21
     1.274322617375666E+01    4.194737171127355E-21
     1.287333582727405E+01    1.871555350949306E-21
     1.287333582734058E+01    3.459964494809217E-22
     1.297962457184065E+01    1.808173269978384E-21
     1.297962457189655E+01    7.188429917625898E-25
     1.316106686761920E+01    6.072281045049280E-03
     1.332828765606992E+01    2.336126882236440E-20
     1.332828765748743E+01    2.737866397292985E-20
     1.343646076780740E+01    4.637121308573094E-03
     1.599583129563360E+01    5.229547957252597E-12
     1.600111827421479E+01    4.071318622560140E-26
     1.600111827627700E+01    7.901379815016772E-25
     1.603281676804831E+01    8.824940649493338E-27
     1.603281677084687E+01    1.216369926287448E-27
     1.605541118603982E+01    1.327638709134694E-26
     1.606381361344840E+01    3.776290103566042E-27
     1.606381362040152E+01    4.127859818457420E-27
     1.614541375101115E+01    3.997128675598966E-13
     1.618112458817294E+01    7.162019565362377E-28
     1.618351075397918E+01    5.763783274612426E-27
     1.618351075934166E+01    2.740346945363835E-29
     1.824750359496687E+01    4.750242519978514E-11
     1.824757353542600E+01    1.703451597671215E-21
     1.824758849663539E+01    1.281387121450490E-22
     1.824758849717181E+01    1.006960360107059E-22
     1.932848981276948E+01    2.478500007851276E-12
     1.932848981741144E+01    1.521338489250528E-15
     1.932848982822824E+01    4.802468422295853E-13
     1.934821727817852E+01    2.865418111110450E-16
     1.934821728332866E+01    3.001519254501047E-16
     1.934821729599569E+01    2.016207631756588E-17
     1.934821729853050E+01    1.108858516828540E-15
     1.939643730047792E+01    8.021401316654764E-20
     1.939643731292030E+01    7.490478815168038E-19
     1.939645440743474E+01    4.579036242442352E-18
     1.939650709505418E+01    1.485397650979061E-10
     1.940209723014980E+01    9.897498273312466E-10
     1.940210073959750E+01    2.460499957859881E-17
     1.940210074416110E+01    2.820880593909243E-15
     1.945278755584547E+01    1.149903806705153E-23
     1.945278757083689E+01    1.174550671612799E-23
     1.947751482019435E+01    4.275759945781108E-26
     1.947751483384382E+01    2.951446870031539E-24
     1.973569186917183E+01    4.854751328695490E-08
     1.973716283522075E+01    1.845283060336655E-22
     1.973716284687280E+01    6.139978134108658E-19
     1.976512413363161E+01    9.810995164834272E-22
     1.976512414245994E+01    1.277037818535113E-20
     1.976713460143744E+01    3.361183529557108E-21
     1.977433187533400E+01    1.683782229341266E-08
     1.985387143327648E+01    4.345404247021477E-23
     1.985387144971605E+01    8.661123437067657E-23
     2.081326919852198E+01    1.106286733182206E-19
     2.081326922328321E+01    3.042236217609032E-18
     2.084487673678722E+01    7.959851376596922E-06
     2.085035676255527E+01    1.336599804496455E-18
     2.089143267709967E+01    6.024709757998456E-21
     2.089143268902945E+01    1.221894789252408E-19
     2.102587213035446E+01    1.663537423158318E-19
     2.102587213664189E+01    8.886809400659585E-19
     2.103445942076950E+01    6.025931307059585E-07
     2.304372748441768E+01    6.822052041065888E-04
     2.304531396007805E+01    1.648104865450260E-16
     2.304531396132716E+01    4.751757978645198E-17
     2.311200125054321E+01    1.536182549404721E-02
     2.314562124990041E+01    2.073615072508728E-15
     2.314562127049365E+01    1.452673338304592E-14
     2.326241799883331E+01    5.842611981358697E-19
     2.332521670060877E+01    3.415099746030187E-17
     2.332521676098230E+01    7.105123707628211E-17
     2.386460206215667E+01    6.138001289323903E-20
     2.386460207876718E+01    3.820133115522030E-21
     2.391158275677805E+01    1.504495688834530E-08
     2.391158275998977E+01    7.836197372174165E-09
     2.391158278045165E+01    1.993209878327428E-08
     2.402644538896677E+01    5.162558838134160E-15
     2.402644540796276E+01    1.381644337727403E-14
     2.402666065824737E+01    8.946563854638911E-06
     2.404690260402268E+01    8.950950038055498E-21
     2.406767350717511E+01    3.922084685071799E-20
     2.406767352156250E+01    1.121396109115248E-18
     2.410697765455339E+01    1.664434655766277E-20
     2.433548311719711E+01    3.341150297847889E-20
     2.433548313017549E+01    6.078768740826137E-18
     2.438825900564323E+01    4.750056592454928E-18
     2.438825901087417E+01    9.751600536682940E-16
     2.439197058869883E+01    8.102094872733959E-05
     2.448057288033389E+01    2.781689829785079E-20
     2.543612450971262E+01    9.591350579905249E-22
     2.543612451248823E+01    7.006296200906831E-22
     2.774117816916772E+01    2.730336946351590E-26
     2.774117816919010E+01    3.748506203022330E-22
     2.784352405361682E+01    4.627207828650990E-03
     2.913770879842319E+01    1.043125235418326E-09
     2.929481650335759E+01    2.324926600169676E-22
     2.929481650337886E+01    2.550750683462666E-22
     2.930656668664765E+01    1.082797542775639E-03
     2.939299878204286E+01    8.484769586196652E-23
     2.939299878205314E+01    5.799917400639038E-23
     2.960767466791231E+01    1.413975849279331E-02
     2.974343754604765E+01    6.872010259054254E-21
     2.974343754616739E+01    2.986139411394759E-21
     3.016946277198841E+01    2.199102582414378E-05
     3.704549935050017E+01    6.652945508938410E-12
     3.705461103757630E+01    6.259011162426580E-24
     3.705461105768308E+01    8.426897152990950E-26
     3.709401750594449E+01    3.339485566644948E-25
     3.709401752236202E+01    2.086942796333253E-26
     3.712108323229864E+01    8.446887479866389E-26
     3.715046799405533E+01    6.326610233134041E-27
     3.715046800359637E+01    4.729806941065689E-27
     3.723100567119769E+01    1.141021089960205E-14
     3.731057186534685E+01    4.365542967993774E-27
     3.731332885015606E+01    6.874502582382050E-27
     3.731332887143601E+01    6.538933960287223E-28
     3.930668187178871E+01    2.566017919476721E-14
     3.930683337367766E+01    1.856519887778645E-27
     3.930686861898982E+01    1.797062334874746E-26
     3.930686861950271E+01    5.869317429133370E-28
     4.565142884880621E+01    1.963246252996713E-13
     4.565142886081932E+01    4.300884069390412E-13
     4.565142888427663E+01    1.568802971222189E-12
     4.568084594345795E+01    6.106541513342628E-14
     4.568084594842803E+01    2.620988373114203E-14
     4.568084595703502E+01    8.064501691043514E-15
     4.568084597865305E+01    4.522739797377089E-15
     4.575317106657725E+01    2.238981509834582E-20
     4.575317108946759E+01    1.600747803940559E-18
     4.575317594440401E+01    1.050997698076371E-18
     4.575319217289821E+01    1.285612615381280E-11
     4.576186619290579E+01    2.381172302814401E-13
     4.576186620421529E+01    4.781164996321190E-13
     4.576186622622068E+01    7.803973943057758E-13
     4.583093266852231E+01    2.613546048560678E-25
     4.583093269578074E+01    4.030257897687045E-24
     4.586805711426779E+01    1.780953788852403E-26
     4.586805714885293E+01    2.247714712349514E-24
     4.607515923671208E+01    7.112638993452900E-09
     4.607564166345616E+01    1.351176377942367E-18
     4.607564167746830E+01    2.752612730700707E-18
     4.610863692123524E+01    8.387452355616317E-21
     4.610863694347160E+01    9.632972416189259E-22
     4.610934144968962E+01    2.332318060354026E-21
     4.611196984752862E+01    1.046123859991452E-09
     4.624220969343335E+01    9.410833464037639E-26
     4.624220971576983E+01    6.650572852987809E-25
     4.975898203768392E+01    4.340687750643373E-19
     4.975898206781734E+01    1.003502977895750E-19
     4.979514095535789E+01    3.653279966428166E-06
     4.980637691065408E+01    4.889894448751391E-19
     4.985213910641314E+01    5.250227235974308E-20
     4.985213914045097E+01    2.831057419994844E-19
     5.001469779409510E+01    1.605440824224706E-19
     5.001469781873165E+01    3.501088309184809E-19
     5.002413030973688E+01    1.283427039360733E-07
     5.204464868141370E+01    1.072596940158208E-17
     5.204464868159671E+01    8.997517928365387E-19
     5.204474297761779E+01    5.818061474945948E-07
     5.432032507245972E+01    9.622468544734219E-22
     5.432032509503276E+01    4.335975280457991E-20
     5.436687564667184E+01    3.322458723678836E-09
     5.436687565844833E+01    1.749063983759496E-09
     5.436687567317039E+01    7.162279966092242E-09
     5.444023037801806E+01    2.230346462423787E-06
     5.444024709736279E+01    4.173156620631141E-14
     5.444024710754823E+01    3.229856744694972E-13
     5.446380493374602E+01    1.645413617637055E-19
     5.446380495336524E+01    4.600042986546219E-25
     5.450077354910272E+01    4.395985846868904E-19
     5.453135774494780E+01    1.124116575591254E-19
     5.475890269075089E+01    7.897203128218689E-17
     5.475890270988827E+01    2.058007197682522E-17
     5.477767120003912E+01    1.403032489799683E-03
     5.479343250302234E+01    7.535842534053583E-16
     5.479343251324116E+01    2.459818248728041E-16
     5.489656205535925E+01    8.395654228050287E-19
     5.518073834145858E+01    1.120496120018736E-02
     5.520549256779574E+01    3.879933654138696E-15
     5.520549260454420E+01    5.392411262743758E-15
     5.531440471185196E+01    2.091647659090876E-16
     5.536438139615145E+01    5.023447414374571E-17
     5.536438143269451E+01    6.894396718407472E-19
     5.747240294441580E+01    1.005394200611306E-21
     5.747240294466946E+01    1.774745343278570E-20
