     2.150366396178438E+00    1.042936807811590E-23
     2.150366396196481E+00    1.101692345283761E-24
     2.249178629858425E+00    1.049952312763155E-03
     3.096511923917098E+00    2.662877982251277E-05
     3.137366661234725E+00    3.480505540607553E-21
     3.137366661234727E+00    2.816830766047260E-21
     3.176076460200063E+00    1.269262954891441E-18
     3.176076460878706E+00    5.459722745519376E-17
     3.177316551532667E+00    3.115112858153753E-04
     3.208612156953180E+00    3.787463783642064E-23
     3.208612159888729E+00    1.813319234474897E-19
     3.226805663280370E+00    3.079255782791854E-20
     3.278737785634032E+00    2.066263544673033E-03
     3.307423620550699E+00    6.658518604624366E-22
     3.307423621439467E+00    1.523177977362744E-18
     3.547796830442003E+00    2.474489121627276E-22
     3.547796830497184E+00    1.163205073766224E-21
     3.578906566589169E+00    5.115928903958038E-04
     3.761929997900680E+00    9.387281972327130E-23
     3.761929997991514E+00    1.119245543740890E-21
     3.861033712523258E+00    3.811345734548487E-03
     3.977957318565830E+00    3.627295314113702E-05
     4.053253638661566E+00    7.962627613464576E-22
     4.053253638661576E+00    8.262122127114564E-24
     4.157012718297480E+00    2.223109682697548E-25
     4.157012718324450E+00    5.400580914072696E-23
     4.205005441219147E+00    2.776755552487246E-03
     4.498727886634649E+00    3.662966752074096E-20
     4.498727887046610E+00    8.510835310299162E-21
     4.509952610557580E+00    8.048227244599194E-04
     4.883399784312956E+00    4.048915787377449E-03
     5.448863910557646E+00    2.934907243664988E-22
     5.448863910645142E+00    2.247398990542396E-20
     6.121529782132098E+00    8.017161431653516E-04
     7.212064964430177E+00    1.077657811705763E-02
     7.234153774605530E+00    1.075559851283100E-17
     7.234153788075456E+00    3.985755787018451E-15
     7.283416482289375E+00    4.878603110113523E-19
     7.353965166632649E+00    2.649724589768447E-17
     7.353965177495930E+00    4.102465239743426E-21
     9.454001265187300E+00    7.902641214210693E-22
     9.454001265360741E+00    1.882476771885274E-20
     1.077075408967285E+01    2.715493557774598E-05
     1.091980929010573E+01    4.274218117228575E-23
     1.091980929010576E+01    3.475245608626565E-22
     1.106433769513926E+01    4.152561504027301E-22
     1.106433769517718E+01    3.276476194515336E-22
     1.109958652133546E+01    1.959489038582270E-03
     1.136925539635505E+01    4.015069675173439E-21
     1.136925539673467E+01    7.979801440603518E-23
     1.170463420745977E+01    1.380826921774715E-02
     1.999021658455716E+01    1.733561634190987E-24
     1.999021658456148E+01    9.268408492841420E-26
     2.008634134606725E+01    1.147300150717409E-02
     2.228084463362098E+01    4.242726318971397E-03
     5.383065839198225E+01    5.979221036023699E-06
     5.394152205567048E+01    3.992589195582022E-24
     5.394152205567060E+01    9.438918952872146E-25
     5.403801148112834E+01    3.711386103011526E-25
     5.403801148112949E+01    1.128134662191274E-27
     5.408048247337035E+01    4.499395082548313E-04
     5.436592100330861E+01    2.648624405757897E-02
     5.437277514357449E+01    2.213597985029894E-23
     5.437277514357544E+01    1.706465361021730E-24
