     2.143566749235108E+00    1.084604598579592E-22
     2.143566749250005E+00    8.597249072047777E-24
     2.242045264922786E+00    9.303929574605472E-04
     2.575169292938043E+00    1.885046576231025E-04
     2.585173440000732E+00    6.220030159941892E-17
     2.585173447006746E+00    9.917665101699198E-18
     2.598049877936373E+00    1.735645883248453E-19
     2.685380844769155E+00    1.142724261680849E-20
     2.685380846799067E+00    3.422397876190144E-19
     2.816170762545088E+00    3.998129206567918E-22
     2.816170762614174E+00    5.669936064201001E-24
     2.915964508200391E+00    1.299654440577648E-03
     3.081337068385496E+00    2.614851022114703E-05
     3.122138429760414E+00    4.041903606707623E-22
     3.122138429768572E+00    1.992160800311563E-22
     3.167844797578662E+00    1.026844710726927E-22
     3.167844797631394E+00    1.629804152047127E-22
     3.239073287344005E+00    1.044183823678388E-03
     3.462406028069982E+00    1.084654548477191E-05
     3.481778270180744E+00    1.015355192706571E-03
     3.486002527989074E+00    8.400750824290553E-22
     3.486002527996938E+00    1.975935606570723E-19
     3.515616406088631E+00    3.328135709235911E-20
     3.515616406188156E+00    2.819195913306484E-19
     3.539457911674760E+00    2.826679955459652E-19
     3.539457911775810E+00    6.919377154539620E-19
     3.556173450840044E+00    1.515287490552304E-03
     3.576803281915124E+00    9.530201844764119E-18
     3.576803283007727E+00    1.338029152765410E-18
     3.597551331047911E+00    1.331332878858459E-21
     3.680452766778853E+00    4.595702290369706E-21
     3.680452768635766E+00    5.631429416305004E-23
     3.706091301523534E+00    1.092735960340464E-03
     3.896409786737788E+00    1.987668228531482E-23
     3.896409786748158E+00    9.113194968442386E-22
     3.941461801439770E+00    2.365016531871924E-07
     4.400048548746544E+00    8.152915737827426E-24
     4.400048549008052E+00    5.176238045345221E-22
     4.409847758946603E+00    1.080638267089833E-10
     4.409847759309072E+00    2.017629092386266E-11
     4.409847760494030E+00    3.812585210246456E-11
     4.420153326095042E+00    1.161943703658711E-06
     4.422420496268078E+00    1.480155515747616E-20
     4.422420497603988E+00    2.403735821461924E-16
     4.422432569726730E+00    3.784741095124533E-08
     4.430329920865050E+00    6.970476839393576E-22
     4.430329921982456E+00    4.904791058289975E-23
     4.437753653069567E+00    5.111603972699317E-24
     4.442858183143549E+00    4.142736188181016E-23
     4.601646692100917E+00    2.461753912248643E-05
     4.671637483184035E+00    6.411489838317428E-23
     4.671637483202665E+00    1.207831917207569E-22
     4.712220566371726E+00    6.492932355934829E-21
     4.712220567670257E+00    1.728272915194264E-20
     4.748866992788600E+00    9.191316108669783E-22
     4.748866993051102E+00    9.219065643658355E-21
     4.807159129614061E+00    5.648254917411728E-04
     4.808095867259691E+00    5.592921684676002E-18
     4.808095868388509E+00    6.900696012135382E-16
     4.810006902714066E+00    1.916984471787575E-03
     4.835300985209512E+00    3.217309836818416E-20
     4.921277644046695E+00    1.216398215908466E-21
     4.921277644245356E+00    1.371169611046728E-21
     5.060749544189457E+00    2.122823188933672E-21
     5.060749544480900E+00    1.049045810627168E-21
     5.186141141149718E+00    1.554915246388493E-03
     5.275198916480446E+00    4.370820899379046E-04
     5.505083471761059E+00    4.509936181379293E-23
     5.505083471878595E+00    1.437467393260150E-21
     5.611727787044996E+00    5.184513840042727E-03
     5.669926119182875E+00    2.822092244027029E-21
     5.669926119409138E+00    4.853830686806042E-22
     5.682819638992914E+00    8.501142256223716E-22
     5.693731323327027E+00    4.616255364712102E-06
     5.709779438427772E+00    1.072363109744462E-21
     5.709779439063692E+00    3.433755951307729E-21
     5.797518740905442E+00    4.166711369677764E-21
     5.797518741784623E+00    3.697046203716044E-20
     5.799840399535867E+00    6.497121437149886E-20
     5.799840399625946E+00    5.472578054017098E-22
     5.800996946667051E+00    1.678427732932194E-06
     6.363499337186503E+00    7.170713072929985E-03
     6.384613765996860E+00    2.207004558776941E-17
     6.384613789159437E+00    3.496170596509089E-15
     6.431676174151978E+00    8.704199792096052E-18
     6.504991335947862E+00    5.071140235291570E-17
     6.504991346849963E+00    6.531962047155776E-20
     7.186887323316021E+00    1.136380432373153E-19
     7.186887329091369E+00    2.957213704703702E-21
     7.210772106945071E+00    1.369341878027378E-10
     7.210772110697126E+00    8.006485625815476E-10
     7.210772117692790E+00    2.606480889514104E-09
     7.274055486078819E+00    6.513082508735809E-15
     7.274055492995391E+00    4.287813767367196E-15
     7.274207425896051E+00    3.818478456063160E-06
     7.282862083786501E+00    2.098599139590253E-19
     7.315615982758473E+00    1.961640436428144E-19
     7.315615993985362E+00    6.660170076154045E-20
     7.315859942904350E+00    1.265173284513430E-20
     7.598170333923910E+00    5.003947525044432E-17
     7.598170338512459E+00    2.793777423269932E-18
     7.600181361434244E+00    5.474848668739624E-05
     7.644893706923936E+00    5.941035109027844E-19
     7.644893712139374E+00    2.413630719947249E-20
     7.697275726786713E+00    1.869777395355936E-21
     7.724077392663374E+00    2.779732233452895E-04
     7.961639852083377E+00    1.427360511508409E-17
     7.961639853000612E+00    7.522290711295697E-17
     7.961774503086993E+00    3.536384011475428E-06
     8.594254071303194E+00    9.764834133103025E-22
     8.594254072200057E+00    2.181587757222379E-22
     8.725020907319045E+00    1.923261991685090E-05
     8.850957756381520E+00    6.683046474982906E-22
     8.850957756390558E+00    4.301202334648161E-22
     8.966087669008816E+00    8.852200129453608E-22
     8.966087669092733E+00    1.356724805204288E-22
     9.064486905755226E+00    4.152749861578604E-03
     9.301674305332449E+00    2.349844763040987E-21
     9.301674305419811E+00    3.582191735385523E-21
     9.477249722380966E+00    5.709932309902738E-03
     1.196503082946652E+01    1.256611141977354E-14
     1.196503083358231E+01    4.886160248938349E-13
     1.196503083554791E+01    5.483065808089517E-14
     1.197896979817026E+01    1.794405320020497E-19
     1.197896980265830E+01    4.532073165034960E-18
     1.197896980482649E+01    1.226032778485779E-16
     1.197896980789318E+01    8.768058523205980E-18
     1.200727990612008E+01    4.128398912605574E-20
     1.200727990897241E+01    3.513081706799029E-23
     1.200752737636883E+01    1.032816989951903E-23
     1.200781494621608E+01    5.422041917385782E-09
     1.201159392886601E+01    2.635881023133707E-08
     1.201164498851617E+01    4.537540473317911E-18
     1.201164499869152E+01    1.686339291014750E-17
     1.205364372601339E+01    4.376636106582019E-22
     1.205364373118960E+01    1.548641372770258E-22
     1.206681861015188E+01    3.328759409523510E-23
     1.206681861374170E+01    3.789041869409226E-23
     1.210296594751670E+01    3.295068503257173E-20
     1.210296595810393E+01    1.519046981815861E-19
     1.213330438289309E+01    8.089152914383396E-19
     1.214037891198615E+01    3.071299708117205E-06
     1.218404256687519E+01    1.933140957785420E-21
     1.218404258332730E+01    5.481126847981159E-20
     1.230215836114670E+01    2.324954203306415E-07
     1.230267611998819E+01    7.476787653627504E-18
     1.230267612149590E+01    2.463933834846441E-18
     1.241578001719930E+01    2.013014441309490E-16
     1.241578002094896E+01    7.838038627241304E-16
     1.241583824358327E+01    1.022875890039103E-06
     1.243351340409107E+01    5.381854071673876E-08
     1.243737733730264E+01    1.324360898008192E-22
     1.243841425939132E+01    7.865704711260490E-21
     1.243841426375663E+01    5.360297162509416E-21
     1.248881688362585E+01    6.245254081131253E-22
     1.248881689147968E+01    1.506112526068351E-21
     1.421239082049489E+01    1.477735874611648E-02
     1.424565618211101E+01    2.224196147945124E-15
     1.424565621016971E+01    4.523829551655270E-15
     1.434397484322879E+01    3.064635158711820E-18
     1.437540861519841E+01    6.723660615149616E-18
     1.437540861842697E+01    5.115404389467043E-19
     1.437957974739390E+01    3.530110000596686E-04
     1.441146857089217E+01    2.656019765291994E-17
     1.441146859598614E+01    4.972903923727474E-18
     1.445647516439109E+01    2.238091938718541E-21
     1.445647516516494E+01    9.088375545020104E-19
     1.449681546049002E+01    4.321074792545763E-09
     1.449681546608959E+01    2.525850571135180E-08
     1.449681546780800E+01    1.427993331849143E-08
     1.461803320012384E+01    1.554460786672273E-18
     1.462087021361444E+01    4.161075117824240E-15
     1.462087021972091E+01    4.431333748514221E-15
     1.462128793915656E+01    9.501889128619825E-05
     1.464947228695498E+01    3.332063031047808E-21
     1.464947228696016E+01    2.284516188287549E-20
     1.467843801966477E+01    1.270735608594409E-18
     1.467843802786915E+01    1.540937115460882E-19
     1.468543375557876E+01    1.965198054451481E-20
     1.474501953254025E+01    7.197943409116275E-03
     1.495766342471144E+01    9.151617591959944E-19
     1.495766344076524E+01    1.041412523653776E-18
     1.500404207908426E+01    6.689081289258564E-17
     1.500404209103349E+01    1.703903530950560E-16
     1.500794184847242E+01    1.487299438595583E-04
     1.505665103953370E+01    9.011700572070725E-23
     1.650783032435792E+01    2.043545047510566E-21
     1.650783032526514E+01    2.199338042122386E-20
     1.689505995544508E+01    1.949681142654428E-03
     2.142952090147173E+01    1.880357799639261E-06
     2.158474790653036E+01    6.682391848280204E-22
     2.158474790653861E+01    2.535309981406539E-21
     2.169696482802821E+01    5.492462275628406E-22
     2.169696482803666E+01    3.865058427307492E-22
     2.171495471852794E+01    6.941435300334882E-04
     2.202025303622820E+01    1.356434360963645E-23
     2.202025303647377E+01    1.710282342627709E-19
     2.205134055509979E+01    8.743223645480705E-03
     2.764212209151191E+01    6.867236566803091E-12
     2.764212210046832E+01    1.050085248424083E-11
     2.764212210942540E+01    1.782482366763222E-11
     2.766739110276010E+01    1.346187121620377E-11
     2.766739111530425E+01    9.676356939163045E-12
     2.766739112537669E+01    2.119091873112016E-11
     2.766739113185560E+01    4.234509792075810E-12
     2.773454095124207E+01    1.843793468956433E-17
     2.773454095725948E+01    1.721132562602349E-19
     2.773455247610606E+01    9.598789779483235E-17
     2.773459298781589E+01    6.900494654867753E-10
     2.774470372550818E+01    2.640478292076236E-08
     2.774470476503123E+01    2.289981753132758E-12
     2.774470478516385E+01    1.183208113564511E-12
     2.779875185823406E+01    7.150307963819252E-23
     2.779875188300209E+01    2.518480620425289E-24
     2.783392222556387E+01    3.111123879578255E-22
     2.783392226100057E+01    1.599330520432689E-23
     2.805964737899001E+01    5.470622963219185E-10
     2.806045869106816E+01    1.043022639238813E-21
     2.806045869254766E+01    8.635233218531568E-22
     2.807938861548488E+01    3.938608208108088E-20
     2.807938862168217E+01    2.038418965777557E-20
     2.808035419556228E+01    2.216693951924292E-20
     2.808439184661900E+01    1.065616523822564E-07
     2.820659028912783E+01    2.817864285135908E-23
     2.820659030448473E+01    6.627930372862109E-22
     3.101620315382779E+01    1.968720869232526E-19
     3.101620319573611E+01    2.170281857874814E-19
     3.105203423534410E+01    9.258771684413781E-07
     3.106134617395432E+01    1.480810019841459E-18
     3.110663280150927E+01    2.019593063287084E-20
     3.110663283457109E+01    6.625816066695665E-20
     3.126295853671888E+01    6.329625403922819E-21
     3.126295854487704E+01    4.748364599923263E-22
     3.127221790832915E+01    7.930183461768066E-09
     3.326784506537390E+01    1.631411563876780E-21
     3.326784506595606E+01    3.264006190592701E-19
     3.326798553485567E+01    2.600611519862983E-08
     3.460213719024949E+01    5.722734577128554E-20
     3.460213719446561E+01    1.571231208577565E-21
     3.465068171051385E+01    3.080395202828239E-10
     3.465068171879993E+01    5.312616936066846E-10
     3.465068172020398E+01    1.085473668562383E-09
     3.475621777500664E+01    3.797384651193813E-14
     3.475621778495273E+01    8.446854066032429E-14
     3.475623805049541E+01    5.041033303299736E-07
     3.479092871970209E+01    7.746761016777201E-24
     3.480115104889602E+01    2.002815542291905E-19
     3.480115105859925E+01    3.928482422875791E-21
     3.484169639554355E+01    1.252359217079852E-21
     3.508698989934840E+01    3.967665193658535E-18
     3.508698990414638E+01    2.825963411937595E-18
     3.511774632977941E+01    5.656515328476126E-05
     3.511917506240323E+01    2.459757705549301E-17
     3.511917506921345E+01    1.637041177959237E-15
     3.521173844083822E+01    3.054505465035671E-20
     3.649992751255076E+01    1.902251528024325E-02
     3.653214190533647E+01    1.021995418719843E-15
     3.653214192892130E+01    8.555634972154564E-15
     3.664418316293028E+01    6.039491420854662E-17
     3.670308675188824E+01    9.269081986921698E-19
     3.670308678896408E+01    1.524259321445034E-17
     3.880418529770377E+01    6.301013855928244E-21
     3.880418529808961E+01    1.499393607159152E-21
     4.183222186619331E+01    1.244803472755103E-21
     4.183222186622795E+01    9.864555868713176E-22
     4.192796636311465E+01    5.323869837179428E-03
     4.407302197254954E+01    4.492541229216757E-03
