     2.144878332935363E+00    1.691304553837896E-24
     2.144878332959043E+00    1.720705625795188E-22
     2.243441772302941E+00    9.584491539024173E-04
     2.649949187144602E+00    2.682055173209992E-04
     2.661646412098364E+00    1.316725075130445E-19
     2.661646413777186E+00    5.466368643876096E-18
     2.677143350029909E+00    2.027563590659767E-20
     2.762951602817492E+00    1.620990605803691E-20
     2.762951608129737E+00    8.609765797668931E-22
     2.970625298911389E+00    1.852355729503227E-22
     2.970625298928490E+00    4.915905110754478E-22
     3.072254918457687E+00    1.619078221673921E-03
     3.082705737457182E+00    3.053098960404540E-05
     3.123535490911743E+00    7.812158535365182E-24
     3.123535490913734E+00    1.219733088388414E-23
     3.171172654011763E+00    1.490170780480198E-24
     3.171172654023186E+00    1.255288020960066E-23
     3.245228497856802E+00    1.328342478618651E-03
     3.523263574968213E+00    8.320287486616762E-04
     3.541744165592121E+00    4.878615592710042E-23
     3.541744165690680E+00    3.048988529333836E-22
     3.578831544744949E+00    2.101360276429157E-05
     3.617449673716305E+00    1.988809231368944E-21
     3.617449673721026E+00    2.572148631840378E-22
     3.668672535631353E+00    6.527038936327516E-23
     3.668672535670467E+00    1.058814778640137E-21
     3.818882096720739E+00    8.839813353930548E-04
     3.960487237275698E+00    3.323228805581095E-03
     3.970492126009556E+00    1.727393141952294E-17
     3.970492130815252E+00    2.289487660205304E-16
     3.997657513399303E+00    3.597508090794032E-18
     4.035603823875056E+00    4.842408134248558E-22
     4.035603824037418E+00    8.745104621700722E-20
     4.079210554986991E+00    1.000355717950038E-18
     4.079210555796981E+00    4.073362780349255E-19
     4.179997077494736E+00    7.662340777281460E-04
     4.443380569002049E+00    1.446640337513400E-04
     4.884266623309140E+00    4.171937140290828E-22
     4.884266624017865E+00    5.724589517241374E-22
     5.146197297244933E+00    4.927784431214480E-22
     5.146197297649951E+00    5.588923116540876E-22
     5.162363191007140E+00    1.165141757504209E-12
     5.162363193906022E+00    2.487686040853418E-12
     5.162363196688228E+00    1.512528039708723E-10
     5.191699482906182E+00    1.679677745599514E-16
     5.191699486902603E+00    6.915528487509291E-18
     5.191731639945325E+00    2.038421560350253E-07
     5.208035975907205E+00    1.160508511754007E-21
     5.214796162100646E+00    8.433059047487875E-23
     5.214796163057964E+00    9.685323594025592E-23
     5.221584764306844E+00    5.235108571860625E-23
     5.248154348524195E+00    9.166821871295567E-06
     5.565985744910146E+00    2.208055742734425E-19
     5.565985747117202E+00    6.034788712956592E-18
     5.566616728722554E+00    1.308182963351654E-05
     5.571860972199045E+00    1.063069373987783E-19
     5.571860972703427E+00    3.411362093670107E-19
     5.610276875576696E+00    1.252067403103252E-21
     5.868873331790828E+00    3.897306332819708E-05
     5.976490558051515E+00    3.017523818183972E-23
     5.976490558072123E+00    3.447230602244754E-22
     6.088607981560918E+00    3.405149567759761E-25
     6.088607981732976E+00    2.657663150518078E-23
     6.159851280393273E+00    4.737889311431262E-19
     6.159851280878191E+00    1.809639610440143E-19
     6.185856332329984E+00    4.150272775137604E-03
     6.403559160681879E+00    1.132491304058124E-21
     6.403559161342793E+00    8.778712610816158E-21
     6.655789790411518E+00    1.475788759502926E-03
     6.921896176852780E+00    5.599611191091121E-22
     6.921896176879712E+00    4.403840050786778E-23
     7.042502665091179E+00    1.010248308716156E-02
     7.504346541102773E+00    2.586109830319856E-21
     7.504346542652626E+00    6.318721758663682E-21
     7.523907979447139E+00    7.548913215545604E-19
     7.533758958284820E+00    4.853993681374440E-06
     7.559016897065868E+00    4.879980204937826E-22
     7.559016900907423E+00    9.250207712441826E-21
     7.654116239075520E+00    7.343724722538504E-22
     7.654116240638702E+00    4.706332950918155E-20
     7.659876011863782E+00    1.660094503659450E-06
     8.103595321821343E+00    1.085260813362885E-02
     8.128934764437497E+00    3.896593227320654E-16
     8.128934768093059E+00    5.019639685618841E-15
     8.190367181710400E+00    2.453890846927250E-18
     8.260381892444979E+00    4.792013569405975E-20
     8.260381926301509E+00    2.532474260410477E-17
     9.163512302462120E+00    1.128599590416707E-03
     9.380255205701497E+00    1.491156909064763E-19
     9.380255214936444E+00    9.363738975576152E-22
     9.412817642555090E+00    2.459812625229535E-10
     9.412817646135702E+00    1.151277752726374E-09
     9.412817655293384E+00    1.100407003518427E-09
     9.506698322190465E+00    2.592712014487311E-15
     9.506698328897409E+00    1.246685342023872E-14
     9.506897957855665E+00    4.910013612055360E-06
     9.507323156719025E+00    3.032119037268728E-17
     9.551642479113131E+00    3.571451396317823E-19
     9.551642493256228E+00    1.651446596956269E-20
     9.558896452521456E+00    3.209243517729539E-21
     9.674886860828387E+00    5.289081471686384E-19
     9.674886863362484E+00    2.098136982916197E-17
     9.676215936577378E+00    3.798888627880990E-05
     9.820741731615893E+00    2.007727611266961E-20
     9.820741734915845E+00    9.836652610241506E-21
     9.932383842670360E+00    3.935874231556777E-22
     9.942785731551883E+00    1.122652560504365E-17
     9.942785736738784E+00    3.154488716457022E-17
     9.944536167559155E+00    4.983520962884530E-05
     1.040842436492381E+01    7.922017988440289E-21
     1.040842436723289E+01    3.083391039261207E-24
     1.550837537389650E+01    1.079129357274288E-05
     1.566083185902203E+01    5.570844036595340E-22
     1.566083185902586E+01    8.068911294968485E-23
     1.578869354709673E+01    5.720574877493028E-22
     1.578869354713065E+01    1.595535446013091E-21
     1.580976003058815E+01    5.969970700456615E-04
     1.609509368733590E+01    7.725896681391298E-21
     1.609509368767814E+01    2.538915985292902E-22
     1.624029307907632E+01    1.279561015888720E-02
     1.804417301030514E+01    1.494608350123508E-20
     1.804417302601233E+01    2.115500296436183E-19
     1.808060070764573E+01    1.935543037425289E-06
     1.808248812082433E+01    9.737055513839618E-19
     1.812787748971565E+01    4.829534786419129E-21
     1.812787750562898E+01    2.522489423216913E-22
     1.826553063932791E+01    1.552868316650070E-19
     1.826553064904067E+01    4.261671167893739E-22
     1.827449604562663E+01    1.737690044740105E-07
     2.029292968156842E+01    1.661945244366647E-17
     2.029292968184334E+01    1.570603921477821E-17
     2.029298832125910E+01    2.425779073277797E-06
     2.161979044759637E+01    2.277228630914825E-02
     2.165470876490740E+01    1.363152836894860E-14
     2.165470879606097E+01    7.230576330829427E-15
     2.176208398286046E+01    3.311007366956875E-19
     2.182697235941627E+01    4.933774817511738E-17
     2.182697239747906E+01    1.272216734135127E-19
     2.211071583380697E+01    3.553212640474604E-19
     2.211071587082033E+01    4.846656407286878E-19
     2.215828228440639E+01    2.606420234779660E-08
     2.215828229411046E+01    4.715339876382875E-12
     2.215828232342545E+01    1.844220222102122E-08
     2.229066568838994E+01    9.683224116317805E-15
     2.229066569862527E+01    1.156181312036232E-13
     2.229100086220749E+01    3.860727250968372E-05
     2.229689610660479E+01    2.716752882973518E-19
     2.234736266548058E+01    4.646219984477800E-19
     2.234736270299531E+01    9.483026380247349E-19
     2.236688501922671E+01    1.566067552998739E-18
     2.260705340352557E+01    1.951849061349835E-19
     2.260705344018838E+01    6.920842515754103E-18
     2.264209637369353E+01    2.377323414389816E-17
     2.264209638435314E+01    4.666179234832447E-15
     2.264754531356321E+01    3.519799177792808E-04
     2.274132901474202E+01    1.672348003499340E-17
     2.396400666341357E+01    2.544612926159025E-20
     2.396400666389855E+01    1.924128345998355E-20
     2.397944807646172E+01    5.891525851026072E-21
     2.397944807653316E+01    3.545852976512128E-21
     2.407388135499778E+01    7.445631303424670E-03
     2.623690208992018E+01    3.508333277516428E-03
     5.365402314538144E+01    7.831569907278167E-06
     5.377955718367880E+01    6.392359732692084E-25
     5.377955718367978E+01    1.652919032594252E-23
     5.387092597396078E+01    1.742728434072520E-23
     5.387092597396709E+01    1.469509909732648E-26
     5.388238926204111E+01    2.382767879655828E-04
     5.417053152906387E+01    2.113174199166269E-02
     5.421091526353214E+01    1.444772068040263E-22
     5.421091526354207E+01    3.773191094277115E-23
