     2.146649043353654E+00    9.153677286585585E-24
     2.146649043375846E+00    1.888785085959204E-24
     2.245332131740886E+00    9.991177486201957E-04
     2.806244588329913E+00    4.174844761995091E-04
     2.820449649233631E+00    1.602902458841934E-20
     2.820449650156164E+00    2.922821099754508E-21
     2.840381232713291E+00    4.219016257055874E-20
     2.923652023581786E+00    6.393112280413609E-21
     2.923652023988380E+00    1.082390669618880E-21
     3.086266046836903E+00    2.852905993040240E-05
     3.127066786181633E+00    3.859099994186216E-24
     3.127066786183321E+00    4.263995949182381E-24
     3.142032283266386E+00    1.224718013646610E-22
     3.142032283282548E+00    1.988695144687105E-22
     3.190671027894539E+00    7.456424048410714E-23
     3.190671027972809E+00    1.203583695995903E-23
     3.245341249136395E+00    7.462913912888985E-06
     3.267812645932833E+00    3.756364867799492E-03
     3.547012188406319E+00    4.332393658493159E-19
     3.547012188459050E+00    4.901387203374124E-22
     3.547758667609963E+00    5.047150498325317E-04
     3.705219636537026E+00    2.684748541260134E-05
     3.757797149073820E+00    1.025419003821590E-23
     3.757797149080476E+00    2.401937742654419E-21
     3.828526664752649E+00    1.415706463240560E-22
     3.828526664806040E+00    1.027679541811203E-21
     3.953900604133155E+00    2.367925031722046E-03
     4.183439538414174E+00    6.518371587429421E-22
     4.183439538476736E+00    1.057216430338184E-21
     4.413370981050183E+00    5.934305058287241E-04
     4.465351672946085E+00    6.370581419561434E-04
     4.791990090753380E+00    5.040200793972118E-03
     4.806113329161709E+00    1.096730778433581E-15
     4.806113337373850E+00    8.428591725907953E-17
     4.841133111435213E+00    3.898269788941125E-19
     4.918473716809408E+00    1.261415127386750E-18
     4.918473721636271E+00    7.603120864507687E-18
     5.053616677871410E+00    2.885851132559875E-21
     5.053616678239764E+00    1.144551593586260E-20
     5.472043422936779E+00    2.401851230560848E-04
     6.366829533389467E+00    3.206101074084221E-21
     6.366829538831150E+00    1.963172093818977E-22
     6.393124922614171E+00    6.185668063655372E-10
     6.393124927817853E+00    2.513389803318824E-10
     6.393124931732790E+00    2.023037279442219E-10
     6.454639954338750E+00    7.098281368886777E-16
     6.454639958424367E+00    1.176176632063305E-16
     6.454749612779087E+00    8.053244271881002E-07
     6.464090870293058E+00    8.520785168432186E-21
     6.485814611635448E+00    2.300666966305284E-21
     6.485814616248902E+00    1.930298578006118E-21
     6.495432356157552E+00    7.530230990165383E-21
     6.752080217349625E+00    1.123568712604556E-21
     6.752080218192752E+00    2.068956923679655E-20
     6.818489309302091E+00    3.167981923657514E-17
     6.818489314972931E+00    3.893715468538953E-17
     6.820713834963783E+00    2.577412597766778E-05
     6.878967882300550E+00    4.674115343507500E-20
     7.106748201367886E+00    1.191537716387163E-20
     7.106748207478489E+00    8.854228765270210E-21
     7.376289185352261E+00    3.693706750643817E-05
     7.509232919397308E+00    3.779219002267023E-23
     7.509232919420707E+00    1.751054078590910E-21
     7.639775106532666E+00    8.822671867609868E-23
     7.639775106620385E+00    1.896757270514728E-22
     7.673689421472143E+00    3.897621423662437E-03
     7.892376406448800E+00    2.820297112073771E-20
     7.892376406892549E+00    3.210196261576135E-21
     8.213532656307084E+00    2.176883663372394E-03
     8.518872820853321E+00    9.446753965205744E-22
     8.518872820884408E+00    2.600795722334674E-22
     8.641062313592329E+00    1.424505088188681E-02
     1.075924341877550E+01    1.614266764706405E-03
     1.235024160939276E+01    1.926409700604444E-02
     1.238014397977256E+01    5.203090545074308E-15
     1.238014398894034E+01    4.634430894710195E-16
     1.245869816947518E+01    5.861351470381644E-17
     1.252592839598126E+01    2.389488989309234E-17
     1.252592842640625E+01    8.751659794156896E-17
     1.356099184244470E+01    4.300435105862054E-22
     1.356099186013532E+01    2.774952961037014E-19
     1.360340797564493E+01    1.233705239326830E-08
     1.360340798099208E+01    1.460006329754408E-10
     1.360340800036326E+01    4.336704888821310E-09
     1.372542022123255E+01    1.913891258168524E-17
     1.373239935431324E+01    1.213072564453198E-18
     1.373239937381202E+01    5.758415348828555E-14
     1.373274257774219E+01    1.438211383285567E-05
     1.377761852990364E+01    1.651397047104266E-19
     1.377761855438060E+01    3.707365631518799E-18
     1.379566824739518E+01    1.977420812516251E-19
     1.401491617495087E+01    6.513868422213449E-19
     1.401491618664170E+01    7.784170479486219E-19
     1.405778486179654E+01    3.357454730127341E-18
     1.405778486629280E+01    2.741375453115947E-18
     1.406187227779402E+01    1.276182800469078E-04
     1.416280438714295E+01    7.552840452991645E-20
     1.470820314887806E+01    6.730391139762679E-22
     1.470820315024597E+01    6.981440599321689E-21
     2.505648489107032E+01    9.350985267775177E-07
     2.520333473644918E+01    1.022297719043257E-22
     2.520333473645298E+01    1.229940737650203E-22
     2.531977339940430E+01    2.327956821292159E-25
     2.531977339941578E+01    8.464992958830733E-27
     2.534364464156737E+01    2.605568823713733E-05
     2.563879330620468E+01    1.151084389578584E-21
     2.563879330633288E+01    3.616971734915399E-22
     2.571589497867155E+01    1.785462388307927E-02
     3.465366732170655E+01    6.534402758027707E-24
     3.465366732171236E+01    2.832272823699383E-25
     3.474863984761132E+01    8.247884549098455E-03
     3.691766167932507E+01    5.406790002723150E-03
