     2.243088622579065E+00    1.062691126716364E-23
     2.243088622617857E+00    4.134263818172340E-23
     2.342642930375638E+00    1.516853816213808E-03
     2.913085686998458E+00    6.536986278161939E-04
     2.928589116852821E+00    2.935720021139191E-19
     2.928589117495145E+00    1.030164850485377E-18
     2.949222018268188E+00    4.976193705266225E-20
     3.032466380921918E+00    3.054688916985808E-22
     3.032466382845092E+00    1.216277249404461E-21
     3.092179875412234E+00    3.329904523070829E-05
     3.138465041943873E+00    1.398554772671172E-22
     3.138465041945814E+00    8.691395908996103E-22
     3.194162372997158E+00    2.462923837785114E-22
     3.194162373055923E+00    3.682505385034791E-24
     3.290991464321519E+00    2.048533786033574E-03
     3.557744723920214E+00    1.251319956435092E-22
     3.557744724079836E+00    5.696608708164687E-23
     3.603618341516703E+00    2.449209693866604E-04
     3.918372765883500E+00    2.540359842747757E-05
     3.969673606552056E+00    2.697319291077708E-22
     3.969673606558203E+00    4.282928273549845E-23
     4.022231455053254E+00    3.787349994716791E-22
     4.022231455115715E+00    3.523582937339521E-22
     4.131928074096608E+00    2.095940599472718E-03
     4.138279084864021E+00    3.271341241472093E-21
     4.138279084935874E+00    1.064804323152503E-22
     4.234016451242637E+00    2.216833472682820E-03
     4.413000532701086E+00    1.261647775252898E-21
     4.413000532932822E+00    9.453560900022702E-23
     4.568109919556836E+00    1.661636887850826E-03
     4.587767318225316E+00    1.553952177781159E-04
     4.994293289730318E+00    5.126511676136813E-03
     5.010099201796199E+00    1.680382694862303E-18
     5.010099207771803E+00    7.727332906065455E-18
     5.046637997649506E+00    1.956019569357928E-17
     5.122578309122970E+00    4.388725904190878E-20
     5.122578310079666E+00    2.848224370660811E-18
     5.136247091180393E+00    8.822419825976798E-21
     5.136247091834320E+00    1.052962945889122E-19
     5.655294740237133E+00    4.340443622742887E-21
     5.655294743555478E+00    4.968364068666378E-21
     5.675438279859807E+00    2.599367038977111E-10
     5.675438282754009E+00    1.463650514916078E-10
     5.675438286729263E+00    6.303614876278795E-12
     5.718287553209858E+00    3.682430341485399E-16
     5.718287561979229E+00    3.098052655233381E-16
     5.718379853901934E+00    2.418234521115859E-06
     5.732373765880386E+00    6.653510376054631E-23
     5.753173287022943E+00    3.543620524084191E-21
     5.753287801109368E+00    1.269241801797598E-20
     5.753287805798095E+00    9.619143252118804E-22
     6.081865502250766E+00    3.958664412908761E-17
     6.081865505970772E+00    8.129689606851821E-17
     6.082690546051198E+00    2.912657947293949E-05
     6.110492742431568E+00    1.089476557754740E-19
     6.110492746254640E+00    8.028973014791079E-20
     6.137054557623693E+00    3.322379788032525E-24
     6.265303819214250E+00    2.786961905619476E-05
     6.266666927660591E+00    4.859956982247744E-04
     6.361003116011552E+00    1.446672204112473E-21
     6.361003116025944E+00    4.040760917732854E-22
     6.452607138600459E+00    1.890057432845236E-25
     6.452607138640469E+00    7.090535769403712E-22
     6.735997314208809E+00    4.501419979381342E-03
     6.768248708980482E+00    5.475382484458307E-20
     6.768248709271413E+00    3.058304976165244E-20
     6.986429777096870E+00    3.635246904788360E-03
     7.247997390161424E+00    3.574049674602535E-20
     7.247997391150419E+00    1.378229966422500E-20
     8.212122634308866E+00    1.920128746228535E-19
     8.212122644059807E+00    9.320139194640600E-20
     8.233522866215839E+00    3.056036791556882E-19
     8.242441370539604E+00    4.705996939667495E-06
     8.270098407229334E+00    3.965260873364570E-20
     8.270098413236727E+00    2.359659022630885E-22
     8.368451167009036E+00    3.311326820612744E-19
     8.368451179242113E+00    1.200799433110043E-22
     8.374745124796952E+00    8.791378530672103E-07
     1.010500183444335E+01    9.608984122632964E-03
     1.010789945220539E+01    1.815424860903954E-14
     1.010789945576255E+01    1.233087108299185E-14
     1.014058382485532E+01    6.180548613799325E-16
     1.014058384367552E+01    3.130817789962927E-16
     1.020972876432217E+01    5.742977612314757E-17
     1.021471806508642E+01    7.180989051449057E-03
     1.027726421640000E+01    4.297195278984690E-18
     1.027726423455238E+01    4.734897963596077E-17
     1.045611378986147E+01    3.690682946812941E-16
     1.045611379029358E+01    1.018744701744896E-17
     1.045618867880807E+01    1.088081792023215E-05
     1.097681819458531E+01    3.197466534706686E-20
     1.097681820057997E+01    1.234618481548431E-19
     1.101315056654545E+01    9.645958739892214E-10
     1.101315057228527E+01    3.661211458122764E-09
     1.101315057801985E+01    9.922603300276283E-11
     1.111742467344876E+01    7.764984358401390E-16
     1.111742467989977E+01    4.290530281755769E-15
     1.111768550440010E+01    1.114346368670272E-05
     1.111823565596160E+01    1.728619583696561E-18
     1.117053129343696E+01    2.676541936305129E-19
     1.117053129536720E+01    6.536616793758854E-20
     1.117445394754188E+01    6.225938330577813E-24
     1.145180375279916E+01    5.937248886705171E-18
     1.145180376756906E+01    1.102392137520916E-17
     1.146094111174638E+01    3.125393355495850E-16
     1.146094112355786E+01    5.794303186430740E-16
     1.146301336179883E+01    1.143933879653764E-04
     1.154415754417239E+01    1.680417179813434E-20
     1.224319495467401E+01    6.998858954316880E-04
     1.237592276031409E+01    2.791653077856959E-20
     1.237592276200629E+01    7.012857706895727E-20
     1.259970464907258E+01    1.303667890504762E-05
     1.273978686390043E+01    5.068957372426950E-22
     1.273978686397213E+01    5.170185159780201E-24
     1.284814806859657E+01    2.626128320630163E-21
     1.284814806864031E+01    1.141720940231187E-21
     1.299485303832498E+01    4.742555750166749E-03
     1.319158388906253E+01    9.356203453161331E-20
     1.319158388920652E+01    1.638753994382199E-20
     1.329222728458861E+01    5.814302089911064E-03
     1.664251832035060E+01    1.035357848215027E-12
     1.664251832188355E+01    1.890279416186239E-12
     1.664251832480126E+01    4.768811062782655E-13
     1.666158282981252E+01    4.538682622263674E-16
     1.666158283196254E+01    4.675187954173133E-16
     1.666158283483720E+01    2.111690144523196E-17
     1.666158283821825E+01    1.103487950616175E-15
     1.671077766639118E+01    1.729219014369144E-19
     1.671077767120132E+01    4.909899533489137E-19
     1.671078328768536E+01    8.240606449866876E-20
     1.671080336808842E+01    2.193086723396762E-11
     1.671997057177126E+01    2.892046668653169E-10
     1.671997202933078E+01    5.704411833492275E-16
     1.671997203296862E+01    1.881623373835224E-15
     1.676434847852383E+01    1.347962949934189E-24
     1.676434848694894E+01    9.985828536783421E-24
     1.678922236116077E+01    5.171990033750659E-26
     1.678922237001064E+01    1.066021402778976E-25
     1.706617083698734E+01    2.393077099691207E-09
     1.706659641195066E+01    9.716340084216102E-22
     1.706659641877840E+01    8.822735034258505E-21
     1.706894038696268E+01    1.261069355586604E-20
     1.706894039312781E+01    1.016842194224452E-20
     1.706927552388589E+01    5.006891159206034E-21
     1.707125337856505E+01    1.220059257350059E-09
     1.716986672146472E+01    9.011515476858726E-26
     1.716986673006772E+01    1.925331180694652E-24
     1.985581472943158E+01    2.836289612299022E-19
     1.985581473475061E+01    2.718633374445772E-19
     1.989119062979812E+01    6.393424732090384E-06
     1.989524125260998E+01    1.765774073244996E-17
     1.993971226617665E+01    2.753416773765176E-22
     1.993971227294619E+01    2.967207703781853E-20
     2.007983620364680E+01    5.472128963099744E-19
     2.007983621956246E+01    6.957826181076900E-20
     2.008883429113070E+01    4.591958933273883E-07
     2.210352766302089E+01    2.390732849064637E-17
     2.210352766313947E+01    9.132303659078707E-18
     2.210358155344498E+01    2.850516614744747E-06
     2.281730373293024E+01    1.625924680388256E-02
     2.285286368591224E+01    4.724108434860031E-17
     2.285286369929797E+01    1.972268999371493E-15
     2.297094559201201E+01    2.888102191461703E-18
     2.303368467803023E+01    1.328569953793250E-16
     2.303368470211626E+01    1.165471161155842E-18
     2.339622906070932E+01    1.075180917530017E-18
     2.339622907186729E+01    3.031966546555383E-19
     2.344340979309638E+01    7.100488953752598E-10
     2.344340980237939E+01    3.894287550440599E-08
     2.344340981363700E+01    2.901617285688840E-09
     2.356129808901051E+01    2.959498226748461E-14
     2.356129810962666E+01    4.054968479596462E-14
     2.356151955494163E+01    1.423438454970879E-05
     2.357987190937085E+01    2.535473360209320E-19
     2.360546768023156E+01    1.753552029020467E-18
     2.360546769545029E+01    1.956467686797953E-18
     2.364174011657621E+01    7.688151902879582E-20
     2.387527085881596E+01    1.046713984186835E-17
     2.387527086648888E+01    1.773392749103169E-19
     2.391220913312381E+01    1.037801117837957E-15
     2.391220915412857E+01    1.002279130768088E-16
     2.391597921740492E+01    1.226982286987721E-04
     2.401455549236285E+01    5.165844104776680E-19
     2.513994926447853E+01    1.390059127048870E-20
     2.513994926578739E+01    1.007405210264285E-21
     2.741437179525116E+01    1.099279139027786E-22
     2.741437179526934E+01    1.261629989515934E-23
     2.751601236846472E+01    4.861012170464423E-03
     2.902635114362912E+01    1.517345069952029E-10
     2.916197283959960E+01    1.983567153730106E-03
     2.918344545113336E+01    4.518989499994261E-22
     2.918344545117360E+01    8.039995761748745E-22
     2.928209751711037E+01    5.275068569751156E-22
     2.928209751711818E+01    2.017240229028463E-22
     2.946752586152818E+01    1.296707142911114E-02
     2.963012073550699E+01    7.381749205284143E-23
     2.963012073569027E+01    2.179741238201437E-21
     2.990396730628575E+01    2.084640161556800E-04
     3.284573174922981E+01    6.687664873987712E-13
     3.285466832506377E+01    2.602136103942126E-25
     3.285466833788215E+01    7.083030302467014E-25
     3.289349256870798E+01    3.403328906316375E-28
     3.289349257939144E+01    6.881403984076607E-26
     3.292021010195845E+01    2.576671473294530E-26
     3.294882438965750E+01    3.203305045096237E-26
     3.294882440322960E+01    2.243340466564161E-27
     3.302890874302681E+01    4.506654130310017E-16
     3.310683835414238E+01    1.712057379355206E-26
     3.310959127259511E+01    8.712926028899492E-27
     3.310959128615826E+01    5.719595394313930E-26
     3.510895311504327E+01    1.362975811797372E-14
     3.510907588078780E+01    3.290718045140898E-26
     3.510910448859872E+01    2.997324207680666E-26
     3.510910448911563E+01    2.358349658258416E-27
     4.421309349939460E+01    7.590177778724378E-13
     4.421309351601850E+01    1.567929790614620E-12
     4.421309352536871E+01    1.938621859060778E-14
     4.424271496991863E+01    3.869113993746187E-14
     4.424271498934247E+01    1.160141540265077E-14
     4.424271499698065E+01    3.924852373319085E-14
     4.424271500339950E+01    1.511179987827296E-14
     4.431775598359447E+01    2.082954496343364E-18
     4.431775599032692E+01    1.129978009929353E-18
     4.431775974055348E+01    1.139819013247522E-20
     4.431777248748882E+01    6.492159348331834E-12
     4.432814149373318E+01    4.506283753353530E-13
     4.432814150624810E+01    8.490684060014250E-13
     4.432814151973123E+01    5.451637029242073E-14
     4.439407619813949E+01    5.257014259408342E-24
     4.439407621000013E+01    3.360528392143014E-25
     4.443268098772220E+01    1.632423737360906E-24
     4.443268100417770E+01    1.987763465578001E-26
     4.464191969012004E+01    3.746184369208797E-09
     4.464227419670478E+01    2.821271588270097E-18
     4.464227421822908E+01    9.642723063277546E-19
     4.466843162661109E+01    9.493354259467496E-21
     4.466843163957567E+01    2.089932229296335E-21
     4.466894655761927E+01    5.244724598811307E-22
     4.467090137958697E+01    4.514199197408159E-10
     4.480636318138703E+01    4.618428623390216E-24
     4.480636318935569E+01    2.326986426948364E-23
     4.917043838597239E+01    1.091391793070709E-18
     4.917043840910415E+01    8.459096004589118E-20
     4.920710006682710E+01    3.467444186163911E-06
     4.921819844183167E+01    6.267381539774369E-20
     4.926447012063044E+01    1.749155156432867E-20
     4.926447014522167E+01    5.697545408866991E-22
     4.942805303394267E+01    1.209201548073002E-19
     4.942805307937746E+01    1.138050233477754E-18
     4.943755139844855E+01    1.246721935388807E-07
     5.145713892630918E+01    3.240617921700653E-18
     5.145713892798331E+01    1.586535990405732E-17
     5.145723210129268E+01    4.453199604516806E-07
     5.398298039194460E+01    2.906132737964230E-20
     5.398298040592523E+01    5.009564636541522E-20
     5.402962544150124E+01    7.494459361109725E-09
     5.402962545666215E+01    3.278604898397588E-09
     5.402962548248390E+01    1.076842727440083E-09
     5.410373858298535E+01    1.696614417720260E-06
     5.410375029988871E+01    2.875896200636432E-12
     5.410375032188547E+01    2.460061908365868E-16
     5.412797920377511E+01    2.915640337010913E-19
     5.412797922091701E+01    7.656105806278277E-22
     5.416381548563179E+01    4.005344946785111E-21
     5.419479695274321E+01    1.418080587846223E-20
     5.442619023053809E+01    7.705264161687274E-17
     5.442619025275239E+01    6.129405217243632E-16
     5.444730163376155E+01    9.146125472304997E-04
     5.445841900827729E+01    1.084919657274805E-17
     5.445841904692863E+01    1.872019537642188E-15
     5.456377346089114E+01    9.099362250372214E-18
     5.494469603068980E+01    1.181084093022543E-02
     5.497213303725551E+01    8.372777874885203E-15
     5.497213306097569E+01    3.407788467200086E-16
     5.508286717670440E+01    2.327455565842361E-18
     5.513568707472833E+01    4.226594881079436E-18
     5.513568711123257E+01    8.460046543843502E-19
     5.724452255665899E+01    7.455949877576848E-21
     5.724452255704890E+01    1.631225760519394E-20
