#   31.879992288148891     
    -2.973883775996465E+01    1.069192956647659E-51
    -2.973883775996438E+01    8.779023679778883E-53
    -2.964087790471702E+01    2.095783438177513E-04
    -2.953947147776537E+01    4.770305073699373E-57
    -2.953947147776192E+01    5.327767906705131E-60
    -2.952977622083571E+01    3.372176626518297E-65
    -2.952621469725084E+01    6.452499963021217E-60
    -2.952422245411197E+01    2.554669910537868E-57
    -2.952422245410551E+01    1.911714437172864E-57
    -2.943083465209834E+01    1.746122182284557E-12
    -2.943083465209546E+01    2.923323051425370E-12
    -2.943083465209467E+01    2.377635049254034E-15
    -2.942971982679836E+01    3.013087573012720E-06
    -2.942632815197088E+01    1.946628079693825E-49
    -2.942632815193728E+01    1.364265816534702E-43
    -2.942143468225069E+01    2.762857242131405E-57
    -2.942129316891399E+01    4.880393743412619E-50
    -2.942129316891379E+01    9.396044570452323E-46
    -2.941947118815441E+01    2.343983443379710E-57
    -2.941947118767766E+01    2.596005129286535E-61
    -2.941348121750902E+01    6.317270059019423E-65
    -2.941032739638879E+01    4.239117813910372E-63
    -2.940579547159203E+01    2.358724803605012E-50
    -2.940579547097826E+01    3.393979480800965E-47
    -2.932947144179188E+01    1.699420723283728E-47
    -2.932947144177639E+01    6.385880453569246E-42
    -2.932676528547047E+01    3.108486154676365E-06
    -2.931296317414920E+01    3.063924158430479E-13
    -2.931296317384862E+01    1.868619815625172E-12
    -2.931296317375917E+01    1.482981574805907E-14
    -2.930951282373531E+01    6.505153519736392E-06
    -2.930857565193307E+01    1.791287077308269E-33
    -2.930857565182171E+01    6.316728290011090E-36
    -2.930677499324638E+01    7.671555309860945E-55
    -2.930488429694450E+01    1.204931943613544E-36
    -2.930488429686255E+01    3.499568985160055E-39
    -2.928168008502151E+01    1.431222976683657E-56
    -2.928168008170729E+01    1.235833268268742E-59
    -2.927242079019175E+01    1.584569456813130E-64
    -2.926662643363524E+01    2.393104018277361E-60
    -2.925844925972844E+01    3.611364423728545E-44
    -2.925844925597833E+01    3.168696578151841E-41
    -2.921224636210768E+01    1.751227396749415E-44
    -2.921224636192596E+01    4.314339153449058E-43
    -2.920941046324499E+01    2.472390776520218E-06
    -2.917278990171959E+01    5.697653686578086E-13
    -2.917278989988901E+01    4.488558544668186E-12
    -2.917278989924542E+01    7.338602167883271E-15
    -2.916727985993563E+01    1.002346066993275E-05
    -2.916365386351953E+01    4.216510846542258E-32
    -2.916365386214528E+01    5.183971277571958E-35
    -2.916287222501331E+01    4.433167242010454E-51
    -2.913695459527924E+01    9.817266707867694E-39
    -2.913695459521924E+01    1.252734235196013E-41
    -2.907011032374656E+01    5.123852016076309E-43
    -2.907011032232866E+01    9.551244087936720E-45
    -2.904434445080883E+01    1.641030442661465E-56
    -2.904434444216171E+01    2.626786497690500E-56
    -2.904017754060133E+01    1.866314381697785E-05
    -2.903023610423400E+01    1.589157080679253E-60
    -2.901980895902926E+01    2.239973315094756E-57
    -2.900382245849040E+01    1.997070245304733E-40
    -2.900382245001209E+01    4.459468897667373E-38
    -2.893185025276012E+01    4.981414286292663E-13
    -2.893185024863486E+01    5.069534937630936E-12
    -2.893185024667882E+01    2.773943752150115E-14
    -2.892146832359422E+01    3.480592845707908E-05
    -2.891603771247031E+01    3.335677207571319E-49
    -2.891389274230576E+01    1.671877036086683E-31
    -2.891389273907800E+01    1.447623555182032E-33
    -2.882446212006899E+01    1.251254519414845E-40
    -2.882446211562462E+01    2.581834025803091E-42
    -2.879904525419380E+01    1.663297447340699E-07
    -2.875946296534201E+01    5.804201476992140E-53
    -2.875946296533771E+01    3.148213691462456E-55
    -2.871284441497547E+01    2.005578094252445E-43
    -2.871284441478334E+01    3.954258034163375E-42
    -2.864259618125378E+01    1.543591440152840E-04
    -2.863033917222705E+01    9.637068856901517E-38
    -2.863033917213043E+01    7.395198445148297E-39
    -2.862905802452748E+01    1.674273373877062E-55
    -2.862905801316195E+01    3.039713845888406E-61
    -2.860758412558089E+01    6.437626682547167E-62
    -2.858939625548723E+01    3.731134059854549E-59
    -2.856376828869357E+01    3.002778532897386E-38
    -2.856376827994164E+01    2.590977878357675E-37
    -2.854090273704272E+01    2.020892766825106E-05
    -2.851116848702626E+01    6.080330995747676E-14
    -2.851116848254316E+01    7.043993852522662E-13
    -2.851116847910890E+01    2.309059069838670E-14
    -2.850505381122080E+01    3.373763431515915E-09
    -2.849715910620701E+01    4.070842622766611E-51
    -2.849715910620640E+01    7.868703257432867E-52
    -2.849019905320537E+01    1.146475478257754E-05
    -2.848991932477565E+01    1.214369292305439E-28
    -2.848991932410728E+01    2.084740804599348E-29
    -2.848543848985071E+01    1.767264002788394E-52
    -2.846726050413025E+01    8.707932394247723E-27
    -2.846726050219421E+01    1.647233945325474E-27
    -2.846650093911633E+01    1.580207882063404E-03
    -2.839434929406521E+01    3.120937860240372E-39
    -2.839434928799821E+01    1.060803496670382E-39
    -2.836026788772849E+01    1.220624341351903E-04
    -2.834925646529424E+01    4.906465572039959E-09
    -2.834053437913716E+01    9.471996014327799E-43
    -2.834053437906630E+01    4.296227834043380E-42
    -2.833932474543023E+01    1.463935068117381E-47
    -2.833932474542712E+01    2.298068325583415E-50
    -2.832461766575160E+01    6.276050148123758E-41
    -2.832461766572027E+01    7.968774305043602E-41
    -2.823436591543422E+01    1.168087085482869E-06
    -2.809813016174142E+01    1.152023410989482E-05
    -2.809472104136606E+01    8.235866211233435E-48
    -2.809472104135611E+01    1.897369815591904E-44
    -2.805481149911467E+01    1.339106625673185E-08
    -2.803720197406470E+01    9.163822739578033E-46
    -2.803720197404499E+01    4.917371454764601E-54
    -2.801507472667939E+01    1.182974201510466E-44
    -2.801507472662473E+01    6.617931223324029E-43
    -2.797806255957804E+01    7.531007147764175E-05
    -2.793625289908120E+01    3.617838497383121E-44
    -2.793625289905467E+01    2.029589751392615E-43
    -2.787908207234734E+01    1.216053880706804E-06
    -2.785846382284836E+01    7.356099286818144E-56
    -2.785846380936486E+01    6.273020578954935E-53
    -2.782625733761740E+01    7.094538162553848E-59
    -2.779699661153506E+01    5.615792646629825E-57
    -2.776925685410686E+01    3.470037557191165E-35
    -2.776925684740838E+01    1.855655008492280E-34
    -2.773291253376797E+01    9.162756233014689E-14
    -2.773291252881962E+01    1.649325313510860E-12
    -2.773291252471743E+01    3.251731745382075E-14
    -2.769803762173652E+01    1.965035382396487E-03
    -2.769181456051454E+01    4.297188396144927E-49
    -2.765512765017741E+01    9.521600884280901E-34
    -2.765512765008394E+01    7.920990261368072E-33
    -2.763329662814635E+01    1.895152921883655E-06
    -2.763061520940848E+01    4.065505342646902E-38
    -2.763061520928941E+01    7.527061068421041E-38
    -2.760255311870931E+01    6.933318280736600E-38
    -2.760255311057931E+01    2.822851301203813E-39
    -2.745647432191773E+01    3.755437803413903E-11
    -2.745393672576107E+01    2.918422892171572E-08
    -2.742389703157749E+01    9.296647303720561E-44
    -2.742389703149244E+01    8.078616487395970E-44
    -2.738836525091570E+01    1.341459397400155E-43
    -2.738836525081311E+01    1.593053541965963E-41
    -2.727236826696698E+01    7.864750856564437E-04
    -2.717573284956418E+01    1.329200686337344E-44
    -2.717573284956044E+01    1.163441934291754E-44
    -2.715470964117373E+01    9.504665252415159E-06
    -2.706026899927615E+01    3.421094049612712E-46
    -2.706026899909094E+01    3.353295618194890E-46
    -2.704622558485308E+01    6.200755200564111E-07
    -2.702644445358271E+01    3.439980835592546E-46
    -2.702644445351236E+01    5.762361877039946E-43
    -2.698808592056234E+01    9.656461923630734E-07
    -2.691877394643429E+01    1.173220641864875E-42
    -2.691877394501115E+01    4.283255298906275E-45
    -2.686763480713847E+01    2.327893131840680E-06
    -2.678191854702954E+01    1.486796489856915E-41
    -2.678191854695405E+01    3.341289602100640E-48
    -2.668836899732408E+01    1.338366395503409E-03
    -2.668144337392239E+01    1.033503766309887E-47
    -2.668144336956846E+01    5.468234305705785E-45
    -2.643644168189703E+01    1.892061561969390E-49
    -2.643644166475999E+01    7.751699071598247E-47
    -2.639273208603284E+01    1.063674218929049E-59
    -2.636145739633859E+01    2.046552472647857E-07
    -2.635159998664895E+01    1.763669037528171E-53
    -2.633049681481341E+01    8.222990107842357E-38
    -2.633049680870945E+01    1.380796054769095E-33
    -2.630330623161890E+01    4.678794811700431E-11
    -2.630330622492858E+01    1.457705314071275E-09
    -2.630330622085788E+01    9.250166704736807E-15
    -2.627853016012920E+01    3.112787952739531E-35
    -2.627853015472299E+01    3.161199869697977E-39
    -2.627153818634958E+01    4.327624169908572E-08
    -2.626017064377810E+01    7.143465795482264E-03
    -2.624863027249885E+01    3.216092829203292E-41
    -2.624863027168323E+01    1.671992342574850E-39
    -2.624233169107043E+01    1.158569758302625E-48
    -2.621558158175830E+01    3.133380159247043E-41
    -2.621558158175608E+01    2.447209949914804E-42
    -2.621558158175385E+01    9.343442113188669E-40
    -2.620184472397168E+01    1.552114195293267E-36
    -2.620184472347105E+01    4.489431749609827E-33
    -2.619054384302062E+01    1.495569674601290E-41
    -2.619054384223519E+01    9.582081611544156E-44
    -2.616771472126377E+01    4.384759905909830E-15
    -2.616771472119779E+01    1.283851165386951E-13
    -2.616771472115876E+01    2.720656559151466E-20
    -2.616375937255984E+01    1.169618414320052E-34
    -2.616375936549514E+01    4.081569153599182E-39
    -2.616018577482172E+01    1.602467181513983E-36
    -2.616018577204827E+01    3.258033486664481E-39
    -2.614283106906217E+01    1.738576990106369E-55
    -2.612693690296307E+01    2.255789603308953E-49
    -2.610712714976820E+01    4.398942773982525E-36
    -2.610712714867342E+01    9.131151779265621E-39
    -2.604728935841967E+01    6.553286633551525E-03
    -2.582303105490397E+01    2.278937356553426E-38
    -2.582303105460264E+01    1.263115456049662E-39
    -2.579596261357431E+01    9.013412420895686E-15
    -2.579596261356780E+01    1.419150235503917E-13
    -2.579596261356478E+01    5.936527258757819E-19
    -2.577285652392933E+01    4.720283782795760E-36
    -2.577285652274768E+01    5.397039933764638E-38
    -2.574974960306101E+01    3.219921558068550E-44
    -2.574958135186809E+01    9.144422419602337E-05
    -2.543409213020098E+01    2.004105293984759E-49
    -2.543409212227706E+01    5.612051662226317E-48
    -2.451398768672987E+01    1.011787729732959E-05
    -2.405095843931538E+01    2.223093688714471E-40
    -2.405095842638523E+01    1.105899095515863E-41
    -2.391426763336287E+01    4.580684768540916E-08
    -2.389581145029656E+01    2.118352371159970E-40
    -2.389581143203729E+01    1.951850895493119E-44
    -2.383401265891732E+01    1.300732049167954E-40
    -2.383401265772239E+01    5.844886996239832E-42
    -2.383021683860742E+01    1.516838504851166E-57
    -2.380153523153430E+01    5.276426552860224E-45
    -2.380153523153340E+01    9.256230403804766E-52
    -2.380153523152978E+01    1.078602434397083E-44
    -2.378770961291198E+01    4.383902344518303E-35
    -2.378770960938626E+01    7.539918579251670E-34
    -2.378251390187483E+01    9.326404408828184E-51
    -2.376217832568363E+01    1.311883311231333E-34
    -2.376217832486763E+01    7.136413143786025E-34
    -2.375439125625107E+01    7.777026374949182E-10
    -2.375439125043582E+01    2.990833264661160E-08
    -2.375439124572596E+01    1.823380406612255E-10
    -2.373381066824393E+01    5.915025162203771E-55
    -2.373381066824086E+01    1.203869777266715E-55
    -2.372612890476998E+01    7.891250879055388E-03
    -2.372595296210299E+01    2.336677558450598E-11
    -2.372595296115896E+01    9.549091737739478E-10
    -2.372595296038318E+01    5.446279792911544E-12
    -2.370907079023327E+01    5.115740337273879E-45
    -2.370907079023025E+01    5.888869250683598E-44
    -2.370548070847251E+01    2.251534994623209E-60
    -2.368225258851939E+01    2.512680018987145E-52
    -2.367832499964442E+01    7.174807105588540E-43
    -2.367832499964437E+01    3.509669103259139E-43
    -2.367832499964420E+01    1.500592495260200E-43
    -2.367832499964387E+01    1.616827728710974E-42
    -2.367220457192069E+01    5.510080047358303E-35
    -2.367220457155676E+01    3.670094484103552E-36
    -2.366420882382848E+01    1.142568839803794E-46
    -2.365609991643176E+01    2.526290295073602E-02
    -2.362508580591157E+01    3.428603213487044E-15
    -2.362508580588993E+01    1.568745706237342E-14
    -2.362508580587620E+01    2.333466592553978E-15
    -2.360538572880411E+01    5.828354113766818E-51
    -2.360393306635853E+01    5.538252753632855E-34
    -2.360393306166183E+01    3.795093890514306E-33
    -2.359319214514602E+01    4.413294087705425E-42
    -2.359319214514355E+01    1.181832781303925E-42
    -2.358282122385397E+01    6.158918545512788E-34
    -2.358282121043245E+01    4.470708409575600E-35
    -2.349290649067443E+01    2.634608068659717E-19
    -2.349290649067015E+01    2.135673139200230E-18
    -2.349290649066869E+01    1.165419171771482E-20
    -2.341280921109804E+01    5.563028957501285E-37
    -2.341280921008784E+01    3.950585808316214E-36
    -2.336326885640830E+01    2.148839225978398E-04
    -2.151747028114575E+01    4.360576254558044E-43
    -2.151747026640687E+01    2.583183245394353E-44
    -2.142624300664010E+01    3.401491618069020E-16
    -2.142624300663579E+01    6.195548133974803E-17
    -2.142624300663491E+01    6.520315347177530E-16
    -2.093009018313136E+01    1.209778550158591E-44
    -2.093009018309859E+01    1.049761764041923E-41
    -2.090888101531328E+01    1.090533823436785E-44
    -2.090888101507760E+01    5.834007515935266E-47
    -2.088599935644540E+01    2.550473942688837E-44
    -2.088599935643544E+01    1.300598610763641E-45
    -2.088599935642817E+01    5.342804945158179E-44
    -2.083031451685557E+01    9.955930732060889E-03
    -2.078099859466028E+01    4.416830472994947E-19
    -2.078099859465036E+01    5.244927183530077E-20
    -2.078099859464446E+01    6.246300669723769E-19
    -2.076744005232654E+01    4.669141460958407E-64
    -2.071795810151296E+01    1.397271993464978E-53
    -2.070681234293299E+01    8.042291096358162E-39
    -2.070681234269739E+01    5.302169525948076E-42
    -2.043041462580654E+01    1.049006490883289E-13
    -2.043041462579645E+01    1.062297507694259E-12
    -2.043041462579380E+01    2.333706872600113E-18
    -2.039816478389363E+01    1.166886206126121E-39
    -2.039816478352966E+01    3.908846469908663E-44
    -2.035535734657645E+01    2.914411455798830E-55
    -1.909507544951017E+01    1.563239338141962E-08
    -1.902310082428352E+01    1.139129933726008E-06
    -1.899318670607028E+01    2.660469813576760E-39
    -1.899318670110492E+01    9.149905637830500E-39
    -1.892403851953001E+01    1.154342745440839E-35
    -1.892403851448739E+01    3.809361681728087E-35
    -1.879960005655619E+01    1.180567381234444E-46
    -1.879960004560465E+01    1.248930313524690E-48
    -1.870967390879649E+01    1.176773528245295E-60
    -1.870186804952800E+01    6.197346188207067E-03
    -1.867077638585936E+01    3.179723365848363E-32
    -1.867077638400603E+01    4.243208171707210E-33
    -1.865095876777411E+01    2.216406617124891E-50
    -1.864209020529950E+01    9.877692222291985E-09
    -1.864209020210897E+01    5.190890296533926E-07
    -1.864209019818259E+01    1.602687578562116E-08
    -1.862844730361028E+01    1.271682237106905E-01
    -1.856069515322032E+01    1.550132254758685E-36
    -1.856069514831371E+01    4.029244752963789E-35
    -1.852336692504479E+01    8.749600778806692E-51
    -1.848743075212793E+01    5.945252901229097E-35
    -1.848743074983548E+01    6.280093059812954E-36
    -1.843534756740777E+01    2.881488913618839E-35
    -1.843534756126123E+01    3.677576882608991E-35
    -1.837628236321463E+01    1.052769007298487E-06
    -1.638349190005344E+01    2.560669234131425E-44
    -1.638349189191598E+01    3.409987991641551E-45
    -1.524059590202806E+01    1.484147631649634E-49
    -1.524059590202749E+01    5.384464904816526E-53
    -1.524059590202713E+01    2.833650002661172E-50
    -1.522115980378183E+01    5.032766045557511E-49
    -1.522115980378128E+01    1.560526228525252E-49
    -1.522115980378089E+01    1.350642924761732E-47
    -1.522115980378080E+01    2.603078895839677E-49
    -1.517128825456161E+01    3.166288289677654E-43
    -1.517128825456106E+01    1.149123681452557E-43
    -1.517128825456061E+01    1.146598757295996E-41
    -1.517128825456059E+01    3.166110097371784E-44
    -1.516192954262619E+01    1.185561858850386E-21
    -1.516192954262554E+01    7.802732495056565E-21
    -1.516192954262520E+01    6.456089110815701E-22
    -1.512132403522149E+01    1.105338669066293E-51
    -1.512132403522036E+01    4.845250498997618E-52
    -1.509462945675810E+01    8.572870180281543E-46
    -1.509462945675699E+01    3.692329934830025E-46
    -1.481694597761515E+01    4.067293239902245E-20
    -1.481694597761447E+01    6.265083584961327E-19
    -1.481694597761414E+01    3.715534505034895E-21
    -1.481476931106761E+01    4.813621296871300E-44
    -1.481476931106702E+01    9.559893599592999E-45
    -1.481476931106662E+01    1.800108933413470E-42
    -1.481476931106648E+01    2.761547863375754E-48
    -1.471270622048937E+01    1.130552571339140E-46
    -1.471270622048829E+01    5.916427191002913E-47
    -1.220153501331670E+01    6.209066001976439E-44
    -1.220153501331499E+01    6.628169507284852E-46
    -1.220153501329736E+01    2.048229431787080E-43
    -1.212901319515935E+01    9.446699127987710E-10
    -1.208400852045079E+01    1.017076702418857E-13
    -1.208400852044943E+01    1.727796237493148E-16
    -1.208400852043746E+01    3.531662180641491E-14
    -1.207408335678894E+01    1.104593741208530E-40
    -1.207408335678205E+01    6.360217701201391E-42
    -1.207389876900497E+01    3.184491851203635E-51
    -1.207389876899468E+01    8.639633646038422E-51
    -1.204498931911855E+01    5.331291597671238E-44
    -1.204498931911755E+01    6.434949255213015E-45
    -1.204498931911691E+01    2.472949568917886E-43
    -1.204498931911660E+01    4.400292006289623E-48
    -1.204368851398750E+01    4.005290052535810E-64
    -1.203178833515476E+01    2.953315539280943E-46
    -1.203178833514512E+01    5.302648986373626E-46
    -1.203045756348414E+01    2.169034011468030E-38
    -1.203045754748840E+01    6.169994803368934E-38
    -1.203012579967208E+01    4.835344066275629E-55
    -1.199144220567688E+01    5.394196903073555E-14
    -1.199144220566964E+01    6.182083802288595E-14
    -1.199144220566798E+01    4.711213605460583E-14
    -1.197066486964294E+01    1.202046875365526E-28
    -1.197066485366810E+01    3.349958362306966E-28
    -1.196149845513436E+01    4.138408482971727E-04
    -1.191940168800148E+01    1.868102047236391E-54
    -1.190706255665523E+01    8.684146236010404E-49
    -1.190706255664566E+01    8.356007776490013E-47
    -1.178628114681319E+01    8.295483218558076E-19
    -1.178628114679950E+01    1.557487539578682E-18
    -1.178628114679664E+01    5.400851466462249E-19
    -1.166063137562546E+01    2.154022080947768E-03
    -1.161411176952765E+01    8.133264191467003E-31
    -1.161411175355849E+01    2.294560473273562E-30
    -9.803604817246772E+00    7.839097286986256E-17
    -9.803604817229061E+00    3.125356253863377E-17
    -9.803604817224898E+00    1.106923851343208E-16
    -8.640025073370673E+00    3.189837470203155E-50
    -8.640025073064741E+00    6.691413524142856E-47
    -8.594793715545585E+00    8.209121383584206E-49
    -8.594793715534987E+00    5.502339448535232E-48
    -8.594793715521856E+00    9.751446983137251E-46
    -8.481080527450402E+00    2.620442984757882E-18
    -8.481080527440128E+00    8.789714331631666E-15
    -8.481080527426911E+00    1.151843092806755E-16
    -8.455787257825136E+00    3.054776420579739E-64
    -8.430617852972723E+00    2.887404514683461E-46
    -8.430617852796296E+00    1.073764026112267E-40
    -8.398601498268306E+00    6.914599131542478E-55
    -8.141631631132761E+00    4.310241930168750E-46
    -8.141631630978775E+00    5.176357750570801E-40
    -8.135091145539771E+00    1.022151455466906E-14
    -8.135091145537228E+00    1.235326272702834E-12
    -8.135091145520473E+00    2.519536623242993E-13
    -8.034174896557378E+00    4.534565844539853E-55
    -6.841149884520927E+00    4.760414457816273E-52
    -6.841149880727485E+00    8.049213185928886E-57
    -6.725296284236048E+00    5.049627796641664E-55
    -6.716405705977632E+00    1.885162576956208E-31
    -6.716405705194358E+00    3.730898892581066E-33
    -6.701609815355940E+00    2.375706349837092E-01
    -6.669030506421286E+00    4.733021932260665E-08
    -6.669030505485964E+00    2.868391751936254E-06
    -6.669030503861123E+00    1.853555585780634E-07
    -6.665710719706411E+00    1.697459968639721E-51
    -6.549265100853209E+00    3.838275560132216E-36
    -6.549265099868801E+00    2.160907137794120E-38
    -6.527030290595896E+00    7.190775916437492E-53
    -6.433508048782922E+00    1.320389443573003E-37
    -6.433508046748113E+00    9.539762064701770E-37
    -4.400865258978765E+00    1.029312327651998E-43
    -4.400865256440010E+00    2.291831708538043E-46
    -3.936392287640455E+00    1.115260598623901E-42
    -3.936392287613856E+00    7.911197956686289E-44
    -3.841496093100506E+00    6.748540592534568E-03
    -1.702668971581161E+00    2.697699823455700E-03
     8.315891705909308E-01    1.560666333026838E-60
     8.315891705916840E-01    5.098661423561977E-59
     8.315891705919896E-01    3.436163705872554E-59
     8.315891705931122E-01    1.596734110707248E-60
     9.068836914041114E-01    2.704466229452052E-49
     9.068836914048219E-01    1.255229134388175E-48
     9.068836914051204E-01    1.347840368610468E-50
     9.068836914061933E-01    1.669703421152716E-47
     9.453804650724962E-01    1.908059995275118E-23
     9.453804650727093E-01    3.869567189139449E-25
     9.453804650728799E-01    9.909930512501341E-23
     9.669269593480294E-01    3.405267402567218E-59
     9.669269593486334E-01    2.803537722102920E-64
     9.669269593487613E-01    2.642309411516900E-60
     9.710727210394765E-01    3.127538355156701E-50
     9.710727210395760E-01    7.933945491576266E-48
     9.710727210396826E-01    4.839359400014362E-48
     9.710727210398389E-01    3.622564346200583E-50
     9.710727210399668E-01    8.404397793886447E-48
     9.908479138374631E-01    1.100520571702192E-62
     9.908479138377118E-01    2.758563774254126E-65
     9.945705488511720E-01    3.366904408607581E-57
     9.945705488516907E-01    1.433028386911340E-54
     9.945705488517902E-01    7.542673251513135E-59
     1.015002886364734E+00    2.140216514446677E-50
     1.015002886364947E+00    3.701608641736746E-50
     1.017274408954208E+00    3.273136348832135E-47
     1.017274408954655E+00    9.276570373547450E-48
     1.017274408955160E+00    4.638755132710196E-48
     1.017274408955899E+00    4.283803858560650E-49
     1.079974170406778E+00    1.040141320423583E-49
     1.079974170407105E+00    1.565033071856079E-50
     1.117251402623225E+00    5.864086447108000E-52
     1.117251402623339E+00    3.519618533145423E-50
     1.117251402623410E+00    1.227923726251049E-53
     1.259731027302813E+00    6.788419566243162E-50
     1.259731027303346E+00    1.410265229241343E-51
     1.259731027303886E+00    1.507893203491911E-51
     1.259731027304689E+00    8.827824344299061E-53
     1.831876060293752E+00    1.401184177457835E-13
     1.970621385241486E+00    3.130112262483772E-43
     1.970621396073916E+00    6.457224725655609E-43
     2.033315727776717E+00    2.108646018004914E-05
     2.047183581320994E+00    2.004956055776023E-31
     2.047183592110080E+00    4.099689515558086E-31
     2.335965163746195E+00    1.844734260894615E-02
     2.397857316059756E+00    5.904630068577637E-31
     2.397857326868028E+00    1.214956730103571E-30
     3.229207335141034E+00    9.398829472094186E-46
     3.229207335141815E+00    7.540152136453612E-47
     3.229207335142178E+00    3.391752087355235E-46
     3.229207335143229E+00    5.082624544533878E-47
     1.232214908968059E+01    2.723358983661796E-52
     1.232214908968079E+01    5.809356385780397E-55
     1.232214908968152E+01    1.283130820140239E-53
     1.236157697350086E+01    1.908295031222938E-52
     1.236157697350142E+01    5.163866788358351E-59
     1.236157697350178E+01    1.846884097450607E-52
     1.236157697350189E+01    9.399481375058554E-54
     1.243563519391606E+01    2.059081421381634E-46
     1.243563519391665E+01    2.818137398690474E-51
     1.243563519391697E+01    8.269464579112178E-47
     1.243563519391710E+01    4.001085710504149E-47
     1.243914097489824E+01    1.250992439449379E-24
     1.243914097489854E+01    2.837514908545214E-22
     1.243914097489922E+01    1.714885572503749E-23
     1.250408738617693E+01    1.700008509206370E-55
     1.250408738617919E+01    3.816803993842585E-55
     1.254412116315195E+01    2.915933978976096E-49
     1.254412116315422E+01    6.796274465183504E-49
     1.275908926030404E+01    7.356258769365683E-22
     1.275908926030427E+01    1.187322893335545E-19
     1.275908926030495E+01    1.135295154427872E-20
     1.277748008657503E+01    1.728359206147540E-44
     1.277748008657569E+01    9.840323586426062E-49
     1.277748008657595E+01    1.734009001675749E-44
     1.277748008657613E+01    4.764042148644902E-47
     1.292151643960127E+01    1.026830289453885E-47
     1.292151643960349E+01    3.239483427858008E-47
     1.687829386445690E+01    1.289742737303042E-54
     1.687829386446104E+01    5.113563430811885E-57
     1.687829386446565E+01    4.076328529432827E-54
     1.698937291325878E+01    6.443069745331035E-48
     1.698937291325940E+01    4.789106517018142E-50
     1.699737970400559E+01    2.927819946217561E-15
     1.699737970400794E+01    2.985039181117635E-14
     1.699737970401139E+01    4.475420887271435E-15
     1.703585782804075E+01    1.628332327153248E-62
     1.703585782804242E+01    6.288125379261152E-60
     1.705248213286171E+01    1.145776930880576E-49
     1.705248213286337E+01    8.685107623240910E-48
     1.705248213286367E+01    6.784549592418606E-51
     1.705248213286549E+01    6.218311587604172E-50
     1.705963106415837E+01    6.765308412916304E-63
     1.706360952409563E+01    4.019117085650755E-57
     1.707827420930643E+01    5.258821046954925E-51
     1.707827420930791E+01    1.766046444557170E-55
     1.709308660925315E+01    1.878247949198921E-19
     1.709308660925488E+01    1.710557383512971E-13
     1.709308660925787E+01    4.658387169761115E-15
     1.718093286125284E+01    3.592640946550753E-59
     1.720907897568670E+01    1.160512640380398E-49
     1.720907897569015E+01    3.813434649953923E-48
     1.733986531983106E+01    1.617420364720598E-22
     1.733986531983376E+01    4.236841144334822E-19
     1.733986531983865E+01    1.754954077540109E-20
     1.931219682294676E+01    3.467783944541288E-27
     1.931219682294974E+01    1.342186606322593E-19
     1.931219682295634E+01    7.776592438522452E-21
     2.097658568867961E+01    1.647549010671890E-53
     2.097658568873179E+01    2.525447213480438E-50
     2.103562647387520E+01    7.588488621314466E-51
     2.103562647388787E+01    3.646006120626029E-50
     2.103562647390716E+01    6.594148451566181E-49
     2.110933451185191E+01    7.065844663724442E-18
     2.110933451186457E+01    1.466731740846248E-15
     2.110933451188386E+01    5.694283967085225E-17
     2.112336103296261E+01    3.422062145691625E-50
     2.112336103300182E+01    8.973754450567944E-47
     2.116676084364905E+01    6.601632000464477E-63
     2.119888966869103E+01    2.812709062939784E-60
     2.144837598372474E+01    5.698157669021564E-48
     2.144837598375504E+01    1.938562712891163E-43
     2.147779249125613E+01    2.802913221633991E-12
     2.147779249126711E+01    7.882206185251556E-11
     2.147779249128739E+01    9.153022186001303E-12
     2.158233947022882E+01    3.673258544577316E-57
     2.280540532211653E+01    1.317558352309854E-51
     2.280540532324882E+01    4.726109323264504E-53
     2.290127095036511E+01    1.175090232679509E-01
     2.291245029988376E+01    2.782333130708478E-33
     2.291245030038254E+01    7.933140448499794E-39
     2.292359859371020E+01    6.387233042818871E-56
     2.297004558408248E+01    7.770893070646484E-54
     2.297726378740081E+01    1.458247165956502E-18
     2.297726378758897E+01    3.829243193818666E-06
     2.297726378817246E+01    3.061806536864505E-07
     2.302635701895839E+01    1.223407824584271E-38
     2.302635701910508E+01    3.422762330824852E-38
     2.311324227070389E+01    5.474007773524978E-57
     2.320618621651828E+01    1.775427983052069E-42
     2.320618621719362E+01    4.966588273164802E-39
     2.526394466373453E+01    6.677738722833752E-47
     2.526394466458068E+01    3.652218670988190E-48
