#   31.880602707651125     
    -2.963945604173681E+01    2.596126601253901E-50
    -2.963945604173627E+01    1.092818789928111E-49
    -2.953995964425206E+01    5.864736764655463E-04
    -2.912588596178336E+01    2.873112781161362E-54
    -2.912588596178307E+01    2.750925199047586E-56
    -2.907596667384086E+01    9.822575620157261E-63
    -2.903788619684394E+01    4.009554736363538E-60
    -2.902097598349572E+01    6.501992793359805E-51
    -2.902097598349546E+01    6.886244890575592E-51
    -2.898686736723071E+01    2.892194892282213E-11
    -2.898686736723040E+01    7.906585861845730E-13
    -2.898686736722999E+01    5.146053694320827E-11
    -2.894318735562183E+01    4.196891179786565E-04
    -2.892965785672818E+01    4.965529911941421E-57
    -2.887744719408540E+01    5.019629548742063E-50
    -2.887744719408538E+01    2.744100119246306E-53
    -2.884149642687899E+01    1.840512864663281E-54
    -2.884149642687891E+01    1.353679280885258E-54
    -2.878845106273471E+01    2.014119563105228E-07
    -2.874386386883401E+01    2.540528113275538E-48
    -2.874386386883368E+01    3.874619301263878E-50
    -2.867358981046427E+01    8.946269661567951E-51
    -2.867358981046397E+01    1.609201479469998E-50
    -2.858524996406781E+01    1.269664059658753E-03
    -2.832403652341735E+01    6.672256515552162E-51
    -2.832403652341699E+01    1.370092137234392E-50
    -2.827764560334301E+01    6.390299534597791E-05
    -2.796442571477271E+01    1.187405712365331E-07
    -2.791477026994459E+01    9.246708669378384E-52
    -2.791477026994436E+01    3.782072278595378E-52
    -2.785938936807011E+01    1.233343584897772E-53
    -2.785938936806988E+01    8.056804289466593E-52
    -2.775130922810842E+01    9.497455629430867E-04
    -2.774624170532593E+01    8.032847338410978E-49
    -2.774624170532547E+01    9.507486106439113E-50
    -2.765020154852061E+01    1.555538601611817E-03
    -2.747133515279064E+01    4.308054503455725E-52
    -2.747133515279035E+01    9.072574526706768E-52
    -2.732355923333927E+01    1.251827912413593E-04
    -2.729326183223163E+01    2.006293303696366E-05
    -2.709103876233223E+01    1.909595088321686E-50
    -2.709103876233204E+01    1.962951620684138E-52
    -2.701737113389112E+01    4.965193553452482E-59
    -2.695095994985605E+01    4.280269003233141E-50
    -2.695095994985579E+01    1.232144279180597E-49
    -2.694775723421547E+01    2.357074442220724E-59
    -2.693414471951883E+01    3.158571681706149E-10
    -2.693414471951857E+01    2.282635549457519E-11
    -2.693414471951837E+01    3.719799779165348E-10
    -2.683335866031877E+01    3.059018255505977E-02
    -2.683066716368083E+01    7.169188111453326E-52
    -2.675204753541356E+01    3.749004779329532E-50
    -2.675204753541335E+01    3.210400974906547E-52
    -2.674534852159499E+01    1.326584137048081E-51
    -2.674534852159476E+01    3.449366006868182E-52
    -2.665694407118803E+01    1.074399069486169E-52
    -2.665694407118777E+01    1.255713552776230E-50
    -2.622030368574238E+01    2.043776133192692E-54
    -2.622030368574225E+01    1.525420828006313E-56
    -2.621621227720265E+01    3.424450411275115E-59
    -2.621621227720246E+01    2.564619126864764E-60
    -2.621621227720241E+01    2.168669392606911E-58
    -2.616931607584982E+01    7.661066145511771E-17
    -2.616931607584961E+01    1.343717014036303E-18
    -2.616931607584957E+01    1.222953611301587E-16
    -2.614526524526459E+01    2.059092677888281E-62
    -2.612824014891892E+01    2.631191554058998E-58
    -2.612439846301736E+01    5.733149496094666E-57
    -2.612439846301720E+01    1.544317281322584E-55
    -2.579689790407409E+01    2.959240540369061E-14
    -2.579689790407397E+01    2.961322875534402E-16
    -2.579689790407383E+01    2.391118433136610E-14
    -2.578053470414573E+01    6.772898681906981E-55
    -2.578053470414557E+01    1.054935062976176E-53
    -2.575052015230482E+01    1.219712037906771E-57
    -2.564385184143463E+01    1.482639931220689E-07
    -2.562660103197845E+01    1.610530483654132E-04
    -2.555016851837654E+01    3.113503688411433E-53
    -2.555016851837577E+01    2.690485325789500E-52
    -2.545812755661458E+01    7.629240563459791E-53
    -2.545812755661382E+01    9.578622993499972E-51
    -2.516343955008676E+01    5.939070311560118E-03
    -2.514122697944508E+01    9.267001453013310E-49
    -2.514122697944429E+01    6.376032075686673E-47
    -2.493142992811620E+01    1.095446073255900E-03
    -2.464033206433509E+01    3.271311455855716E-55
    -2.464033206433497E+01    8.224603386007959E-55
    -2.380216271366427E+01    6.314855926478012E-61
    -2.380216271366409E+01    2.719899810445178E-62
    -2.380216271366386E+01    9.044240464737139E-69
    -2.373443774536385E+01    4.708925149094700E-60
    -2.373443774536365E+01    1.205573838830342E-63
    -2.373065149489923E+01    2.212272811058027E-17
    -2.373065149489906E+01    4.276585016923297E-19
    -2.373065149489894E+01    7.212073713472520E-18
    -2.370969764000904E+01    1.271751298749453E-58
    -2.370969764000884E+01    3.150903632686972E-61
    -2.370612033041932E+01    1.379261005011971E-61
    -2.368151949220003E+01    3.028511101627086E-58
    -2.367895148975931E+01    1.484669976952376E-56
    -2.367895148975916E+01    1.027193445717877E-54
    -2.367895148975915E+01    3.282035987322790E-58
    -2.367895148975907E+01    1.502709077509922E-57
    -2.367261723470727E+01    3.418393146347040E-56
    -2.367261723470713E+01    7.876984217539963E-56
    -2.362613950710118E+01    2.989429351890743E-14
    -2.362613950710113E+01    1.070063188248462E-15
    -2.362613950710096E+01    4.015042415804287E-15
    -2.360791934444709E+01    1.447291044562369E-64
    -2.359381818614068E+01    1.503169378160777E-59
    -2.359381818614048E+01    1.956795391401053E-60
    -2.349355289558684E+01    7.831145818778627E-17
    -2.349355289558648E+01    2.738573641336211E-19
    -2.349355289558603E+01    2.547514041199584E-17
    -2.199986071595021E+01    3.659689587806863E-49
    -2.199986071594964E+01    4.198629055389366E-51
    -2.190316740323829E+01    1.260041151910657E-59
    -2.184862720567176E+01    5.080194841723073E-49
    -2.184862720567149E+01    9.193454135522779E-48
    -2.183278280647582E+01    8.288928961614649E-08
    -2.183278280647563E+01    4.320430625985979E-08
    -2.183278280647520E+01    7.664742581417750E-08
    -2.182226236444147E+01    1.129151848747025E-60
    -2.179976771528934E+01    1.167214484382518E-48
    -2.179976771528885E+01    1.139376838731642E-48
    -2.177283920904967E+01    7.102335347882939E-02
    -2.169140388240552E+01    1.106053298674054E-50
    -2.168863452719978E+01    4.897138179805534E-02
    -2.161348062144087E+01    4.763808455180747E-52
    -2.161348062144057E+01    2.129530374413764E-53
    -2.155499877235660E+01    1.091571928770919E-49
    -2.155499877235636E+01    1.354668033506663E-51
    -2.142667199769132E+01    3.463384956700374E-13
    -2.142667199769107E+01    9.434532406292208E-17
    -2.142667199769087E+01    2.644770430836557E-14
    -2.090808955183464E+01    3.834801254629323E-53
    -2.090808955183457E+01    6.542799931414560E-53
    -2.088662632258407E+01    6.128350908295519E-56
    -2.088662632258397E+01    4.944908152777902E-57
    -2.088662632258389E+01    1.079159340149770E-59
    -2.078068918537100E+01    2.158298984623594E-13
    -2.078068918537089E+01    2.018432603672287E-15
    -2.078068918537079E+01    2.668462388953939E-13
    -2.076226428589566E+01    2.935766052154475E-59
    -2.072177639374048E+01    2.851175049299359E-55
    -2.072177639374045E+01    3.715414962388242E-53
    -2.071647854081581E+01    5.852255431641209E-58
    -2.044587133764712E+01    2.271959946204250E-55
    -2.044587133764704E+01    9.384035687084322E-59
    -2.042701348873514E+01    1.146360677982381E-11
    -2.042701348873501E+01    1.513459404912325E-11
    -2.042701348873494E+01    6.194969498704366E-12
    -2.035426091500164E+01    4.137036326383090E-57
    -1.972164458587060E+01    1.293787141331886E-05
    -1.954607424061755E+01    4.155610230949504E-08
    -1.953928271823870E+01    8.691656932712478E-52
    -1.953928271823830E+01    3.108544540221347E-53
    -1.940967249228149E+01    7.185730567695286E-49
    -1.940967249227045E+01    1.392286297498725E-49
    -1.930642185841430E+01    1.630009796760128E-44
    -1.930642185840308E+01    1.988192234791549E-45
    -1.911563489190302E+01    1.014751180091034E-02
    -1.895412533231868E+01    3.807163548346523E-44
    -1.895412533230789E+01    4.648164792442542E-45
    -1.884622318866741E+01    2.129434443083026E-03
    -1.524122245428186E+01    3.343255783949226E-60
    -1.524122245428180E+01    1.828047225344749E-62
    -1.524122245428170E+01    1.113423187449567E-59
    -1.522178624792024E+01    2.443581547815977E-59
    -1.522178624792013E+01    2.699445057033225E-60
    -1.522178624792003E+01    1.255500213081629E-58
    -1.522178624792000E+01    9.384075752478816E-58
    -1.517191389176976E+01    2.695019723719785E-62
    -1.517191389176961E+01    5.173727149332216E-63
    -1.517191389176954E+01    3.043857918558838E-62
    -1.517191389176947E+01    8.819969529818604E-61
    -1.516255524139124E+01    3.391864132063286E-28
    -1.516255524139119E+01    7.868867897735129E-30
    -1.516255524139116E+01    6.501764884966575E-28
    -1.512194976844402E+01    8.061634646964447E-59
    -1.512194976844385E+01    9.090685021394346E-60
    -1.509525485689397E+01    8.489779859212750E-61
    -1.509525485689381E+01    2.203300166044327E-61
    -1.481757049096908E+01    3.520046675789624E-20
    -1.481757049096892E+01    4.938866878378775E-20
    -1.481757049096887E+01    3.327624697886566E-21
    -1.481539358559720E+01    1.195102250425997E-58
    -1.481539358559705E+01    1.761907313971400E-61
    -1.481539358559698E+01    3.072610832019214E-61
    -1.481539358559690E+01    3.875461495348732E-65
    -1.471332988080243E+01    1.299979541392354E-59
    -1.471332988080226E+01    7.351287538874512E-59
    -1.220215833279577E+01    1.572293491892975E-60
    -1.220215833279551E+01    9.528601354374244E-65
    -1.220215833279536E+01    8.020062973375304E-66
    -1.208463213828282E+01    6.070038189745869E-14
    -1.208463213828263E+01    1.591371698371615E-18
    -1.208463213828249E+01    8.812580407175821E-14
    -1.207492943251699E+01    5.052600294883527E-58
    -1.207492943251673E+01    1.680625154233413E-57
    -1.207452162445222E+01    2.255822125847830E-60
    -1.207452162445208E+01    2.917612386468124E-63
    -1.204561185250198E+01    1.591026066413043E-57
    -1.204561185250178E+01    3.255365651805407E-56
    -1.204561185250173E+01    3.617800315015822E-61
    -1.204561185250154E+01    1.717006211473721E-57
    -1.204434933420865E+01    1.203292138991088E-64
    -1.203241132737275E+01    7.646111708186864E-60
    -1.203241132737271E+01    1.136940851323018E-57
    -1.203078166480686E+01    6.639443270475813E-59
    -1.199224734768844E+01    6.059078567666602E-13
    -1.199224734768827E+01    2.414454498768227E-15
    -1.199224734768818E+01    3.490216952278788E-13
    -1.192021868637470E+01    1.413498635094447E-57
    -1.190768455046188E+01    7.498187633275835E-56
    -1.190768455046163E+01    8.187007609418956E-57
    -1.178690463743219E+01    1.535784648520655E-17
    -1.178690463743152E+01    2.525237705546025E-19
    -1.178690463743121E+01    1.968484203592754E-17
    -9.804802340247203E+00    2.734883890818457E-12
    -9.804802340246873E+00    6.160014884813146E-16
    -9.804802340246528E+00    3.302436157993175E-12
    -9.654236121013128E+00    6.103321003860935E-49
    -9.654236121012978E+00    1.374102359557481E-49
    -9.540229887853688E+00    8.850310688913397E-56
    -9.508709946909466E+00    5.118765517119093E-47
    -9.508709946909224E+00    9.129612421282268E-52
    -9.483402842593833E+00    2.492153104442736E-06
    -9.483402842593584E+00    5.983837820990238E-13
    -9.483402842593321E+00    8.673590050823355E-07
    -9.477099664241077E+00    3.051776154794855E-01
    -9.464552637269673E+00    1.475260367327808E-53
    -9.320798952295547E+00    1.165140470498502E-59
    -9.316020721169412E+00    1.452846271439199E-50
    -9.316020721169139E+00    1.208975546514648E-52
    -9.220862517178567E+00    6.298924430056544E-54
    -9.220862517177594E+00    1.328550966577829E-49
    -8.631659702848378E+00    7.237609320571597E-52
    -8.631659702848236E+00    3.965597706538183E-54
    -8.595417505227076E+00    9.382501903639020E-57
    -8.595417505226965E+00    1.909275637428115E-60
    -8.595417505226809E+00    1.099930771482334E-57
    -8.480646305873787E+00    8.096035476728190E-13
    -8.480646305873638E+00    8.592740734969715E-16
    -8.480646305873513E+00    3.018912052066655E-12
    -8.438387979276353E+00    3.403372830347006E-60
    -8.432872113453005E+00    4.746788935890907E-54
    -8.432872113452792E+00    4.651432221127035E-54
    -8.389256708139790E+00    9.225692191599993E-57
    -8.170447449330908E+00    6.659254249123052E-53
    -8.170447449330730E+00    3.250351046753517E-58
    -8.117492181001893E+00    1.685935278597406E-10
    -8.117492181001786E+00    2.538213193582073E-14
    -8.117492181001605E+00    9.094667256021369E-10
    -8.028446106127028E+00    2.869824888032634E-57
    -7.154583348061990E+00    1.423785465787965E-54
    -7.154583348060747E+00    1.847993342561754E-52
    -4.975640801979640E+00    7.304288540681896E-11
    -4.833656570416238E+00    5.316800285749137E-43
    -4.833656570381073E+00    4.008926172611261E-46
    -4.818312085074563E+00    4.336362358851447E-47
    -4.818312084911859E+00    8.793130965698083E-50
    -4.783457175543226E+00    7.258294836052546E-06
    -4.720827101570340E+00    2.624068491310718E-40
    -4.720827101410933E+00    1.380347295065735E-43
    -4.702677859507201E+00    5.655608271867138E-07
    -4.374895681665013E+00    6.726762625469195E-02
    -4.287609699732361E+00    4.317942590057510E-38
    -4.287609699600427E+00    2.055440415992332E-41
    -2.430403242752185E+00    8.134661411616482E-04
     8.309660564761039E-01    4.275370241414643E-59
     8.309660564764876E-01    1.177427978062821E-59
     8.309660564766084E-01    3.482010437554778E-63
     8.309660564770134E-01    5.919305352267342E-63
     9.062605642152484E-01    3.553139609030224E-59
     9.062605642158523E-01    6.323312387238412E-58
     9.062605642158594E-01    4.385398272430003E-56
     9.062605642161508E-01    4.884230321824306E-59
     9.447580138429608E-01    1.129695121438665E-24
     9.447580138431100E-01    1.529180018953570E-26
     9.447580138431810E-01    2.832983675180173E-24
     9.663044184744258E-01    1.560808761641611E-65
     9.663044184745750E-01    6.957655376457006E-64
     9.663044184748308E-01    1.554181562140814E-67
     9.704504642923659E-01    2.684447421370412E-60
     9.704504642925578E-01    2.236962173830582E-61
     9.704504642926501E-01    5.406136556758624E-64
     9.704504642927212E-01    2.549454300807495E-59
     9.704504642927496E-01    7.463902518863074E-59
     9.902254857123829E-01    1.869129956997236E-60
     9.902254857125179E-01    9.467228569621041E-65
     9.939479980592019E-01    2.954734605330277E-65
     9.939479980592800E-01    9.151874017187743E-64
     9.939479980593795E-01    1.809334171683930E-66
     1.014380621774986E+00    8.359947507013898E-60
     1.014380621775093E+00    3.499929605583900E-59
     1.016652394276139E+00    1.154352234475885E-54
     1.016652394276253E+00    8.547793468147481E-52
     1.016652394276445E+00    1.229803087158618E-55
     1.016652394276651E+00    2.397337207662588E-55
     1.079352132311822E+00    1.446532014986497E-59
     1.079352132311957E+00    3.609430391994538E-58
     1.116629796810006E+00    5.012322484419913E-60
     1.116629796810184E+00    2.986933524703701E-64
     1.116629796810361E+00    1.115270085863163E-62
     1.259110143886740E+00    8.146324385425358E-55
     1.259110143886975E+00    4.912380423347488E-52
     1.259110143887082E+00    9.843275029975587E-53
     1.259110143887842E+00    2.923906598849019E-58
     3.228584428306117E+00    4.819419888308824E-54
     3.228584428306622E+00    2.340324237753264E-51
     3.228584428306792E+00    1.356939952653938E-53
     3.228584428307077E+00    7.810312562566302E-53
     1.232152639616733E+01    9.877339539441121E-58
     1.232152639616740E+01    2.998806687205364E-59
     1.232152639616760E+01    1.392104692650505E-57
     1.236095443459482E+01    8.849334714727926E-58
     1.236095443459493E+01    2.084461503266909E-57
     1.236095443459496E+01    5.514208396795848E-60
     1.236095443459505E+01    8.319925308404234E-58
     1.243501303886577E+01    1.387933621307040E-57
     1.243501303886586E+01    1.584083010755052E-55
     1.243501303886595E+01    2.157791703939841E-57
     1.243501303886599E+01    9.087211459944046E-58
     1.243851885706907E+01    2.603735219861688E-27
     1.243851885706922E+01    3.953132048520691E-23
     1.243851885706931E+01    4.444695580328856E-25
     1.250346541723500E+01    2.469185095790351E-61
     1.250346541723516E+01    3.112046089194485E-61
     1.254349929886245E+01    4.951864551383176E-59
     1.254349929886253E+01    4.139354156808133E-59
     1.275846864192193E+01    1.214129240477560E-23
     1.275846864192195E+01    1.011653279766234E-19
     1.275846864192220E+01    5.816510131333881E-24
     1.277685958805462E+01    1.183164683307399E-56
     1.277685958805474E+01    1.172923028765295E-57
     1.277685958805480E+01    2.179911737883163E-59
     1.277685958805486E+01    4.710654001151615E-58
     1.292089646342863E+01    2.158120193304934E-61
     1.292089646342869E+01    3.506875785092420E-59
     1.687767295507040E+01    4.199952750093124E-60
     1.687767295507061E+01    5.815046493689221E-65
     1.687767295507082E+01    5.035439610443978E-61
     1.698868805448039E+01    5.832770808006813E-55
     1.698868805448069E+01    1.936464322563027E-54
     1.699675700608703E+01    1.360238025801737E-14
     1.699675700608721E+01    1.377997768072791E-14
     1.699675700608735E+01    8.670937898273631E-15
     1.703523730480238E+01    2.412442650344200E-65
     1.703523730480255E+01    1.833399790602682E-66
     1.705186206073273E+01    5.080460888991583E-56
     1.705186206073290E+01    3.011287829635130E-60
     1.705186206073297E+01    3.157514349007549E-56
     1.705186206073322E+01    1.781241809514309E-55
     1.705899669491693E+01    3.794081993339121E-61
     1.706297787283122E+01    5.560107127745770E-58
     1.707765357855865E+01    1.012049636574862E-57
     1.707765357855883E+01    2.170632942889108E-60
     1.709241972217283E+01    1.062510437132438E-13
     1.709241972217306E+01    1.549116488176424E-15
     1.709241972217340E+01    9.373009140727371E-14
     1.718027571279640E+01    1.015388609497764E-58
     1.720845928813554E+01    6.616729774852938E-58
     1.720845928813594E+01    3.234709554383658E-58
     1.733924561519676E+01    7.957668938138243E-19
     1.733924561519734E+01    7.885464173820916E-22
     1.733924561519804E+01    8.627916650165937E-19
     1.931143383869465E+01    1.489113296418174E-14
     1.931143383869525E+01    3.007439072964689E-18
     1.931143383869606E+01    7.179285240764294E-15
     2.047047705533025E+01    1.177757345820507E-49
     2.047047705533185E+01    1.656078741605452E-49
     2.058141464162972E+01    2.832255098335728E-55
     2.059701620851422E+01    3.119186301179709E-44
     2.059701620851481E+01    2.371714595712102E-45
     2.060232756551801E+01    1.378929682713902E-01
     2.063377062852666E+01    2.991541542127616E-10
     2.063377062852697E+01    5.740146575530394E-06
     2.063377062852765E+01    2.387918631899966E-08
     2.063867319749033E+01    5.838630497724286E-55
     2.071199607760203E+01    3.207420282678734E-50
     2.071199607760235E+01    9.868814853341556E-50
     2.079770706519637E+01    6.519959049671812E-58
     2.090201218530292E+01    1.519033145150557E-52
     2.090201218530449E+01    3.772859490618338E-55
     2.100598992706302E+01    4.542649004059505E-54
     2.100598992706311E+01    1.702622820153786E-51
     2.103500533996545E+01    5.038899539522590E-65
     2.103500533996567E+01    5.439164330108506E-62
     2.103500533996571E+01    1.231211732430558E-58
     2.110906293368020E+01    2.022853831121638E-15
     2.110906293368030E+01    2.208620762781145E-12
     2.110906293368038E+01    1.725640321552327E-14
     2.114346345638121E+01    1.991917217263177E-55
     2.114346345638132E+01    2.026276413602690E-59
     2.120464378872053E+01    2.949626983323935E-60
     2.122813243483372E+01    1.261073015743878E-58
     2.144220284470522E+01    1.940452103560254E-52
     2.144220284470547E+01    2.240223856897587E-51
     2.151744856396978E+01    4.154011357736829E-11
     2.151744856396994E+01    7.012406524897820E-13
     2.151744856397000E+01    8.709919327682961E-09
     2.159592184334776E+01    1.617970622433946E-61
     2.298363367792806E+01    1.261411713048982E-52
     2.298363367793012E+01    4.152786662262229E-52
