#   31.880425003124774     
    -2.973869741083866E+01    1.511009545266037E-50
    -2.973869741083834E+01    5.963501928685492E-56
    -2.963997819786192E+01    2.291616664275057E-04
    -2.942286858179111E+01    8.673463250363405E-52
    -2.942286858179078E+01    6.981030144157965E-56
    -2.932558902861455E+01    8.662879472757086E-06
    -2.930656883828362E+01    1.717980961487056E-52
    -2.930656883828328E+01    5.473039033606601E-56
    -2.920942613749454E+01    3.264950471771307E-06
    -2.913904209134038E+01    2.320272144734301E-52
    -2.913904209133988E+01    1.360731660187003E-51
    -2.912570464777985E+01    8.804681957661143E-60
    -2.912570464777966E+01    6.564018369752754E-59
    -2.907578530111577E+01    5.687394546461166E-62
    -2.904257442714297E+01    4.795976704898967E-06
    -2.903770479752177E+01    7.838003957282269E-59
    -2.902014117616991E+01    3.172948376422891E-53
    -2.902014117616984E+01    1.589645342040789E-51
    -2.898668597985239E+01    1.549647462503729E-18
    -2.898668597985236E+01    5.732432523869688E-11
    -2.898668597985215E+01    3.440847333468921E-11
    -2.894142856197204E+01    4.740231379606455E-04
    -2.892947644762455E+01    8.330742972969792E-58
    -2.887730537534108E+01    4.240914381744531E-52
    -2.887730537534098E+01    1.566234801596870E-53
    -2.884140178593397E+01    8.378995683854733E-54
    -2.884140178593366E+01    1.722599986459846E-52
    -2.878827119897447E+01    2.014108344916096E-07
    -2.874368393459832E+01    1.449311954975543E-53
    -2.874368393459801E+01    1.826081538283838E-53
    -2.867840001152956E+01    1.992305672644614E-54
    -2.867840001152932E+01    8.328291092905976E-51
    -2.862332387296156E+01    3.828577372873077E-51
    -2.862332387296101E+01    1.398225060715913E-50
    -2.858682982953849E+01    7.211762486664084E-04
    -2.852678968026047E+01    8.652155933100773E-04
    -2.832057580611297E+01    5.692118346445087E-52
    -2.832057580611271E+01    1.613716473266084E-52
    -2.827715457426158E+01    3.502955470261185E-05
    -2.796424545856692E+01    1.187458178875475E-07
    -2.791459002780569E+01    3.089128967202438E-60
    -2.791459002780553E+01    2.387190026990594E-54
    -2.785070532700203E+01    8.291578836385764E-53
    -2.785070532700184E+01    7.250014299563030E-52
    -2.775119274999105E+01    1.061567205169051E-03
    -2.749963453089847E+01    2.077332777795258E-59
    -2.749963453089837E+01    5.911880282827921E-54
    -2.742860478029519E+01    3.120848117241989E-05
    -2.734271009565969E+01    3.707165309712734E-06
    -2.715844689187153E+01    4.956162692382810E-07
    -2.709085726905637E+01    2.426477348833033E-57
    -2.709085726905604E+01    1.463096914039901E-56
    -2.704587335501256E+01    1.484458530235442E-07
    -2.701718965181748E+01    8.005015701924213E-60
    -2.695801866019559E+01    9.726621054643411E-52
    -2.695801866019544E+01    1.050924836689836E-49
    -2.694757579731561E+01    2.138651214904699E-59
    -2.693396322771558E+01    2.344051609315102E-10
    -2.693396322771528E+01    3.914930946297183E-15
    -2.693396322771509E+01    7.001235506091301E-10
    -2.687090092211168E+01    3.596601278351921E-07
    -2.685920221580049E+01    8.577932076028021E-03
    -2.683048572330260E+01    6.671150403826667E-59
    -2.678708561144415E+01    6.779254201987089E-49
    -2.678708561144361E+01    4.939557181938863E-48
    -2.675155687083352E+01    1.174141753301196E-51
    -2.675155687083314E+01    2.811430266212520E-53
    -2.674457461834304E+01    3.666440971270667E-52
    -2.674457461834274E+01    1.073384545040285E-52
    -2.666486957960241E+01    1.418317243831551E-02
    -2.665226193772565E+01    1.648454968716229E-47
    -2.665226193772548E+01    1.951887770044775E-48
    -2.635494122203961E+01    3.877510191850274E-07
    -2.622012394924807E+01    4.369344829542738E-57
    -2.622012394924801E+01    4.591762146510645E-60
    -2.621603254104798E+01    4.316998402429229E-60
    -2.621603254104790E+01    5.354786205199773E-56
    -2.621603254104769E+01    2.447664586875329E-55
    -2.616913610542862E+01    5.773067962174808E-20
    -2.616913610542852E+01    1.657917970580694E-18
    -2.616913610542825E+01    3.779331693764266E-16
    -2.614508554119525E+01    5.150412598699800E-59
    -2.612806018284416E+01    7.109779417234755E-56
    -2.612420084154143E+01    1.050767990727238E-55
    -2.612420084154132E+01    4.518111983527357E-59
    -2.579671856650366E+01    4.551258662876464E-16
    -2.579671856650357E+01    1.172524580087677E-15
    -2.579671856650338E+01    8.309498796970946E-14
    -2.578035478605844E+01    6.434817539614568E-58
    -2.578035478605835E+01    2.424509474276826E-55
    -2.575034080478344E+01    3.749215022382744E-58
    -2.564367122729826E+01    1.482982896854950E-07
    -2.554998791058460E+01    3.208627038979484E-53
    -2.554998791058377E+01    3.626781074628802E-53
    -2.545735256600817E+01    4.054852909154862E-48
    -2.545735256600740E+01    4.923683776535887E-48
    -2.540706857129763E+01    3.491437027998726E-03
    -2.513320501702631E+01    6.278541489468795E-50
    -2.513320501702562E+01    5.819221908618210E-50
    -2.493586371131236E+01    3.267451014629517E-03
    -2.463999637814133E+01    1.125432935827658E-54
    -2.463999637814096E+01    3.366563101199200E-53
    -2.443756533438504E+01    1.374058005322858E-04
    -2.380198188982949E+01    1.795855891807508E-60
    -2.380198188982941E+01    5.073511477399511E-61
    -2.380198188982926E+01    3.822286386368131E-61
    -2.373425694979560E+01    4.821316174335456E-62
    -2.373425694979547E+01    2.217133364045228E-62
    -2.373047073612762E+01    1.187594858403792E-17
    -2.373047073612749E+01    3.741041718088932E-18
    -2.373047073612737E+01    7.086008102289144E-18
    -2.370951686480477E+01    4.943419845850807E-60
    -2.370951686480464E+01    1.126450864941986E-59
    -2.370593953967409E+01    2.265426305565241E-63
    -2.368133870980342E+01    4.165832473880764E-59
    -2.367877067352980E+01    1.219922988337202E-63
    -2.367877067352971E+01    1.219553261442299E-60
    -2.367877067352956E+01    5.732700319132003E-59
    -2.367877067352941E+01    1.259590761687949E-58
    -2.367243642988997E+01    3.190051896281857E-59
    -2.367243642988985E+01    5.410681022952962E-58
    -2.362595868917217E+01    1.409949382659490E-14
    -2.362595868917203E+01    2.156964433206946E-15
    -2.362595868917189E+01    1.076750188249329E-14
    -2.360773858449053E+01    1.052914015007722E-59
    -2.359363739482519E+01    2.143479365176328E-58
    -2.359363739482517E+01    6.476080557224059E-61
    -2.349337206273789E+01    3.267764877597648E-17
    -2.349337206273773E+01    1.537192192516918E-18
    -2.349337206273754E+01    5.568771587417151E-17
    -2.199968067626795E+01    5.135286487818490E-56
    -2.199968067626729E+01    6.736660913035515E-57
    -2.190298734938762E+01    8.841745746463291E-57
    -2.184743795338080E+01    1.397092046964771E-47
    -2.184743795338052E+01    1.683424779113348E-52
    -2.183260273062763E+01    2.173144575352249E-07
    -2.183260273062744E+01    4.157960625527597E-09
    -2.183260273062695E+01    5.850916110645202E-08
    -2.182208229453681E+01    1.678584805788463E-55
    -2.176741459211242E+01    1.422590175467160E-01
    -2.169122381755503E+01    5.551200437024330E-58
    -2.161411617085453E+01    6.187806217535201E-52
    -2.161411617085432E+01    1.678558867618747E-52
    -2.156100745378671E+01    1.546670412581091E-49
    -2.156100745378647E+01    9.819046551425777E-52
    -2.142649413984665E+01    2.328330116815783E-14
    -2.142649413984654E+01    3.511721627455809E-20
    -2.142649413984648E+01    3.696600690626182E-13
    -2.094248019801589E+01    1.221842350074737E-49
    -2.094248019801555E+01    1.525969343642884E-49
    -2.090791000087295E+01    3.538951803711319E-60
    -2.090791000087278E+01    1.335770694169617E-58
    -2.088644677530517E+01    2.631578100278257E-57
    -2.088644677530512E+01    4.709213823536934E-57
    -2.088644677530491E+01    2.204081334039304E-56
    -2.083960562483036E+01    9.500649119794719E-03
    -2.078050962101792E+01    2.638350092261094E-13
    -2.078050962101777E+01    2.429277953090569E-14
    -2.078050962101762E+01    1.270737856477915E-13
    -2.076208475242071E+01    1.995865219565270E-60
    -2.072144102710593E+01    3.529448916085307E-63
    -2.072144102710576E+01    4.416779767648708E-55
    -2.071629901998382E+01    1.217740282557607E-53
    -2.044566981114579E+01    3.257817151835788E-54
    -2.044566981114563E+01    2.155308108656679E-57
    -2.042683446603661E+01    2.675088263958949E-11
    -2.042683446603642E+01    6.780006946293465E-13
    -2.042683446603635E+01    1.420217638297204E-11
    -2.035408183099909E+01    4.993258632791470E-57
    -1.954589566920740E+01    4.158807419086592E-08
    -1.953869910803322E+01    1.073965036712270E-54
    -1.953869910803315E+01    5.275449867433443E-55
    -1.940949390673192E+01    6.033212117203667E-51
    -1.940949390672795E+01    1.641380871257921E-52
    -1.938943084363341E+01    4.059302777224622E-05
    -1.930592448513107E+01    3.186394167883187E-50
    -1.930592448512709E+01    5.255856504725696E-52
    -1.894651613905497E+01    1.638279371777460E-39
    -1.894651613905108E+01    2.136924169063221E-41
    -1.894343928371502E+01    2.099958494781937E-02
    -1.848962071255612E+01    1.177090135753236E-05
    -1.524104297200390E+01    2.952329670669210E-59
    -1.524104297200380E+01    1.843403961996015E-60
    -1.524104297200368E+01    8.320679390565667E-62
    -1.522160676663589E+01    3.231210417112288E-59
    -1.522160676663585E+01    1.870127740088633E-61
    -1.522160676663582E+01    3.182403500549250E-59
    -1.522160676663573E+01    4.223402222991393E-58
    -1.517173476016979E+01    3.482440717264670E-54
    -1.517173476016973E+01    1.776521303789032E-53
    -1.517173476016969E+01    3.623257818351060E-55
    -1.517173476016961E+01    1.534508221994617E-54
    -1.516237612839928E+01    2.628250626216051E-28
    -1.516237612839921E+01    5.161158851384912E-32
    -1.516237612839915E+01    9.179554528463823E-28
    -1.512177030373284E+01    6.646519535117858E-61
    -1.512177030373263E+01    1.400867147736423E-64
    -1.509507570692837E+01    4.180954098892235E-57
    -1.509507570692823E+01    2.911976748349001E-57
    -1.481739156693242E+01    7.540763341839055E-22
    -1.481739156693239E+01    1.684268032570480E-21
    -1.481739156693228E+01    1.591914740373152E-19
    -1.481521467189317E+01    1.230638888120636E-55
    -1.481521467189316E+01    3.966025736502350E-54
    -1.481521467189308E+01    4.625485874115175E-56
    -1.481521467189302E+01    1.946630486504899E-55
    -1.471315100871644E+01    1.113546728453873E-58
    -1.471315100871632E+01    6.071661096484372E-59
    -1.220197829535641E+01    1.841155715354169E-61
    -1.220197829535624E+01    2.288210619974516E-61
    -1.220197829535606E+01    2.199919997122141E-62
    -1.208445209240734E+01    7.173270297044115E-14
    -1.208445209240723E+01    2.241205042128145E-15
    -1.208445209240709E+01    5.256341494608169E-14
    -1.207474935833219E+01    1.868517108394899E-59
    -1.207474935833211E+01    1.200119027816017E-57
    -1.207434159297451E+01    8.755881520103682E-57
    -1.207434159297440E+01    2.740533170216421E-58
    -1.204543181550363E+01    4.650014749567822E-56
    -1.204543181550355E+01    3.500154317939079E-57
    -1.204543181550351E+01    9.014012430980271E-56
    -1.204543181550335E+01    1.653016489017998E-58
    -1.204416929335515E+01    9.054202575560315E-65
    -1.203223129626492E+01    2.453530431060091E-62
    -1.203223129626490E+01    6.684066129357402E-62
    -1.203060161634277E+01    1.092678450136670E-58
    -1.199206726193758E+01    3.825994588687483E-13
    -1.199206726193754E+01    8.334002807769634E-15
    -1.199206726193745E+01    5.017283662457530E-13
    -1.192003863939923E+01    6.469772919469338E-59
    -1.190750450582415E+01    1.829762895503551E-59
    -1.190750450582402E+01    2.111970958156189E-57
    -1.178672453091415E+01    1.350476129898187E-17
    -1.178672453091388E+01    8.241111554013573E-19
    -1.178672453091371E+01    1.827211017267842E-17
    -9.804624236662015E+00    8.799899653699542E-16
    -9.804624236661901E+00    3.007921308532138E-12
    -9.804624236661894E+00    2.997683486209182E-12
    -9.654056785144022E+00    2.207242288637972E-59
    -9.654056785143826E+00    3.354439608316584E-56
    -9.540050514597016E+00    7.168650396861320E-56
    -9.508228347606902E+00    2.301512744500079E-47
    -9.508228347606767E+00    2.072948110809089E-50
    -9.483223474225202E+00    5.202518788952505E-06
    -9.483223474224875E+00    2.443950469407164E-08
    -9.483223474224790E+00    5.363006177194862E-09
    -9.476579282238760E+00    3.032524328948106E-01
    -9.464373280241031E+00    5.729634843752149E-53
    -9.320619586082628E+00    7.030899173770630E-58
    -9.315842897818357E+00    5.536076976844884E-50
    -9.315842897818257E+00    6.928930330788984E-53
    -9.220683072542251E+00    8.136043918284784E-54
    -9.220683072541927E+00    1.625340347996881E-56
    -8.631480303404995E+00    2.006779080366381E-58
    -8.631480303404942E+00    1.140145398668978E-61
    -8.595238069138421E+00    1.966006839000065E-57
    -8.595238069138308E+00    1.635956052829196E-57
    -8.595238069138212E+00    8.142020601716643E-60
    -8.480467246010001E+00    4.961561492672516E-12
    -8.480467246009919E+00    1.659894712772093E-13
    -8.480467246009816E+00    9.851924533102360E-16
    -8.438208575584632E+00    3.358335385480799E-61
    -8.432691715797127E+00    1.050825065914120E-54
    -8.432691715797088E+00    2.396147153756248E-56
    -8.389077607756207E+00    3.628868205048047E-55
    -8.170267439759957E+00    1.642494217496997E-55
    -8.170267439759936E+00    5.828714583427921E-55
    -8.117313406910583E+00    1.376058283420809E-09
    -8.117313406910430E+00    3.499214882263348E-11
    -8.117313406910299E+00    8.152332215617338E-14
    -8.028267298401456E+00    9.785941967693662E-60
    -7.154404396442317E+00    1.038833312674258E-56
    -7.154404396441961E+00    1.675667942559090E-58
    -4.975460845706436E+00    7.368809377175331E-11
    -4.818132104743302E+00    2.927357107903100E-49
    -4.818132104684111E+00    5.202801974898478E-52
    -4.755714127119280E+00    1.241432813649064E-07
    -4.725346647733993E+00    1.321981092956473E-44
    -4.725346647674154E+00    1.916231540026145E-47
    -4.498602902768656E+00    1.097025741927177E-02
    -4.475971958171204E+00    3.613567883325552E-38
    -4.475971958120248E+00    6.135900347537450E-41
    -3.851345648017361E+00    2.038630420760245E-43
    -3.851345648009133E+00    1.501879507370742E-46
    -3.804403534431025E+00    2.258464580687135E-02
    -1.655432481142359E+00    1.082630471362454E-03
     8.311460735080054E-01    9.682655602509199E-61
     8.311460735080125E-01    6.865748159147451E-68
     8.311460735082328E-01    9.384970740988211E-63
     8.311460735083394E-01    1.323567793454925E-60
     9.064405837382417E-01    3.357644478499847E-57
     9.064405837383553E-01    9.621968322192874E-55
     9.064405837384548E-01    1.253641818543840E-58
     9.064405837385401E-01    9.302647532519604E-58
     9.449380443141884E-01    1.933328887628267E-26
     9.449380443142665E-01    2.477346582811781E-24
     9.449380443144157E-01    1.337017951799091E-24
     9.664844355914219E-01    3.997821570860501E-65
     9.664844355914859E-01    1.206954045403781E-66
     9.664844355915356E-01    1.793208705529052E-64
     9.706304956973177E-01    1.813003269768586E-62
     9.706304956973391E-01    1.696341420294233E-60
     9.706304956974101E-01    3.549564749359061E-60
     9.706304956974883E-01    5.028306819481741E-62
     9.706304956976446E-01    2.857643274663935E-65
     9.904055014351094E-01    4.362265225205667E-58
     9.904055014351307E-01    2.751186873715562E-57
     9.941280147690712E-01    2.579141409764245E-62
     9.941280147690925E-01    5.698270479079674E-63
     9.941280147691565E-01    2.269554759907596E-62
     1.014560641796781E+00    1.782034751365115E-60
     1.014560641796830E+00    3.902448475867416E-65
     1.016832471533039E+00    4.608799836229656E-55
     1.016832471533380E+00    2.656195690930775E-51
     1.016832471533395E+00    1.031811691749128E-55
     1.016832471533487E+00    3.521562804908651E-53
     1.079532159953136E+00    2.253161740191829E-60
     1.079532159953299E+00    1.616355341120419E-62
     1.116809826648510E+00    2.650906263122306E-61
     1.116809826648616E+00    2.665748996095919E-63
     1.116809826648709E+00    4.819576470378650E-62
     1.259290226529838E+00    3.735553002686679E-54
     1.259290226530158E+00    5.205274948741088E-53
     1.259290226530300E+00    1.451100962827830E-51
     1.259290226530485E+00    2.479866741546552E-52
     3.228762487594654E+00    1.053737842597995E-53
     3.228762487594881E+00    1.010533231393207E-52
     3.228762487595137E+00    1.428283881923419E-52
     3.228762487595287E+00    7.299451547629775E-51
     1.232170573646567E+01    8.286404370433782E-59
     1.232170573646577E+01    1.774157983895920E-59
     1.232170573646578E+01    3.687055426235703E-64
     1.236113376170467E+01    9.816545111100338E-61
     1.236113376170472E+01    5.392667986202575E-76
     1.236113376170477E+01    9.636462933567572E-63
     1.236113376170485E+01    1.171702774790581E-71
     1.243519223090118E+01    1.192325100707899E-55
     1.243519223090128E+01    7.544780107610304E-55
     1.243519223090131E+01    1.634575019707823E-56
     1.243519223090142E+01    7.240616412987549E-57
     1.243869805051860E+01    1.623269510245854E-27
     1.243869805051868E+01    4.697898240920705E-24
     1.243869805051875E+01    2.300746434430703E-23
     1.250364478507899E+01    1.515061053959480E-58
     1.250364478507930E+01    9.320956395019501E-56
     1.254367851749000E+01    8.078853930145496E-56
     1.254367851749005E+01    1.472106128467565E-54
     1.275864748999291E+01    9.234283267451664E-26
     1.275864748999302E+01    1.051846340896353E-20
     1.275864748999308E+01    4.886810520610975E-20
     1.277703842047672E+01    2.157875414945178E-55
     1.277703842047679E+01    2.176969313852474E-56
     1.277703842047682E+01    1.165174741358920E-59
     1.277703842047697E+01    8.636990283589766E-59
     1.292107529682076E+01    6.626257726361224E-58
     1.292107529682086E+01    1.162450386775403E-55
     1.687785208760247E+01    1.767537164814249E-61
     1.687785208760267E+01    9.050365307435042E-62
     1.687785208760274E+01    2.810796766087775E-61
     1.698886724250749E+01    6.754761758487592E-58
     1.698886724250783E+01    1.073584677064820E-56
     1.699693619782451E+01    8.618620661754817E-16
     1.699693619782465E+01    3.892394067127242E-18
     1.699693619782478E+01    8.747981038620100E-14
     1.703541645532030E+01    5.773093052660450E-57
     1.703541645532054E+01    2.895742106151017E-56
     1.705204119775083E+01    5.168259279952368E-60
     1.705204119775097E+01    3.380550229837569E-61
     1.705204119775109E+01    5.132252549287381E-58
     1.705204119775123E+01    2.462124942681500E-63
     1.705917588312061E+01    2.171119405789267E-67
     1.706315705852068E+01    1.129567449625203E-59
     1.707783275374033E+01    2.743568112980084E-61
     1.707783275374041E+01    8.796554766035456E-59
     1.709259894965359E+01    5.557853653741238E-14
     1.709259894965367E+01    3.601814039714406E-17
     1.709259894965400E+01    1.845995239884788E-13
     1.718045494143396E+01    6.100438620816363E-62
     1.720863848161459E+01    1.497652345532380E-61
     1.720863848161479E+01    2.781329876027066E-64
     1.733942490925353E+01    2.721280000848538E-19
     1.733942490925370E+01    2.327516854818962E-19
     1.733942490925407E+01    7.135580649352721E-19
     1.931161227852413E+01    2.977671619003213E-15
     1.931161227852419E+01    5.197051409866935E-15
     1.931161227852456E+01    6.693305781776798E-15
     2.047065628091769E+01    2.573328848611181E-59
     2.047065628091910E+01    2.673034622393535E-55
     2.058159391358566E+01    5.441280135873744E-55
     2.059723283979207E+01    3.209551301987369E-43
     2.059723283979284E+01    8.869783343516541E-44
     2.060260520385029E+01    1.378047168824824E-01
     2.063394988570117E+01    1.143138646574435E-06
     2.063394988570152E+01    7.596829148545884E-07
     2.063394988570249E+01    3.926810671249984E-07
     2.063885249140041E+01    7.037203313383129E-53
     2.071219577970094E+01    2.965228081313428E-49
     2.071219577970119E+01    5.401859620090910E-48
     2.079788634539107E+01    1.171922475501504E-58
     2.090219163766855E+01    4.926967936389802E-50
     2.090219163766890E+01    7.938831365648102E-50
     2.100616902286147E+01    1.091965959443938E-57
     2.100616902286161E+01    1.140714565443122E-57
     2.103518447267352E+01    1.189652471589532E-58
     2.103518447267369E+01    7.787621269041347E-58
     2.103518447267382E+01    2.969380560540768E-57
     2.110924213469989E+01    4.256790296736799E-13
     2.110924213469999E+01    5.690056119225942E-15
     2.110924213470019E+01    8.731769202512374E-13
     2.114364273135684E+01    6.946777006698338E-55
     2.114364273135698E+01    9.452369199125153E-55
     2.120482291082083E+01    2.958372110093720E-59
     2.122831160158320E+01    1.567568476638634E-61
     2.144238196441555E+01    4.117434319743847E-53
     2.144238196441591E+01    1.766762034959973E-51
     2.151762716519215E+01    2.954775885145837E-10
     2.151762716519242E+01    6.231497285663094E-15
     2.151762716519254E+01    6.943978488031093E-09
     2.159610054982467E+01    1.724574833008895E-55
     2.298381267397633E+01    1.604529240032843E-55
     2.298381267397645E+01    1.476597083318091E-53
