#   31.880136040084356     
    -2.963897986566046E+01    6.760026353211697E-51
    -2.963897986566037E+01    3.925378774458134E-50
    -2.953948168078538E+01    5.813380625697314E-04
    -2.912540387247570E+01    7.037275070300546E-54
    -2.912540387247564E+01    1.533700195317936E-54
    -2.907548423515080E+01    4.376410313195694E-53
    -2.903740375961618E+01    1.286794156405151E-58
    -2.902049942972773E+01    7.584903637727568E-53
    -2.902049942972763E+01    3.131560223388216E-54
    -2.898638568305013E+01    7.147922571961806E-11
    -2.898638568305001E+01    2.937886509592784E-16
    -2.898638568304986E+01    2.919720717692937E-11
    -2.894277416278107E+01    4.174665023051009E-04
    -2.892917622632810E+01    8.341884162902172E-58
    -2.887721749162904E+01    3.586897852546663E-52
    -2.887721749162902E+01    2.786269297875154E-51
    -2.884117540830418E+01    1.074203588891865E-51
    -2.884117540830361E+01    4.994182844210127E-53
    -2.879918996891891E+01    1.663276767245287E-07
    -2.875967582176879E+01    1.102925731866511E-49
    -2.875967582176872E+01    2.289203241582754E-50
    -2.870073190373717E+01    1.240871057583247E-58
    -2.870073190373713E+01    3.545105207707541E-49
    -2.863727703945525E+01    3.899098662933541E-04
    -2.850520207715162E+01    3.373640436591034E-09
    -2.849739065797327E+01    1.154874834457381E-50
    -2.849739065797294E+01    1.753860925879348E-49
    -2.848680131514675E+01    8.360388890117512E-47
    -2.848680131514631E+01    2.467582534342603E-47
    -2.847755551266687E+01    1.613165375813254E-04
    -2.836011396140709E+01    1.511632361985366E-04
    -2.834940465710955E+01    4.905991579476859E-09
    -2.834325247282238E+01    3.875506415277455E-48
    -2.834325247282231E+01    4.071109815676490E-48
    -2.833959210726236E+01    1.630653808628782E-46
    -2.833959210725944E+01    3.312708408060109E-57
    -2.832561776982441E+01    2.083957371838363E-46
    -2.832561776982136E+01    1.613057196884396E-46
    -2.823588359827175E+01    9.907241183163415E-08
    -2.809848010105402E+01    1.630559297253694E-05
    -2.809608582215755E+01    2.884804695551037E-46
    -2.809608582215715E+01    1.043447301428843E-46
    -2.805495822703562E+01    1.339020759734101E-08
    -2.803760962445786E+01    2.023546296144768E-46
    -2.803760962444373E+01    6.286707146593223E-46
    -2.801682413982049E+01    5.115086985086001E-45
    -2.801682413980542E+01    1.912978693548930E-44
    -2.797816263112852E+01    8.293677703914016E-05
    -2.793988730487391E+01    4.680115462156236E-49
    -2.793988730487103E+01    8.221639875983050E-46
    -2.788032813183036E+01    4.874888682676344E-07
    -2.774675232427802E+01    2.487906522029705E-49
    -2.774675232427631E+01    6.748043083121107E-50
    -2.766384931557607E+01    1.129579042181224E-03
    -2.761579068218035E+01    1.638939684418888E-41
    -2.761579068216657E+01    5.906232470266137E-41
    -2.760673718967165E+01    1.168421585738220E-04
    -2.745408158874445E+01    2.918260802816029E-08
    -2.742468901092026E+01    6.181140196168985E-44
    -2.742468901084477E+01    1.016541333653438E-43
    -2.739030989389614E+01    5.679549116633750E-41
    -2.739030989381744E+01    8.800041839694004E-41
    -2.737528725051048E+01    5.727866072270003E-06
    -2.722136627488288E+01    3.900778158447724E-04
    -2.709047018717505E+01    8.158955671782775E-52
    -2.709047018717458E+01    2.808925228982842E-55
    -2.701688991056200E+01    3.396420989577499E-51
    -2.701467948244676E+01    1.722864423490644E-45
    -2.701467948237245E+01    2.303337162097821E-45
    -2.697190784029524E+01    2.348882157639935E-07
    -2.695046681677845E+01    5.748981965374263E-50
    -2.695046681677832E+01    1.040742337502768E-49
    -2.694727695083634E+01    8.689535289435083E-62
    -2.693366451984084E+01    1.136146025822417E-10
    -2.693366451984065E+01    1.282635823392294E-10
    -2.693366451984051E+01    3.260413456312266E-10
    -2.683258351777565E+01    2.981873440311195E-02
    -2.683018760090955E+01    7.769773984988357E-54
    -2.675149274009323E+01    2.290610432046419E-52
    -2.675149274009300E+01    1.053271881188031E-50
    -2.674161342188197E+01    2.781853868471520E-47
    -2.674161342187833E+01    4.308303893672793E-47
    -2.665682696914846E+01    9.009700720022162E-46
    -2.665682696914679E+01    3.647811373451157E-45
    -2.627168520366788E+01    4.326674058660318E-08
    -2.624866111321461E+01    9.619268173871415E-42
    -2.624866111307399E+01    1.524923025200347E-41
    -2.621572759125384E+01    6.915307862935484E-53
    -2.621572759125371E+01    1.257418442735278E-48
    -2.621572759125353E+01    1.150915588788433E-47
    -2.619232941807895E+01    5.212734466920372E-44
    -2.619232941795767E+01    7.631634310027353E-44
    -2.617646047022104E+01    1.126408629419221E-38
    -2.617646046996412E+01    1.772567862925113E-38
    -2.616883122511938E+01    4.516512772140429E-18
    -2.616883122511934E+01    7.071297641972490E-20
    -2.616883122511923E+01    2.996131586604275E-16
    -2.614478076540382E+01    1.663367839347284E-54
    -2.612775566053393E+01    3.748848125807183E-49
    -2.612215722789930E+01    1.003212212228789E-39
    -2.612215722788986E+01    1.408843739688429E-39
    -2.609902872405612E+01    2.471686334665082E-03
    -2.581348410731985E+01    4.608405046187795E-39
    -2.581348410710304E+01    7.326039930207404E-39
    -2.579641467493969E+01    2.388193225353085E-19
    -2.579641467493958E+01    3.296834434841230E-14
    -2.579641467493951E+01    2.112785558081955E-14
    -2.577220710659743E+01    2.040357261933393E-37
    -2.577220710655378E+01    2.976798730992441E-37
    -2.576485027287922E+01    1.939194770375565E-04
    -2.575003707148635E+01    4.936587466701289E-49
    -2.537758191483173E+01    9.349378910406489E-05
    -2.466295214672739E+01    1.907125366529917E-47
    -2.466295214672132E+01    6.460967963287758E-47
    -2.391441491157890E+01    4.578854662846467E-08
    -2.383802066110863E+01    3.426688883188827E-41
    -2.383802066024155E+01    6.357254683432163E-41
    -2.380168228032562E+01    3.184226095500050E-53
    -2.380168228032558E+01    2.839267762173615E-52
    -2.380168228032553E+01    9.752256574958477E-54
    -2.377380055621406E+01    1.196720132640669E-36
    -2.377380055533015E+01    2.144980673971754E-36
    -2.373395768409368E+01    3.816001715545240E-55
    -2.373395768409362E+01    2.135981238671643E-56
    -2.373017158601160E+01    4.309554681738648E-18
    -2.373017158601154E+01    2.977065748974570E-17
    -2.373017158601151E+01    1.255355625321940E-21
    -2.370921778369597E+01    2.566998218618213E-54
    -2.370921778369583E+01    4.114471023436763E-53
    -2.370564040884526E+01    6.478147447655029E-53
    -2.368688276071006E+01    3.219274713128244E-03
    -2.368103976156403E+01    5.484878821808392E-52
    -2.367847203018206E+01    8.167758565493263E-57
    -2.367847203018205E+01    8.464445839601631E-55
    -2.367847203018191E+01    2.291534952858303E-54
    -2.367847203018185E+01    4.695090443530313E-47
    -2.367213137963533E+01    2.588513909615758E-42
    -2.367213137963525E+01    8.636652608561068E-42
    -2.362566032508310E+01    1.205692548898064E-17
    -2.362566032508307E+01    6.748445805589019E-14
    -2.362566032508301E+01    8.037352889526560E-22
    -2.360744019746792E+01    1.452976830440983E-54
    -2.359333914564084E+01    1.300941303916914E-56
    -2.359333914564080E+01    1.294614888919511E-55
    -2.349307440715313E+01    7.311602713456221E-17
    -2.349307440715309E+01    1.534491967421791E-20
    -2.349307440715304E+01    2.968116371370039E-17
    -2.342355111304326E+01    1.285644750639157E-36
    -2.342355111218781E+01    2.300759858709085E-36
    -2.337496655253709E+01    2.514369254511484E-04
    -2.199939238332649E+01    2.342453434891804E-50
    -2.199939238332608E+01    1.089181573139277E-51
    -2.190268970426542E+01    4.743239784940557E-51
    -2.184790949507426E+01    1.476653930138394E-49
    -2.184790949507400E+01    1.030936451544994E-48
    -2.183230570154223E+01    8.993382877656762E-08
    -2.183230570154202E+01    2.154080252956325E-07
    -2.183230570154188E+01    9.517272427229609E-15
    -2.182178493059561E+01    2.097902412609841E-55
    -2.178536002905773E+01    5.096972736808364E-42
    -2.178536002903195E+01    7.287410179147657E-42
    -2.177217465222650E+01    7.504549214252584E-02
    -2.169092734118615E+01    2.768527562558177E-51
    -2.167857799611332E+01    5.013137531204815E-02
    -2.161296086188158E+01    1.189734546684089E-48
    -2.161296086188155E+01    1.841348275699569E-45
    -2.155426234157471E+01    2.912695008489109E-46
    -2.155426234157405E+01    3.984697350769796E-45
    -2.142618718953943E+01    1.763935777007273E-15
    -2.142618718953939E+01    1.262870520414468E-18
    -2.142618718953937E+01    5.010067869883153E-13
    -2.090542838037067E+01    6.403033297027302E-50
    -2.090542838036537E+01    8.902038555579931E-50
    -2.088614514486496E+01    1.977269948878112E-51
    -2.088614514486486E+01    7.212485684358515E-52
    -2.088614514486479E+01    5.225543624207064E-51
    -2.078020826998508E+01    4.928331571344739E-15
    -2.078020826998501E+01    1.125104768678501E-14
    -2.078020826998486E+01    6.994755498115450E-13
    -2.076178370284347E+01    8.741620104051436E-50
    -2.072051419867925E+01    6.630580353896843E-47
    -2.072051419867714E+01    1.083315562309575E-46
    -2.071599793531971E+01    2.988676630797452E-52
    -2.044418948368294E+01    3.187979225312131E-57
    -2.044418948367968E+01    2.076425588959333E-53
    -2.042653393951855E+01    1.535683231255367E-12
    -2.042653393951842E+01    5.756414450796719E-13
    -2.042653393951839E+01    5.812139726317237E-11
    -2.035378171140817E+01    2.209830101928919E-52
    -1.959534372578283E+01    1.425693270732106E-04
    -1.953263798378809E+01    1.459180097151692E-41
    -1.953263798376809E+01    3.513466713831174E-41
    -1.909522042109151E+01    1.561998736310174E-08
    -1.899340927864682E+01    2.997634237842473E-39
    -1.899340927380941E+01    7.162654458585303E-39
    -1.892412738833906E+01    1.322653257297467E-33
    -1.892412738343187E+01    3.186023617220471E-33
    -1.883231458083316E+01    4.301347424696832E-03
    -1.855997207378250E+01    1.395062997382803E-32
    -1.855997206895385E+01    3.352302777356068E-32
    -1.852874097273994E+01    7.141311033258532E-04
    -1.524074162178222E+01    5.158905210842584E-55
    -1.524074162178221E+01    6.416641037532769E-54
    -1.524074162178215E+01    1.625566019600503E-53
    -1.522130552141445E+01    2.678835698257595E-53
    -1.522130552141441E+01    1.010510023882324E-57
    -1.522130552141437E+01    5.720649689443110E-53
    -1.522130552141432E+01    4.132421183821997E-54
    -1.517143361799541E+01    8.960804787034217E-52
    -1.517143361799537E+01    2.093619949552764E-46
    -1.517143361799534E+01    5.587874231854331E-50
    -1.517143361799531E+01    1.039184353377000E-52
    -1.516207527778496E+01    6.808609609687881E-28
    -1.516207527778494E+01    3.310221277583555E-32
    -1.516207527778490E+01    1.206238177649505E-27
    -1.512146972913844E+01    7.906975082684280E-53
    -1.512146972913827E+01    3.806012271505530E-58
    -1.509477483520931E+01    6.797741819976856E-52
    -1.509477483520919E+01    9.855395525394814E-52
    -1.481709145892692E+01    9.964023528302498E-20
    -1.481709145892689E+01    1.351515314469385E-21
    -1.481709145892686E+01    1.223235281070662E-20
    -1.481491444631760E+01    3.447976544220257E-50
    -1.481491444631756E+01    3.779173190854420E-47
    -1.481491444631752E+01    7.230185916231819E-55
    -1.481491444631743E+01    2.016010958012820E-54
    -1.471285130799606E+01    1.381621130141083E-52
    -1.471285130799593E+01    3.356487340477018E-53
    -1.220168124281611E+01    5.796729369339357E-52
    -1.220168124281605E+01    1.057515021763487E-51
    -1.220168124281604E+01    4.601146208049203E-51
    -1.212915922964870E+01    9.423217164502741E-10
    -1.208415492666891E+01    1.194597028129664E-13
    -1.208415492666886E+01    3.245925687767413E-14
    -1.208415492666879E+01    1.141664987523254E-16
    -1.207446974271465E+01    3.440354654640120E-42
    -1.207446974271358E+01    5.582889195456825E-42
    -1.207404498763662E+01    1.096283657176067E-57
    -1.207404498763658E+01    4.897026767368726E-56
    -1.204513553899200E+01    1.020187179759016E-50
    -1.204513553899195E+01    4.688890847801880E-51
    -1.204513553899188E+01    1.207336982577465E-49
    -1.204513553899182E+01    3.947130731033272E-51
    -1.204387281601682E+01    2.376580906745697E-51
    -1.203193455362457E+01    6.644491251850927E-52
    -1.203193455362449E+01    1.283913359033186E-51
    -1.203067180743447E+01    2.513367263191711E-38
    -1.203067179135143E+01    5.868789612530495E-38
    -1.203030542194135E+01    5.526666970225290E-57
    -1.199177091454543E+01    3.391617712178083E-13
    -1.199177091454531E+01    1.871498633799888E-17
    -1.199177091454518E+01    6.550572170076472E-13
    -1.197088407543308E+01    1.670397325807794E-28
    -1.197088405936579E+01    3.876404975398488E-28
    -1.196211730146736E+01    4.201240698936141E-04
    -1.191974207162841E+01    3.636320303508426E-55
    -1.190720877848408E+01    5.814072319887319E-52
    -1.190720877848387E+01    5.569558746138333E-53
    -1.178642959615183E+01    8.010313369975068E-18
    -1.178642959615150E+01    4.638771849154076E-20
    -1.178642959615129E+01    3.208639417157274E-17
    -1.166201325443581E+01    2.243094684700509E-03
    -1.161637642406919E+01    1.054354446053744E-30
    -1.161637640800678E+01    2.447602981271164E-30
    -9.804323188514935E+00    1.890601303166850E-12
    -9.804323188514438E+00    5.702377144905100E-15
    -9.804323188514317E+00    3.930967634351526E-12
    -9.653882497271084E+00    5.732600234999232E-49
    -9.653882497270164E+00    9.007307980648866E-50
    -9.539754189194543E+00    2.446202461746625E-56
    -9.508419978960454E+00    7.457176808973226E-47
    -9.508419978960212E+00    6.141922834906709E-45
    -9.482927504381546E+00    2.229544818330943E-06
    -9.482927504381330E+00    6.531195408853705E-08
    -9.482927504380886E+00    5.172914397772275E-07
    -9.476463008992514E+00    3.110922557540352E-01
    -9.464076673197766E+00    5.065206544893154E-53
    -9.320324058260127E+00    1.270970440817490E-59
    -9.314817740548641E+00    2.389463079782773E-50
    -9.314817740546200E+00    1.477682985609885E-46
    -9.220338705044277E+00    3.930027512118710E-48
    -9.220338705043908E+00    2.827200215929394E-49
    -8.627812266713505E+00    8.984784287781159E-52
    -8.627812266704272E+00    1.026119678914079E-51
    -8.594939360889597E+00    4.412632293748829E-55
    -8.594939360889480E+00    5.999481100681753E-57
    -8.594939360889260E+00    1.093660437765244E-53
    -8.480168663641695E+00    6.606460772943435E-13
    -8.480168663641493E+00    2.546809254982732E-17
    -8.480168663641422E+00    3.260327789762414E-12
    -8.437910541383122E+00    6.428357159725941E-56
    -8.430815073000851E+00    7.160688601874375E-48
    -8.430815072996534E+00    1.065706841692289E-47
    -8.388779160395213E+00    8.873382916667452E-56
    -8.168147230273636E+00    3.146019922986558E-45
    -8.168147230268801E+00    1.096942891233587E-44
    -8.117015773800514E+00    1.250491535154543E-10
    -8.117015773800379E+00    1.562986320720825E-18
    -8.117015773800233E+00    9.899108871993488E-10
    -8.027970027742853E+00    1.261794107453175E-55
    -7.154389252330304E+00    9.117275881667760E-48
    -7.154389252329366E+00    1.170613306141750E-46
    -4.725778720001276E+00    4.949517369009703E-45
    -4.725778719977171E+00    6.639947723793277E-45
    -4.631734423547677E+00    8.626062661583184E-03
    -2.486825103381026E+00    2.534471528038392E-03
     8.314429641601215E-01    7.817802394843870E-58
     8.314429641604839E-01    1.769141073652081E-57
     8.314429641605194E-01    1.239530474086481E-57
     8.314429641611518E-01    3.890521611622323E-58
     9.067374844538243E-01    8.271409132941551E-54
     9.067374844540517E-01    4.553006285525052E-55
     9.067374844541085E-01    1.319443866563024E-52
     9.067374844547835E-01    6.764827259349514E-53
     9.452342125449782E-01    2.967550152657758E-26
     9.452342125451487E-01    2.975203931390466E-24
     9.452342125453974E-01    8.036703099072433E-25
     9.667807588712058E-01    6.097337492276449E-65
     9.667807588712485E-01    5.536498732213995E-65
     9.667807588712769E-01    2.957426260617134E-67
     9.709265100583018E-01    1.784115509607920E-59
     9.709265100584297E-01    3.864438936473929E-64
     9.709265100584794E-01    1.314829975535315E-59
     9.709265100586997E-01    2.090402246896083E-62
     9.709265100588631E-01    8.087730609053197E-60
     9.907017159287328E-01    6.355103466842124E-55
     9.907017159288110E-01    2.516247133414288E-55
     9.944243494967786E-01    1.976245218241973E-62
     9.944243494968141E-01    3.199081024203288E-59
     9.944243494968354E-01    5.894566231715519E-61
     1.014856686206084E+00    1.327287809583780E-57
     1.014856686206198E+00    2.759305847585415E-55
     1.017128155497023E+00    2.246670406559730E-50
     1.017128155497378E+00    1.541750721461034E-58
     1.017128155497534E+00    1.790798047523114E-53
     1.017128155497712E+00    2.784744451357645E-54
     1.079827966308596E+00    1.178194372998976E-57
     1.079827966308873E+00    4.217116570320514E-56
     1.117105199857850E+00    3.735709641670538E-61
     1.117105199857978E+00    1.280619414164484E-57
     1.117105199858312E+00    2.662872432787353E-60
     1.259584779614176E+00    2.622268541498020E-51
     1.259584779614531E+00    7.174898517215972E-55
     1.259584779614787E+00    1.823725715548594E-54
     1.259584779615000E+00    3.611823313693951E-57
     1.831729734833647E+00    1.469721684443257E-13
     1.970399811224436E+00    3.829983686858547E-43
     1.970399822198825E+00    6.368577938905647E-43
     2.032263820783715E+00    1.766497770527437E-05
     2.047014649161621E+00    1.355183388693385E-31
     2.047014660094330E+00    2.604087783420826E-31
     2.333313670225113E+00    1.910225197208214E-02
     2.396742477320917E+00    6.058149691793709E-31
     2.396742488273393E+00    1.163679007473760E-30
     3.229063047312533E+00    1.108877074890260E-49
     3.229063047312810E+00    2.984522935626289E-53
     3.229063047313073E+00    2.857625283533554E-56
     3.229063047313577E+00    6.521431825163565E-54
     1.232200354735558E+01    3.448577595234740E-60
     1.232200354735583E+01    6.078340383080884E-58
     1.232200354735584E+01    7.123100120517478E-59
     1.236143144555799E+01    3.880729413007564E-54
     1.236143144555814E+01    1.092343901223819E-53
     1.236143144555830E+01    1.877058824809881E-54
     1.236143144555847E+01    1.300615627660787E-53
     1.243548980173697E+01    2.843557091684802E-57
     1.243548980173713E+01    6.439809783723184E-51
     1.243548980173732E+01    5.314358835960294E-55
     1.243548980173751E+01    1.449293220999160E-52
     1.243899554312639E+01    4.467426456228749E-24
     1.243899554312656E+01    4.290165004297634E-26
     1.243899554312668E+01    1.837003519889900E-23
     1.250394182250030E+01    1.480133811153547E-60
     1.250394182250092E+01    4.712240747805238E-56
     1.254397574857802E+01    4.004864212552846E-54
     1.254397574857870E+01    1.675724421188944E-55
     1.275894411038639E+01    8.800828925825338E-21
     1.275894411038665E+01    2.077548818369715E-23
     1.275894411038665E+01    4.998497480499378E-20
     1.277733506697561E+01    8.163136629389903E-54
     1.277733506697573E+01    3.264326262954883E-49
     1.277733506697609E+01    1.224882201770209E-56
     1.277733506697614E+01    2.769516613759100E-52
     1.292137142386887E+01    3.655418780346499E-52
     1.292137142386949E+01    6.698749511880722E-54
     1.687814855603997E+01    3.541698725080734E-55
     1.687814855604004E+01    2.476829921713816E-54
     1.687814855604011E+01    1.103461754720337E-55
     1.698916328863508E+01    1.902435613438449E-53
     1.698916328863512E+01    1.743259505852554E-53
     1.699723258796845E+01    2.592215534951802E-14
     1.699723258796855E+01    2.787425917582153E-14
     1.699723258796863E+01    2.609127771618088E-19
     1.703571250674259E+01    4.405590849094649E-57
     1.703571250674266E+01    1.614761121249012E-56
     1.705233683080570E+01    6.199846083220217E-55
     1.705233683080580E+01    4.686136394691153E-54
     1.705233683080585E+01    7.744953791003891E-60
     1.705233683080590E+01    1.753726306287544E-57
     1.705947182217413E+01    5.010537523925298E-53
     1.706345265761405E+01    3.713971375760126E-61
     1.707812886494768E+01    4.317206238132300E-58
     1.707812886494775E+01    5.255740639978262E-59
     1.709289452198718E+01    1.933465971248878E-18
     1.709289452198727E+01    2.694374517915884E-14
     1.709289452198736E+01    2.639323789620449E-13
     1.718075079800776E+01    1.318384526047488E-56
     1.720893362226716E+01    6.679108698425694E-58
     1.720893362226726E+01    3.221375411929388E-56
     1.733971928534900E+01    1.776796362952192E-18
     1.733971928534909E+01    4.795538260548777E-20
     1.733971928534916E+01    1.094975924519822E-19
     1.931190964758528E+01    6.431837500964914E-19
     1.931190964758571E+01    1.901287548078763E-14
     1.931190964758573E+01    5.938256562973146E-15
     2.047153364986024E+01    4.048658941921652E-50
     2.047153364986174E+01    7.016001259159863E-49
     2.058188995970572E+01    6.178036062633616E-55
     2.059799178361410E+01    1.239118947714376E-48
     2.059799178361474E+01    7.366802196349956E-46
     2.060391944754197E+01    1.429004482106521E-01
     2.063424516329008E+01    2.695101309341608E-07
     2.063424516329033E+01    4.476969028719762E-06
     2.063424516329099E+01    1.448178479387612E-12
     2.063914805232108E+01    1.440154380374886E-58
     2.071301175082483E+01    5.750196988529062E-49
     2.071301175082501E+01    1.376815758085228E-47
     2.079818112056519E+01    8.359349971821141E-58
     2.090251799454635E+01    9.190994085354068E-53
     2.090251799454752E+01    1.247167650714421E-50
     2.100641463723063E+01    8.121077479431641E-53
     2.100641463723091E+01    5.719911592223723E-52
     2.103548115297689E+01    1.510081939795064E-56
     2.103548115297716E+01    4.012644805963216E-59
     2.103548115297729E+01    3.060736330800975E-57
     2.110953871336928E+01    1.087786936009993E-14
     2.110953871336939E+01    2.161750408073413E-13
     2.110953871336953E+01    1.288608715353870E-12
     2.114390799779789E+01    4.103108636749665E-51
     2.114390799779828E+01    8.567466407911239E-55
     2.120511912734233E+01    3.822420404019559E-55
     2.122860790225338E+01    1.113115830681706E-55
     2.144268599583194E+01    3.181946601561247E-49
     2.144268599583220E+01    6.791231535034468E-50
     2.151792281243374E+01    2.737755564662782E-12
     2.151792281243386E+01    3.957732227851313E-10
     2.151792281243400E+01    6.651416056949562E-09
     2.159639580561385E+01    2.150966330114363E-56
     2.298473775654383E+01    4.204209011623093E-49
     2.298473775654549E+01    3.172336406522401E-49
