     3.094719041273273E+00    2.230925552845057E-22
     3.094719041282409E+00    4.938986967380651E-24
     3.203770827495498E+00    4.648364641087983E-03
     3.530387724918697E+00    6.008152476156120E-05
     3.629574991995649E+00    2.998010193170158E-21
     3.629574991995657E+00    1.030100492596166E-21
     3.768908110537825E+00    7.263019356995263E-22
     3.768908110626945E+00    6.531034793231003E-23
     3.817705711926298E+00    4.468209969780784E-03
     4.096784357518364E+00    1.265868543670242E-21
     4.096784357838356E+00    2.624470602783350E-21
     4.608747432019542E+00    3.310497994592199E-03
     5.503654883112627E+00    1.003528957224891E-03
     5.949344151013494E+00    1.197241058455985E-02
     5.964252468527521E+00    9.634625143928268E-15
     5.964252494903501E+00    7.437477502799327E-16
     5.993010937213397E+00    1.854080490828895E-16
     6.070713009101427E+00    1.330618230090933E-17
     6.070713016652411E+00    1.928290915243722E-16
     8.160924100266747E+00    9.319196830892485E-21
     8.160924100619448E+00    1.622834945183605E-20
     1.055306623697211E+01    2.897774844641723E-05
     1.070422732657806E+01    1.159840838612699E-23
     1.070422732657808E+01    2.866186480574715E-22
     1.085283624697544E+01    1.072310243255597E-21
     1.085283624698381E+01    6.016886761046024E-23
     1.088521946215424E+01    1.985546286666705E-03
     1.115455271636510E+01    3.794747494301797E-22
     1.115455271649182E+01    1.420625772828227E-21
     1.151570921599372E+01    1.422967757809037E-02
     1.951327158691432E+01    3.041691434079368E-24
     1.951327158692409E+01    7.047038214927278E-25
     1.961044131722399E+01    1.192608476852618E-02
     2.180758493745158E+01    4.290216079851272E-03
     5.370706647447178E+01    5.416242468740122E-06
     5.381839494672455E+01    5.675498344544881E-26
     5.381839494672462E+01    5.427846910342944E-25
     5.391522558438761E+01    2.725384574408397E-24
     5.391522558438923E+01    8.832963775388184E-27
     5.395829615847911E+01    4.514448606315410E-04
     5.424623968470339E+01    2.673180013361367E-02
     5.425246280175141E+01    2.665899306920185E-25
     5.425246280175178E+01    2.899681396415857E-27
