     2.316310452510089E+00    2.132968645285997E-20
     2.316310452517595E+00    1.140922652329140E-20
     2.416456535150693E+00    1.811076257933315E-03
     3.085260079821579E+00    7.596213729055784E-04
     3.103104101598495E+00    6.470524029210828E-18
     3.103104103686388E+00    2.798004340186974E-18
     3.113566683143302E+00    3.200144978147717E-05
     3.127439125635742E+00    1.265355336284678E-20
     3.165856114256508E+00    3.860842969164601E-19
     3.165856114257799E+00    1.183497120147354E-20
     3.205755934886932E+00    7.159336004986808E-20
     3.205755935144680E+00    2.356826100700536E-20
     3.236769389208548E+00    3.255619027602402E-22
     3.236769389431051E+00    1.392851015906411E-23
     3.340757701787382E+00    2.988236862189081E-03
     3.590639000566649E+00    2.903601007295880E-21
     3.590639000698280E+00    4.881347028086669E-21
     3.693861015057898E+00    8.520249063576974E-06
     4.385968686998068E+00    2.788233272760290E-05
     4.459052588055204E+00    1.532224531871476E-19
     4.459052588064492E+00    5.425388885463762E-20
     4.482920131567882E+00    1.040122177274017E-03
     4.540387870057412E+00    2.460105692461942E-20
     4.540387870116645E+00    2.926759834608215E-20
     4.805848022382091E+00    2.884711619273094E-03
     4.813315794792451E+00    1.352083744681903E-19
     4.813315795384752E+00    8.781297484162711E-21
     5.026320515662157E+00    9.283812352154489E-05
     5.104054683488667E+00    7.845177895932832E-20
     5.104054683824738E+00    5.025865864011684E-20
     5.257621208669184E+00    5.621390123534077E-03
     5.319078758279595E+00    2.989184804662003E-20
     5.319078759540561E+00    6.171098624118219E-23
     5.932250444419691E+00    7.412581974999964E-03
     5.952062570970315E+00    1.326571384544384E-16
     5.952062583380222E+00    2.733374700536108E-15
     5.997997940014161E+00    2.288888417206778E-18
     6.071357203150669E+00    1.455539251509815E-17
     6.071357213649247E+00    7.873937642479759E-19
     6.286922166168981E+00    1.214404400377240E-22
     6.286922170779505E+00    6.358376259560705E-20
     6.310791209445130E+00    4.074287561112497E-10
     6.310791212405022E+00    3.921206934399740E-11
     6.310791220617955E+00    1.850968342995826E-09
     6.371987466168414E+00    2.026087157844689E-14
     6.371987469591453E+00    4.997616481476589E-16
     6.372202570539097E+00    1.519996327345930E-05
     6.381007593199044E+00    4.563565903101686E-22
     6.412257324495069E+00    5.687667214890806E-20
     6.419761950011040E+00    2.027030690610002E-21
     6.419761957139596E+00    3.044913003894516E-19
     6.726496274873728E+00    6.054415562765772E-21
     6.726496275542658E+00    1.019130636263375E-16
     6.728437756111282E+00    8.940240082156712E-05
     6.757997804553509E+00    1.661589942203720E-19
     6.757997807491078E+00    3.820684436263006E-20
     6.792672343019806E+00    8.988598811952458E-21
     7.309739367765827E+00    3.479359795034870E-04
     8.153699908509404E+00    7.983946084413248E-21
     8.153699909170696E+00    6.795670562850586E-21
     8.564064689327244E+00    1.989495453893202E-05
     8.690580719169255E+00    4.123092296470022E-19
     8.690580719182908E+00    2.162694030030854E-19
     8.808651468411011E+00    5.205597766589276E-20
     8.808651468442141E+00    6.371072298204173E-20
     8.897448387663395E+00    4.087222698187426E-03
     9.136459919492607E+00    2.807040466942027E-20
     9.136459920139865E+00    5.919632404550780E-21
     9.331129990202269E+00    5.863979511628881E-03
     1.049279462249272E+01    3.643218371912930E-20
     1.049279463586588E+01    7.273328403656486E-20
     1.052096027586826E+01    2.283271017369845E-19
     1.052639581592687E+01    2.957784826538464E-06
     1.056230736205273E+01    3.253496819598668E-20
     1.056230737091586E+01    7.603247897801802E-20
     1.067463927848467E+01    2.181418509255346E-19
     1.067463928929775E+01    1.944869555389753E-19
     1.068237494657294E+01    3.812153327040518E-07
     1.273616559265506E+01    3.539766001177741E-17
     1.273616559302414E+01    1.185912283500664E-17
     1.273621614507900E+01    1.081411652360074E-06
     1.377648490513975E+01    5.465000320842565E-18
     1.377648492391773E+01    2.842877564714988E-17
     1.381722936734657E+01    1.902680687568297E-08
     1.381722937709538E+01    1.951145172198506E-08
     1.381722939400262E+01    8.579732879013398E-09
     1.385559386797431E+01    1.366229903037006E-02
     1.388765479787476E+01    8.476269987923004E-16
     1.388765481044215E+01    1.550766937008807E-15
     1.394081247256179E+01    2.700920484111684E-16
     1.395130534476755E+01    3.043275852871939E-14
     1.395130536973129E+01    1.198017895968717E-14
     1.395341354970591E+01    1.350087538369948E-03
     1.397484149258711E+01    7.287133531166779E-18
     1.400625169470368E+01    2.971284281591666E-18
     1.400625172091095E+01    1.097718968508782E-16
     1.403020817807274E+01    5.962169632910291E-18
     1.406075163398724E+01    5.349242084731967E-20
     1.406075164251375E+01    1.462558520396510E-18
     1.426639035285388E+01    3.144454380813482E-19
     1.426639035289255E+01    2.760165631710013E-20
     1.429214659720241E+01    4.900092422101718E-17
     1.429214660466233E+01    4.078384105743620E-18
     1.429872030592911E+01    8.484315934322132E-04
     1.429957686697165E+01    3.413190250767061E-16
     1.429957687422936E+01    3.560097139886793E-14
     1.436206168520575E+01    7.295618819359551E-03
     1.438501171061429E+01    1.293830303055434E-19
     1.615805835210114E+01    2.525132030973037E-20
     1.615805835248092E+01    1.730230779353117E-20
     1.651465627517250E+01    1.941262757728159E-03
     2.130359010697122E+01    1.935199631043847E-06
     2.145895445684389E+01    1.531305299397233E-19
     2.145895445685283E+01    2.493401584821220E-18
     2.157197885535156E+01    1.403739270105167E-20
     2.157197885539054E+01    7.241580069705933E-19
     2.158962802272148E+01    7.003909676369006E-04
     2.189438879709500E+01    4.066111546775003E-20
     2.189438879724329E+01    1.016016782867747E-22
     2.192802567063665E+01    8.698582833545767E-03
     2.457143352988394E+01    8.686944838874004E-12
     2.457143353829237E+01    2.965042359815046E-12
     2.457143354589510E+01    9.037653325053762E-12
     2.459655295699719E+01    3.700398058232433E-16
     2.459655296887382E+01    6.483481919525740E-12
     2.459655297842778E+01    4.010237328285736E-12
     2.459655298112035E+01    2.263194367452389E-14
     2.466840550036737E+01    6.264834163509144E-18
     2.466840552251850E+01    4.675400672882940E-18
     2.466841015631261E+01    4.230348460596369E-18
     2.466842704136529E+01    1.467662021261021E-10
     2.468359929999422E+01    7.220683750310394E-09
     2.468359979614170E+01    1.199983581526478E-12
     2.468359980452276E+01    2.011191853813325E-12
     2.472846948319869E+01    2.099455494158960E-19
     2.472846949489477E+01    1.679626458282413E-17
     2.476604290398642E+01    1.271530994287421E-20
     2.476604291575348E+01    2.520125758390985E-20
     2.500504574063136E+01    8.262558316336748E-11
     2.500528814839085E+01    1.633284488298108E-20
     2.500528815394437E+01    7.404861070722466E-19
     2.501654780352741E+01    7.194896931119042E-19
     2.501654781165265E+01    6.744238740979902E-20
     2.501687267141384E+01    7.501512167946587E-20
     2.501816863956070E+01    2.060090207011069E-08
     2.514044189802854E+01    9.644795702482552E-19
     2.514044191438191E+01    8.635216226448515E-19
     3.008606390460557E+01    5.222278067094567E-19
     3.008606394274408E+01    6.504132725892320E-20
     3.012306816219379E+01    1.128181131898511E-06
     3.013200587260105E+01    8.767856489675415E-19
     3.017847996961444E+01    2.636700662578788E-20
     3.017848000817404E+01    3.037318159672157E-21
     3.033703692999547E+01    7.787563378621486E-20
     3.033703695328526E+01    8.185516497527950E-20
     3.034645259404670E+01    3.082743169284752E-08
     3.234322754456849E+01    8.516458228661307E-21
     3.234322754545902E+01    1.289279056350543E-19
     3.234335312770485E+01    1.785742296880324E-09
     3.414601859035870E+01    3.428441866300366E-20
     3.414601861331496E+01    4.129383146178233E-19
     3.419479637065895E+01    9.617901010790417E-10
     3.419479639188036E+01    9.076170775017845E-10
     3.419479640996553E+01    9.474341485186428E-10
     3.430248362164915E+01    2.213014962398766E-13
     3.430248364576217E+01    2.121982074150657E-13
     3.430250605612908E+01    3.786873496554473E-07
     3.433582093684362E+01    3.492634287722319E-19
     3.434928768821864E+01    3.338347589891565E-21
     3.434928773228079E+01    3.080437560786769E-22
     3.438776026618666E+01    3.515339924368408E-19
     3.463377529069331E+01    1.026489103206743E-17
     3.463377529469661E+01    7.090752536836010E-18
     3.465524564437961E+01    3.292050614777281E-05
     3.465626272257884E+01    5.745521138823629E-16
     3.465626275408852E+01    4.528220482547265E-15
     3.475728099208947E+01    3.041394356980033E-19
     3.624321397267339E+01    1.929704106040116E-02
     3.627573448950338E+01    1.550332699332135E-14
     3.627573452297194E+01    6.691358226336865E-15
     3.638795539900351E+01    1.953235716978738E-18
     3.644725513985342E+01    5.849179877092467E-17
     3.644725517781227E+01    1.418324473458513E-20
     3.854802652547784E+01    7.389631776100879E-20
     3.854802652698766E+01    4.049874347639611E-20
     4.148723215949688E+01    9.169161973134956E-20
     4.148723215952477E+01    6.427950764529367E-20
     4.158296023835349E+01    5.432878521689620E-03
     4.372844564249367E+01    4.505362450967810E-03
