     2.565801580499488E+00    1.186826700104666E-22
     2.565801580519634E+00    1.435976053925599E-22
     2.668109160134490E+00    2.753629661635181E-03
     3.291671871337424E+00    5.194392345966349E-05
     3.370743493611222E+00    4.289994797545536E-22
     3.370743493613125E+00    1.228503532082772E-21
     3.476272511265169E+00    3.842039175844167E-24
     3.476272511316578E+00    2.944004035327381E-22
     3.557729499197435E+00    3.168333675366106E-03
     3.813957074552187E+00    8.287866698610710E-20
     3.813957074712147E+00    4.543888321705622E-20
     3.948721654971535E+00    3.815154806693174E-03
     3.967908634447677E+00    7.084189835854466E-17
     3.967908636227472E+00    1.948411129852347E-16
     3.991429716302663E+00    1.653578946274695E-19
     4.072542861031714E+00    1.874969137414028E-19
     4.072542865148956E+00    4.302456778055883E-19
     4.171717291198685E+00    2.219888287642842E-03
     4.910749774363094E+00    3.922443705913136E-04
     6.149908316436334E+00    2.228446836138261E-21
     6.149908317170154E+00    5.454528138433159E-22
     7.152966415371797E+00    3.989762217106161E-05
     7.286514231362112E+00    4.258673066560730E-21
     7.286514231367270E+00    3.982958325025179E-23
     7.419658403256497E+00    4.833353851689420E-22
     7.419658403278918E+00    8.118673929191166E-22
     7.443635126676336E+00    4.171669597824585E-03
     7.617340618161519E+00    2.491197551739641E-21
     7.617340618224527E+00    8.956862125598626E-22
     7.900930997744513E+00    4.481565491896474E-07
     8.078646493656441E+00    6.826177016266807E-22
     8.078646493692670E+00    5.725313390456177E-22
     8.278941515622499E+00    1.672543760927042E-02
     1.027629093571411E+01    1.723955904597671E-03
     1.118832076692449E+01    2.035073903384081E-19
     1.118832078321626E+01    2.191464720158707E-19
     1.123184954686466E+01    4.662442901881690E-09
     1.123184955676885E+01    6.245595676258359E-09
     1.123184957465467E+01    5.016218560333100E-09
     1.135776860577640E+01    5.371675743444629E-20
     1.137511876691704E+01    3.026665021933934E-04
     1.137682358925535E+01    1.286089287202171E-15
     1.137682361113299E+01    2.772668498559802E-14
     1.143323074390464E+01    2.223911850721766E-20
     1.146891691253559E+01    1.658719433798945E-17
     1.146891693210223E+01    9.279728107932713E-21
     1.159128096725358E+01    7.685357044622889E-03
     1.161183785646776E+01    7.068737582195630E-17
     1.161183788092523E+01    2.395060532370772E-15
     1.168300588365043E+01    1.136770184711854E-17
     1.168300590202671E+01    1.538185031092390E-17
     1.172894142960939E+01    1.713336836186324E-19
     1.184021510043803E+01    1.243808022014981E-02
     1.185465100623142E+01    8.995813483536375E-16
     1.185465103982119E+01    2.055624894513750E-14
     1.190867154107899E+01    1.330422202832941E-16
     1.193539227945957E+01    7.058144678500698E-16
     1.193539229656086E+01    4.063953484473681E-17
     1.400750630834698E+01    2.085192091974031E-19
     1.400750630862998E+01    8.575661354657577E-20
     2.491315241063470E+01    1.053106305084926E-06
     2.506022861455488E+01    3.234833645729022E-23
     2.506022861455586E+01    1.973609917878868E-22
     2.517758157038181E+01    4.678342755132760E-27
     2.517758157039195E+01    1.867831391474349E-23
     2.520153148511388E+01    2.879982313922951E-05
     2.549634037311965E+01    3.173253281341809E-21
     2.549634037318667E+01    9.063326593844872E-22
     2.557725097087447E+01    1.798447630762538E-02
     3.423966125932735E+01    1.573139237289293E-24
     3.423966125933035E+01    2.677130533386544E-25
     3.433490553985142E+01    8.433346307684339E-03
     3.650444157529576E+01    5.435578574516260E-03
