     2.423309817643208E+00    3.370696782972784E-22
     2.423309817670414E+00    9.581132751643271E-25
     2.524315326551631E+00    2.216168657366421E-03
     3.188642400536716E+00    4.685817051619766E-05
     3.254762555168403E+00    1.682702307963699E-22
     3.254762555170295E+00    3.909786743717655E-22
     3.330304860112321E+00    1.762206347443722E-17
     3.330304862092003E+00    1.994333366515217E-17
     3.338133410187583E+00    4.441478227601658E-04
     3.379821099643813E+00    2.867819904963656E-19
     3.379821104865034E+00    3.921805638925931E-19
     3.394537901069475E+00    1.068557960000805E-20
     3.460555525720859E+00    5.000490146789093E-03
     3.477158118798962E+00    2.295904692718084E-17
     3.477158123957490E+00    4.423267098250170E-17
     3.689860570548505E+00    9.098380419243220E-21
     3.689860570607212E+00    1.523371749271703E-23
     3.922871291239866E+00    5.111662231969231E-04
     4.731481152588372E+00    5.536138359858431E-05
     5.552521597765212E+00    5.787234622042861E-20
     5.552521598283133E+00    2.808580766535516E-22
     5.640398895529961E+00    4.293532535765979E-05
     5.750092487752509E+00    4.806784683045613E-22
     5.750092487755479E+00    1.972806055845873E-22
     5.866866089320490E+00    5.043408594644159E-22
     5.866866089350457E+00    2.174623058516995E-22
     5.945866265112518E+00    4.305582425602763E-03
     6.103450251676376E+00    3.456628830119746E-22
     6.103450251911106E+00    4.980291447312538E-22
     6.355636022079063E+00    9.552143974300605E-06
     6.500232346773606E+00    3.122768246655120E-22
     6.500232346805754E+00    3.393503579268638E-22
     6.693897514085045E+00    1.159537695007486E-02
     7.580877706826545E+00    1.118228731653940E-02
     7.605654311848144E+00    9.168518145912278E-16
     7.605654327454134E+00    1.392449198318591E-15
     7.666430100577336E+00    8.426565469617945E-17
     7.736232810224012E+00    2.678982630753562E-17
     7.736232823778048E+00    1.903505028512271E-18
     7.814597343729003E+00    3.284807840101233E-20
     7.814597355614411E+00    1.345983646845621E-18
     7.846518758490248E+00    1.008189085420625E-09
     7.846518764169315E+00    1.124594039091748E-13
     7.846518774531445E+00    5.543374632178338E-10
     7.941210366723709E+00    1.247532462422555E-19
     7.946298595566990E+00    8.782976203322358E-15
     7.946298597155472E+00    2.402747458826344E-16
     7.946720598867646E+00    7.093000214610172E-05
     7.995082910360680E+00    8.642147226638837E-20
     8.013855121720741E+00    1.731337207022118E-19
     8.013855130010613E+00    8.310131511508770E-19
     8.281693249514007E+00    5.608947816025685E-16
     8.281693257408650E+00    1.141208955340993E-15
     8.285804277454014E+00    2.683655437630857E-04
     8.311423659967025E+00    2.374059747114158E-17
     8.311423675593682E+00    2.649700852486839E-17
     8.367375920103830E+00    1.574137806676066E-19
     8.706379776708721E+00    1.220099192024522E-03
     9.838404751267943E+00    2.368134772991759E-21
     9.838404752199217E+00    1.487989115983235E-21
     1.535135884199712E+01    1.126689117067514E-05
     1.550408017345286E+01    3.283252695691984E-22
     1.550408017346212E+01    1.429476083316794E-22
     1.563362675075283E+01    8.925762008233406E-23
     1.563362675076571E+01    7.632331585560427E-23
     1.565373969127945E+01    6.015646925179883E-04
     1.567297896844774E+01    1.855581305545014E-20
     1.567297898476211E+01    3.565811895939294E-20
     1.570874632556223E+01    2.750754225555549E-06
     1.571016426889597E+01    4.029467853318757E-17
     1.575484901458304E+01    1.542894424012652E-20
     1.575484903193857E+01    2.703170956235792E-20
     1.588972620962040E+01    6.447076651375347E-19
     1.588972623923686E+01    3.205708873080486E-19
     1.589861763348575E+01    2.661308275796965E-07
     1.593848275181555E+01    1.317100704612900E-21
     1.593848275186672E+01    5.320893523981938E-22
     1.609173358530079E+01    1.289575900006909E-02
     1.792619643439443E+01    3.751327578343379E-19
     1.792619643454832E+01    7.680062765461721E-19
     1.792625153027783E+01    1.237040246129708E-07
     2.104886656283652E+01    6.500391550101780E-19
     2.104886659390543E+01    1.661776390618791E-22
     2.109720785892478E+01    2.494300222600998E-08
     2.109720788374458E+01    5.918197696431655E-11
     2.109720789471921E+01    1.919725213259073E-08
     2.119883844833378E+01    1.373107355504729E-02
     2.122237950237704E+01    1.165467942352360E-14
     2.122237951374304E+01    4.559538809006694E-16
     2.123858951071631E+01    1.148560125495741E-15
     2.125786510382190E+01    6.963771706705062E-03
     2.126796866673376E+01    2.984437072472917E-14
     2.126796868938304E+01    3.173255543308326E-15
     2.129915668670381E+01    1.882897398526827E-18
     2.130496073955485E+01    2.916018049166623E-17
     2.130496076981455E+01    9.261611814278058E-18
     2.138615910226740E+01    4.983014931863797E-18
     2.141861258630444E+01    5.325609194723174E-18
     2.141861260238624E+01    2.604352966135134E-19
     2.160654323104649E+01    1.101943077192646E-16
     2.160654325429360E+01    5.269347920893507E-16
     2.161209732788676E+01    1.216909859448469E-13
     2.161209733804939E+01    7.237864355926828E-15
     2.161413406101859E+01    3.020029294448380E-03
     2.170618801274507E+01    2.436753108937645E-18
     2.357725915896193E+01    7.461205912136117E-21
     2.357725915925635E+01    5.547221313699962E-22
     2.357881094366768E+01    1.922357606258953E-19
     2.357881094455587E+01    2.746337937040536E-21
     2.367235196023978E+01    7.649791652906741E-03
     2.583644371619597E+01    3.519244941063558E-03
     5.354205956342320E+01    7.721429062212162E-06
     5.366763314779515E+01    2.448275889271132E-23
     5.366763314779542E+01    1.250566918915743E-22
     5.375926699221129E+01    1.877659483247789E-24
     5.375926699221490E+01    2.580171868547489E-25
     5.377111683341681E+01    2.437329214613944E-04
     5.405938593468403E+01    2.123000129164494E-02
     5.409923220447737E+01    1.042655225363922E-21
     5.409923220449907E+01    3.807028649424999E-21
