#   31.880634129588849     
    -2.964064603396691E+01    2.498387377483758E-44
    -2.964064603396649E+01    5.052232438346494E-44
    -2.954278181372256E+01    4.891499064754313E-04
    -2.954009371998188E+01    2.788696868687367E-49
    -2.954009371998012E+01    6.803270462875835E-54
    -2.953043903974555E+01    1.229872972627359E-46
    -2.952687817601920E+01    3.257386398866964E-50
    -2.952439987648395E+01    8.360592926384606E-49
    -2.952439987648096E+01    1.132433139838636E-46
    -2.943149680766852E+01    1.584936566443751E-12
    -2.943149680766781E+01    1.740024963617065E-12
    -2.943149680766682E+01    1.941501039958108E-13
    -2.942887066079969E+01    1.110519080129853E-05
    -2.942521434259491E+01    9.504812181974623E-45
    -2.942521434258721E+01    4.260470462647732E-47
    -2.942209711163525E+01    3.157879438628773E-44
    -2.942011269570930E+01    9.195199698475081E-50
    -2.942011269558815E+01    9.118255375701959E-52
    -2.941415012815185E+01    1.452078372701619E-46
    -2.941099593926242E+01    1.283061181942033E-48
    -2.940656194169394E+01    3.404266686992053E-49
    -2.940656194154003E+01    3.198907743255881E-47
    -2.932998582079466E+01    8.535711241573827E-44
    -2.932998582079282E+01    9.622021031061152E-51
    -2.931363124970582E+01    6.390173259176750E-13
    -2.931363124967116E+01    3.663009115985838E-13
    -2.931363124957982E+01    3.507359514462847E-13
    -2.931120311739944E+01    3.344854761173818E-06
    -2.930801074780967E+01    2.124782365872387E-38
    -2.930801074775993E+01    2.219070100149381E-37
    -2.930744295376660E+01    3.050419249814750E-44
    -2.928228101157586E+01    2.637131708926407E-49
    -2.928228101075959E+01    1.593769034731028E-54
    -2.927309001532462E+01    8.699571334715308E-46
    -2.926729562807820E+01    6.375702752090509E-58
    -2.925904357166438E+01    4.277402577833127E-43
    -2.925904357073182E+01    1.048038258038723E-44
    -2.921288424215935E+01    7.875385559071438E-44
    -2.921288424198429E+01    5.842902664402345E-44
    -2.917345820073314E+01    9.587842819774265E-13
    -2.917345820063084E+01    1.101345032467101E-12
    -2.917345819999620E+01    7.272836502603395E-13
    -2.916816810666017E+01    9.587449477911189E-06
    -2.916375766586346E+01    2.043452372397861E-36
    -2.916375766550890E+01    3.177527281560553E-34
    -2.916354077500674E+01    1.329101157902960E-43
    -2.907089340744510E+01    4.506647439724276E-42
    -2.907089340673485E+01    1.355252752330553E-43
    -2.904490669923035E+01    2.807508916449935E-49
    -2.904490669671959E+01    2.434038796293960E-50
    -2.903090053059962E+01    6.497014817241514E-45
    -2.902047351789097E+01    2.475178176107839E-49
    -2.900447588694582E+01    5.236314338996073E-40
    -2.900447588434920E+01    7.075278273686272E-42
    -2.893251385921690E+01    3.555313324700886E-13
    -2.893251385881501E+01    2.398604442524340E-12
    -2.893251385713849E+01    7.345433911043710E-13
    -2.892273593215698E+01    2.848435612373935E-05
    -2.891670145603335E+01    4.626940992770393E-43
    -2.891454817668424E+01    3.327540074472431E-35
    -2.891454817573737E+01    3.169055018975764E-33
    -2.882506271195245E+01    6.924499029929055E-42
    -2.882506271066960E+01    6.744361999924021E-42
    -2.878848248468647E+01    2.014163431241931E-07
    -2.874388672315192E+01    9.961818141340825E-44
    -2.874388672315007E+01    5.166369484947680E-45
    -2.868555723830306E+01    2.373645868331905E-44
    -2.868555723816841E+01    5.072553559065689E-44
    -2.862965806768324E+01    1.343735449418148E-48
    -2.862965806249796E+01    8.643819592663368E-50
    -2.860824739934241E+01    5.476834234658118E-44
    -2.859535366182900E+01    3.960157732288541E-04
    -2.859005932797358E+01    3.229612346498018E-48
    -2.856452697921892E+01    4.897229384854907E-36
    -2.856452697515279E+01    2.297406527180772E-37
    -2.851183097523175E+01    2.063217820265615E-14
    -2.851183097399485E+01    5.505634336003326E-13
    -2.851183097145974E+01    6.347238466597737E-14
    -2.848676714994176E+01    6.554347357648753E-04
    -2.848610080506666E+01    8.827308095417918E-42
    -2.847184452519353E+01    1.116662296156028E-33
    -2.847184452411771E+01    1.613256944395066E-32
    -2.839539334931633E+01    6.411131391164547E-40
    -2.839539334668273E+01    6.947745832059649E-40
    -2.832467644998381E+01    9.436965901689372E-43
    -2.832467644993307E+01    5.738505106528759E-55
    -2.827713792104475E+01    5.114617825794404E-05
    -2.796445713672367E+01    1.187429766249029E-07
    -2.791522953007853E+01    7.995322347199733E-48
    -2.791522952991853E+01    9.069262375229122E-45
    -2.786466512625413E+01    6.386684022719052E-40
    -2.786466512574277E+01    5.870369342865837E-42
    -2.785770885148904E+01    1.362963185649684E-49
    -2.785770884380255E+01    1.847876630913279E-50
    -2.782692303558253E+01    5.318635070770168E-43
    -2.779766232731049E+01    1.026958341598047E-46
    -2.777270389839217E+01    5.291401298694547E-33
    -2.777270389733035E+01    5.052280311900960E-33
    -2.776939951876458E+01    6.497855949496720E-05
    -2.774523409258662E+01    4.009831525739681E-37
    -2.774523409008943E+01    4.645744681009344E-37
    -2.773357750303121E+01    9.529262931312399E-14
    -2.773357750031379E+01    1.829191138298763E-12
    -2.773357749764558E+01    8.858800998998432E-14
    -2.770254316382606E+01    2.516172642577786E-04
    -2.769247943244496E+01    1.272409556521101E-42
    -2.764495638464334E+01    1.652244787630353E-33
    -2.764495638424772E+01    1.522729152332185E-33
    -2.762427414354363E+01    9.648368779748676E-03
    -2.759989864447548E+01    1.548388080944167E-40
    -2.759989864066965E+01    8.150430422452059E-44
    -2.747017205197130E+01    7.551710031195854E-44
    -2.747017205194133E+01    6.246748383364689E-43
    -2.731726537987539E+01    6.073264904169989E-04
    -2.729317512834824E+01    3.612673286864421E-05
    -2.717609834476521E+01    7.681899757749375E-46
    -2.717609834476301E+01    2.919457335514507E-45
    -2.705955510541014E+01    1.490191942010286E-44
    -2.705955510524575E+01    6.429322821666671E-48
    -2.692005408649608E+01    2.311408811758600E-45
    -2.692005408579136E+01    2.135163120718116E-45
    -2.668224643104911E+01    3.344812825386395E-43
    -2.668224642979574E+01    1.303266253884410E-45
    -2.643670137390136E+01    1.183876104487703E-46
    -2.643670136650505E+01    1.647735920003791E-48
    -2.639339385658908E+01    1.666843158066239E-42
    -2.635226092180236E+01    3.624363329506993E-49
    -2.633095919113279E+01    3.250060295397177E-36
    -2.633095918869343E+01    3.689236452752616E-34
    -2.630396693199429E+01    1.100722060704389E-10
    -2.630396692834107E+01    9.901873117633558E-10
    -2.630396692680662E+01    1.981526973241217E-11
    -2.627932061868164E+01    3.890812772258372E-35
    -2.627932061633626E+01    1.001247429674164E-37
    -2.626129541244499E+01    9.067725017826284E-03
    -2.624299203425431E+01    9.261998334328675E-44
    -2.621942918596108E+01    6.564747988122121E-46
    -2.621942918591814E+01    1.809223233679729E-48
    -2.621624369915494E+01    3.082137929085258E-43
    -2.621624369915350E+01    2.023285720749125E-47
    -2.621624369915131E+01    2.662312791227795E-44
    -2.618895900389047E+01    7.123109158561999E-36
    -2.618895900297260E+01    8.214005197512144E-34
    -2.616837723163910E+01    9.161922192561237E-15
    -2.616837723160111E+01    1.015145366265280E-13
    -2.616837723158638E+01    6.073940849113146E-16
    -2.616282392399806E+01    2.575772765111304E-36
    -2.616282392068707E+01    4.635102742738236E-37
    -2.614349283710170E+01    1.260578975943270E-41
    -2.612759898811491E+01    2.875848783865822E-42
    -2.611147089772084E+01    2.096734918120474E-39
    -2.611147089741756E+01    1.762152103165107E-39
    -2.579662282486009E+01    5.207525047163000E-15
    -2.579662282485433E+01    1.775676816409662E-13
    -2.579662282485125E+01    3.689341339874151E-21
    -2.579380055142568E+01    1.092263869795588E-43
    -2.579380055078728E+01    1.248628895970887E-42
    -2.575040970526057E+01    3.303212886910524E-40
    -2.564388326338645E+01    1.482665799271974E-07
    -2.562604526913265E+01    1.884003052535769E-04
    -2.554981294181063E+01    4.248965807971188E-45
    -2.554981294180643E+01    3.860956060614172E-46
    -2.545915270582806E+01    1.802755116599528E-45
    -2.545915270505841E+01    1.490497806735866E-41
    -2.545113954663604E+01    3.562362833415558E-42
    -2.545113954353323E+01    1.011997768427178E-41
    -2.516333947080614E+01    5.925770866873500E-03
    -2.511378148346562E+01    4.426981428801797E-46
    -2.511378148322559E+01    8.640315284755478E-42
    -2.493183967580124E+01    9.311330031861791E-04
    -2.403789051614049E+01    3.414582274775310E-48
    -2.403789051228696E+01    1.626468592330742E-42
    -2.389263091193403E+01    9.984501571938088E-45
    -2.389263091003528E+01    3.429013646651890E-47
    -2.383087723937401E+01    6.569845000218821E-42
    -2.380219413560778E+01    8.949637530106493E-46
    -2.380219413560586E+01    5.399277903564789E-47
    -2.380219413560345E+01    1.467131808467431E-45
    -2.378317480877595E+01    1.314790801962566E-45
    -2.377621021638993E+01    2.482421429598513E-34
    -2.377621021555089E+01    3.191552419728235E-34
    -2.375505159501225E+01    7.847512110209335E-09
    -2.375505159371938E+01    9.423037819346564E-10
    -2.375505159263678E+01    9.793534032573120E-09
    -2.373446916730608E+01    1.323654864473264E-54
    -2.373446916730437E+01    8.887654259015820E-54
    -2.372661090769483E+01    2.337234713609640E-10
    -2.372661090748506E+01    4.193636910094859E-11
    -2.372661090730836E+01    2.897887950143278E-10
    -2.371672851310851E+01    3.313156349031708E-02
    -2.370972906195129E+01    3.685132014093131E-48
    -2.370972906194964E+01    2.593595439409729E-46
    -2.370613905870542E+01    2.904293629390818E-43
    -2.368291108054813E+01    3.294792910360586E-42
    -2.367898291170151E+01    2.640361593226808E-39
    -2.367898291170103E+01    1.516254146539228E-37
    -2.367898291170074E+01    2.241543275007439E-40
    -2.367898291169998E+01    4.414691388132202E-37
    -2.367285789487900E+01    2.694498000408651E-36
    -2.367285789485285E+01    2.031923131895175E-36
    -2.366486822167035E+01    1.064312617847259E-43
    -2.362574339024838E+01    4.866224915352983E-15
    -2.362574339024486E+01    7.597348638983644E-15
    -2.362574339023323E+01    6.138233884589819E-15
    -2.360604301011546E+01    3.724112886082158E-41
    -2.360487442231416E+01    2.235456905187229E-35
    -2.360487442154133E+01    1.353167031734073E-35
    -2.359384960808290E+01    1.904732341544415E-45
    -2.359384960808147E+01    2.673967443748706E-45
    -2.358348290042504E+01    2.792161315102060E-36
    -2.358348289852740E+01    2.841692131535007E-36
    -2.349356343552819E+01    1.230516160699133E-20
    -2.349356343552703E+01    3.101716986970917E-18
    -2.349356343552557E+01    4.998798393134804E-20
    -2.179596898166209E+01    1.424266315964067E-44
    -2.179596898165635E+01    8.863204802226275E-50
    -2.169376970396947E+01    1.164304468797508E-02
    -2.152013444738078E+01    6.980933078707492E-43
    -2.152013444486995E+01    5.548394347164982E-44
    -2.142690338578009E+01    2.382658950738743E-18
    -2.142690338577833E+01    2.550314712227275E-15
    -2.142690338577651E+01    7.806557724026372E-19
    -2.091173573290854E+01    6.121209446488298E-44
    -2.091173573289134E+01    3.038621119970186E-44
    -2.088665774454105E+01    4.291452087880315E-50
    -2.088665774453246E+01    6.603183582616351E-42
    -2.088665774452913E+01    7.069700201951060E-42
    -2.078165671003741E+01    2.715346266706595E-19
    -2.078165671002907E+01    8.808306038524702E-19
    -2.078165671002595E+01    1.527534192208059E-19
    -2.076809787576639E+01    2.697876355462632E-40
    -2.071861594779658E+01    2.290495227858359E-43
    -2.070784858902638E+01    1.821955982165994E-46
    -2.070784858900983E+01    2.318590781141760E-45
    -2.043107091228585E+01    1.166045304806021E-13
    -2.043107091227910E+01    7.792325028135520E-13
    -2.043107091227689E+01    2.690552116818754E-14
    -2.039934430573935E+01    2.446907688145177E-45
    -2.039934430568622E+01    7.770418128246296E-45
    -2.035601329100331E+01    3.168469622733534E-43
    -1.972166083934153E+01    1.180008478834625E-05
    -1.954610566257858E+01    4.155661799283095E-08
    -1.940969820680869E+01    8.158780894123268E-44
    -1.940969820680488E+01    6.304900078259728E-43
    -1.930679223380156E+01    1.847688918301338E-42
    -1.930679223379677E+01    4.707025296764475E-43
    -1.911566570683518E+01    9.988801445193735E-03
    -1.896512417617870E+01    4.769061820084581E-42
    -1.896512417617429E+01    1.226453901855753E-41
    -1.884672120462661E+01    1.191900621077181E-03
    -1.880014557026281E+01    3.406654935564307E-46
    -1.880014556813125E+01    1.125477416364212E-43
    -1.871033068156194E+01    2.359723100090883E-43
    -1.867141160178314E+01    4.902937096311465E-34
    -1.867141160127481E+01    1.335433750498405E-34
    -1.865161476854040E+01    2.251206498199983E-48
    -1.864274607872198E+01    6.813535788975172E-08
    -1.864274607757586E+01    1.931897927456665E-07
    -1.864274607694332E+01    6.523222564269216E-08
    -1.862872333846386E+01    1.168916708259285E-01
    -1.852402226236886E+01    3.740948581714753E-48
    -1.848879076085043E+01    1.118690950834919E-36
    -1.848879076007991E+01    4.069046979711111E-37
    -1.843601012532766E+01    2.356041562598799E-36
    -1.843601012361326E+01    1.629088369513722E-40
    -1.638269606055690E+01    2.297626992111812E-42
    -1.638269605787846E+01    9.606720305753470E-45
    -1.524125387623260E+01    1.227346602516309E-43
    -1.524125387623214E+01    7.579078740120825E-43
    -1.524125387623192E+01    2.938751125543861E-44
    -1.522181766987095E+01    8.057727332334479E-49
    -1.522181766987053E+01    1.662214237557942E-44
    -1.522181766987052E+01    3.693276016065818E-43
    -1.522181766987003E+01    2.129201220973695E-43
    -1.517194531372038E+01    1.816315077669726E-42
    -1.517194531371993E+01    2.494347658683504E-42
    -1.517194531371980E+01    2.750336790890938E-43
    -1.517194531371937E+01    4.807655223902900E-43
    -1.516258627037857E+01    1.621425659350098E-21
    -1.516258627037809E+01    3.322599573034729E-21
    -1.516258627037795E+01    2.646946237260258E-21
    -1.512198119039520E+01    4.165497223244078E-53
    -1.512198119039350E+01    9.527256633925009E-51
    -1.509528627884501E+01    5.489355173824600E-49
    -1.509528627884325E+01    1.178191892783205E-54
    -1.481760157652460E+01    1.049815371971386E-19
    -1.481760157652411E+01    2.268821446625910E-19
    -1.481760157652393E+01    7.061134363202399E-20
    -1.481542500754755E+01    3.052904342884545E-46
    -1.481542500754715E+01    1.099066172745890E-41
    -1.481542500754705E+01    8.736418746260057E-44
    -1.481542500754662E+01    6.440561801328484E-42
    -1.471336130275320E+01    9.140216507899937E-50
    -1.471336130275153E+01    3.620356401072879E-53
    -1.220218975473874E+01    2.170432936888117E-43
    -1.220218975473685E+01    9.797941717756148E-45
    -1.220218975473005E+01    1.444483439531319E-44
    -1.208466339089237E+01    5.199263519635356E-14
    -1.208466339089052E+01    9.588801325077451E-15
    -1.208466339088570E+01    4.076729035500276E-14
    -1.207472405062818E+01    1.545578651404365E-43
    -1.207472405062471E+01    1.214217424903046E-44
    -1.207455304639569E+01    1.239508701260922E-52
    -1.207455304638814E+01    1.281870429437422E-52
    -1.204564327444301E+01    8.703257924111074E-42
    -1.204564327444212E+01    4.220269174165472E-42
    -1.204564327444135E+01    3.116921799854815E-46
    -1.204564327443991E+01    4.758656417515247E-44
    -1.204434268112438E+01    6.871409925316824E-42
    -1.203244274931611E+01    3.230690029575962E-46
    -1.203244274930893E+01    3.791427241661266E-47
    -1.203077969569027E+01    1.973407625823776E-43
    -1.199209632445838E+01    2.356670605017224E-19
    -1.199209632445700E+01    3.211198452615944E-13
    -1.199209632445363E+01    2.016877729448324E-14
    -1.192005594704073E+01    1.098192020044121E-43
    -1.190771597240327E+01    1.365243070324644E-46
    -1.190771597240015E+01    1.990694495204227E-47
    -1.178693388634566E+01    1.534088170933352E-19
    -1.178693388634192E+01    5.207307153795426E-18
    -1.178693388633890E+01    7.364731991755299E-20
    -9.804259732963953E+00    1.966580468652194E-17
    -9.804259732958457E+00    3.512235321948406E-16
    -9.804259732955529E+00    3.692819438929734E-18
    -8.644266247146692E+00    5.585464085784602E-43
    -8.644266247137367E+00    4.887680641907440E-43
    -8.595448927182630E+00    2.372999792257729E-42
    -8.595448927177721E+00    1.830724779744669E-46
    -8.595448927168068E+00    2.225712318734307E-42
    -8.481734860203488E+00    3.451111556493854E-15
    -8.481734860198351E+00    8.791141911567034E-19
    -8.481734860188691E+00    2.392954738187564E-15
    -8.456441827737635E+00    1.711246343804614E-46
    -8.432807110134402E+00    1.110576637651342E-43
    -8.432807110130774E+00    3.451739853127916E-41
    -8.399255821158640E+00    1.210077356961904E-50
    -8.143774900439809E+00    1.610435833143534E-46
    -8.143774900432181E+00    1.952848558531356E-45
    -8.135744030176674E+00    6.841832640239374E-13
    -8.135744030168272E+00    1.914767450880758E-14
    -8.135744030157692E+00    6.366579100358850E-13
    -8.034827424741252E+00    4.877336462520448E-46
    -6.841547927014222E+00    3.781616831916402E-46
    -6.841547926060734E+00    5.217026949358262E-43
    -6.725949317793145E+00    1.589381310003010E-48
    -6.718345850095726E+00    2.619897405958360E-33
    -6.718345849852717E+00    2.075861386968359E-33
    -6.704822911639720E+00    2.313291298912806E-01
    -6.669683161842727E+00    5.036154930964986E-07
    -6.669683161216394E+00    1.083269275618566E-06
    -6.669683161036108E+00    3.997375119894871E-07
    -6.666364066918785E+00    1.399923950651967E-47
    -6.551635477343861E+00    1.420184181051887E-37
    -6.551635477004726E+00    2.783061116908939E-38
    -6.527682508458156E+00    2.392333457749176E-45
    -6.434186299884058E+00    1.085598603740623E-37
    -6.434186298800846E+00    1.569514947720873E-46
    -4.975672224023750E+00    7.304086395555310E-11
    -4.831453648043965E+00    3.189190226066060E-45
    -4.831453648022411E+00    6.161320554088787E-43
    -4.818253565369439E+00    6.491236375172578E-45
    -4.818253565266925E+00    8.444336340568564E-44
    -4.781153296661614E+00    1.112066949603430E-06
    -4.720149255883527E+00    4.679669497031073E-43
    -4.720149255778413E+00    1.876961804710784E-41
    -4.701410673131761E+00    4.308395441062750E-08
    -4.403011104019818E+00    1.138739623127912E-39
    -4.403011102352025E+00    2.249097034575875E-45
    -4.374783625416175E+00    6.526633728954236E-02
    -4.284849759831420E+00    8.643416667743736E-40
    -4.284849759771664E+00    9.671934315889061E-39
    -2.430432335288263E+00    8.198329713956038E-04
     8.309346345366464E-01    1.093303375762505E-49
     8.309346345368596E-01    1.311217597237343E-51
     8.309346345369377E-01    1.204275903791831E-49
     8.309346345370443E-01    9.417488502484719E-50
     9.062291422759046E-01    5.118704182731561E-44
     9.062291422762101E-01    1.064624248996393E-50
     9.062291422762314E-01    3.486062280956144E-47
     9.062291422763025E-01    2.257621996581093E-46
     9.447266331265638E-01    8.943898308156243E-23
     9.447266331266775E-01    3.221818877811878E-23
     9.447266331268054E-01    6.455825470970023E-27
     9.662729965349399E-01    4.219624026539210E-68
     9.662729965351033E-01    2.128295800661535E-61
     9.662729965352099E-01    1.110147036370455E-62
     9.704190423525603E-01    6.218884439690620E-45
     9.704190423527379E-01    6.683237607143364E-45
     9.704190423528445E-01    2.082932004238477E-49
     9.704190423529084E-01    4.575909599590687E-46
     9.704190423529582E-01    1.368552078404939E-49
     9.901940637727691E-01    2.141552195763346E-61
     9.901940637728615E-01    5.887874082055269E-52
     9.939165761195596E-01    4.184987527354484E-51
     9.939165761196520E-01    8.464611295886246E-49
     9.939165761197586E-01    4.860027378555882E-52
     1.014349199835195E+00    5.316476226540695E-51
     1.014349199835429E+00    2.339556629972320E-46
     1.016620972336057E+00    2.760245396609941E-41
     1.016620972336270E+00    1.416190339881320E-43
     1.016620972336526E+00    1.309999805156823E-46
     1.016620972336682E+00    4.335751112949986E-43
     1.079320710372087E+00    7.875495874816448E-50
     1.079320710372158E+00    1.552972568892159E-48
     1.116598374870314E+00    1.909453614679369E-45
     1.116598374870399E+00    1.704947944253560E-46
     1.116598374870456E+00    1.150726086924039E-46
     1.259078721946807E+00    8.871855379903362E-47
     1.259078721946871E+00    4.403401753960075E-45
     1.259078721947049E+00    2.491172436265875E-44
     1.259078721947091E+00    2.486871286220392E-47
     3.228553006347880E+00    1.798451948000255E-44
     3.228553006347894E+00    4.006188165745271E-50
     3.228553006348193E+00    7.699902132552467E-47
     3.228553006348456E+00    7.388641505182153E-48
     1.232149497421817E+01    2.329330205767278E-42
     1.232149497421854E+01    5.997077275757052E-45
     1.232149497421863E+01    7.894036428948645E-42
     1.236092301264520E+01    5.157479986157928E-53
     1.236092301264545E+01    1.818040830667608E-49
     1.236092301264619E+01    4.766458639361570E-53
     1.236092301264669E+01    2.882976626723685E-49
     1.243498161691613E+01    4.499731568257335E-51
     1.243498161691645E+01    2.104400706959041E-49
     1.243498161691714E+01    5.643951569401353E-49
     1.243498161691768E+01    9.970740336945226E-54
     1.243848747279930E+01    1.015484217098172E-22
     1.243848747279976E+01    1.882918422141610E-23
     1.243848747279984E+01    6.914712128870457E-23
     1.250343399528310E+01    3.899876635763879E-49
     1.250343399528884E+01    4.099921103916262E-50
     1.254346787691054E+01    9.679961502363852E-46
     1.254346787691615E+01    7.711266414484645E-47
     1.275843733391273E+01    3.507107828647215E-20
     1.275843733391302E+01    4.282965782247576E-22
     1.275843733391339E+01    7.387992090753702E-20
     1.277682816610527E+01    8.597325353063460E-51
     1.277682816610557E+01    1.089125691788378E-47
     1.277682816610626E+01    7.859167962796106E-46
     1.277682816610679E+01    5.002851222218090E-46
     1.292086504147705E+01    5.037108600499002E-48
     1.292086504148273E+01    5.962365049519346E-52
     1.687764153312833E+01    1.317493158803028E-44
     1.687764153313310E+01    1.619373942618800E-43
     1.687764153313536E+01    3.583083703705056E-47
     1.698872092407718E+01    7.378721562790848E-48
     1.698872092407997E+01    9.884061325555407E-47
     1.699672733799925E+01    1.846958078645319E-14
     1.699672733800249E+01    1.422519754839565E-19
     1.699672733800451E+01    2.450224518032987E-14
     1.703520588286158E+01    2.706430948378099E-51
     1.703520588286612E+01    1.805543928057688E-54
     1.705183063879284E+01    1.490137563457154E-43
     1.705183063879378E+01    3.163145108974218E-46
     1.705183063879494E+01    2.720096365531786E-45
     1.705183063879576E+01    3.274842502776342E-44
     1.705897915719493E+01    1.511414271773090E-43
     1.706295796548267E+01    1.821217609523624E-44
     1.707762215661781E+01    1.385220755310249E-45
     1.707762215662217E+01    3.763105359627222E-50
     1.709243499800269E+01    2.021248682889539E-14
     1.709243499800476E+01    9.043097589131913E-14
     1.709243499800534E+01    1.186993977034455E-15
     1.718028096193412E+01    4.958586262677434E-45
     1.720842786619629E+01    2.029331918856750E-50
     1.720842786619755E+01    9.933287573584196E-50
     1.733921478024400E+01    3.147735424335061E-20
     1.733921478024565E+01    1.758898395111321E-19
     1.733921478024757E+01    3.440360568975715E-20
     1.931154495098646E+01    3.946065290499853E-21
     1.931154495098913E+01    4.562727798737832E-20
     1.931154495099216E+01    5.055984196602226E-21
     2.097583105588551E+01    1.174421139421362E-44
     2.097583105591016E+01    1.525402821781262E-42
     2.103497391800462E+01    2.473068370621318E-47
     2.103497391802136E+01    3.421636523928279E-45
     2.103497391802603E+01    7.536567079908119E-45
     2.110868191352689E+01    2.930714632270851E-16
     2.110868191354371E+01    3.633984828883125E-17
     2.110868191354827E+01    5.443137350780122E-16
     2.112265932239259E+01    1.122119409545610E-44
     2.112265932241174E+01    2.459475469550708E-44
     2.116610862318318E+01    6.763962868784233E-46
     2.119823737388782E+01    2.106689029788692E-48
     2.144773408705726E+01    4.172010952212228E-45
     2.144773408707546E+01    3.260125658341104E-42
     2.147714194513800E+01    2.361289148995948E-11
     2.147714194515642E+01    3.098628259106579E-12
     2.147714194516174E+01    4.165380023996550E-11
     2.158168917006947E+01    9.518760311781534E-46
     2.280408574925683E+01    2.918193761455546E-46
     2.280408574950658E+01    8.458942061070661E-43
     2.289892350200588E+01    1.130058335541807E-01
     2.291105075547732E+01    2.810438014320562E-36
     2.291105075549593E+01    4.172606203921936E-35
     2.292294654158413E+01    6.314439329698132E-46
     2.296939379113154E+01    2.474327193737791E-49
     2.297661244901141E+01    8.261158208418617E-07
     2.297661244922623E+01    1.494220411769120E-07
     2.297661244931825E+01    1.295247196970558E-06
     2.302496250187878E+01    6.647756781346234E-38
     2.302496250206308E+01    1.427896121062261E-39
     2.311259130943019E+01    1.101184603309914E-47
     2.320550970417465E+01    1.169858985857958E-39
     2.320550970475983E+01    2.141400460596773E-41
     2.526238040308750E+01    4.313862663182033E-45
     2.526238040397779E+01    2.578460595466699E-45
