     2.142933139877158E+00    7.792696866132401E-25
     2.142933139909765E+00    3.441085028740881E-29
     2.241332627558150E+00    9.362832575172835E-04
     2.449474887648194E+00    5.958400504800501E-05
     2.453770039450580E+00    4.361172471210954E-19
     2.453770048752990E+00    8.390070781581495E-18
     2.458553952950826E+00    1.475117419901256E-17
     2.551003825560070E+00    8.520423309262656E-19
     2.551003828875575E+00    1.775580136682124E-18
     2.566077427074716E+00    3.736707063162796E-05
     2.568989476651483E+00    5.471326639473486E-17
     2.568989484069747E+00    3.311057211986397E-18
     2.571403672135075E+00    1.673428815050088E-17
     2.665512729859264E+00    7.997820493056298E-20
     2.665512739477851E+00    5.866849237299168E-19
     2.696625911030340E+00    1.661371056800115E-18
     2.696625913545243E+00    3.396071532853244E-17
     2.699106142527810E+00    4.420578040245553E-05
     2.707163251395608E+00    9.747300861949872E-18
     2.708373315090607E+00    4.952834185454002E-19
     2.708373320200356E+00    5.317238976395606E-18
     2.800781537486063E+00    9.849865423884841E-04
     2.801076145927351E+00    8.586963024310974E-16
     2.801076147908151E+00    7.475709012777364E-15
     2.922449335667226E+00    2.239694758592338E-04
     2.926948449784854E+00    1.079554408903182E-15
     2.926948453097690E+00    1.367648404538599E-16
     2.932030770495570E+00    1.246062559213944E-17
     3.024546767030909E+00    8.858733969426566E-19
     3.024546776343425E+00    8.015478673661936E-19
     3.081040228470253E+00    3.086756388679545E-05
     3.121852729196974E+00    2.024871168680953E-22
     3.121852729198713E+00    1.449871210642725E-22
     3.167230893984642E+00    3.662555340889720E-22
     3.167230894038977E+00    3.048175794997182E-21
     3.235915022518894E+00    7.262443370030902E-04
     3.280308183771535E+00    6.998592637985857E-04
     3.283976957341890E+00    1.132179507597440E-15
     3.283976960268327E+00    2.117577363849762E-15
     3.290930433385444E+00    1.688104021797587E-18
     3.382016610659794E+00    7.730443991885401E-20
     3.382016625795627E+00    7.485593295713484E-19
     3.420702641843597E+00    9.261687925426600E-06
     3.437683982842789E+00    7.451250454341726E-22
     3.437683982845708E+00    1.697718212735655E-22
     3.455329010031787E+00    1.307754327899559E-03
     3.459911794176284E+00    1.282810897141622E-20
     3.459911794214726E+00    6.394634708160257E-20
     3.538346020891795E+00    2.635580567708801E-22
     3.538346020981185E+00    2.638491423465257E-23
     3.643609227881435E+00    9.398180193392258E-05
     3.835488795071645E+00    8.217419535622172E-04
     3.843597291085898E+00    2.455269026871952E-16
     3.843597291966358E+00    2.986607336099407E-16
     3.845263998467329E+00    7.376688227412260E-16
     3.845264001897825E+00    8.500079252950063E-16
     3.855059732547055E+00    1.181622489067581E-05
     3.855621378105713E+00    2.489165593732424E-21
     3.944303727257093E+00    9.715956482260559E-20
     3.944303747516629E+00    9.640040364948332E-19
     4.123927359105409E+00    2.241563334516578E-05
     4.164896836330820E+00    5.453977199240256E-23
     4.164896836660461E+00    1.428253810831617E-22
     4.187264623613073E+00    1.289872709508428E-21
     4.187264624311372E+00    3.605137338508264E-22
     4.187780765991627E+00    5.553538856718988E-12
     4.187780767814217E+00    1.552029515897059E-13
     4.187780768008331E+00    8.415462323130566E-12
     4.195976620146856E+00    6.678244420258247E-17
     4.195976620842534E+00    2.001035618442498E-18
     4.195982102519242E+00    5.800910110790454E-09
     4.200599303890336E+00    1.618882504769339E-23
     4.200599304454595E+00    2.934526383034453E-22
     4.209665612372835E+00    3.023132331227493E-24
     4.212786073087878E+00    8.969745725764740E-25
     4.223675478949926E+00    7.597492239550002E-23
     4.223675478980266E+00    1.475622703331296E-23
     4.303147765707002E+00    1.498066086136110E-03
     4.477514778903553E+00    9.932836431104921E-04
     4.494154410412333E+00    1.254168965445194E-19
     4.494154410625089E+00    1.430851760839054E-19
     4.542263022332889E+00    8.722183245076905E-22
     4.542263023263239E+00    6.263808207383832E-21
     4.580067158405233E+00    3.252575663582178E-06
     4.581714096278255E+00    3.172237001561479E-18
     4.581714097700138E+00    8.474361949510747E-20
     4.600860175662987E+00    2.610754051074599E-20
     4.605114025038074E+00    7.591164334870741E-04
     4.647872052221131E+00    1.753302437619027E-18
     4.647872052552879E+00    4.532071056261587E-19
     4.717943943102757E+00    1.013941665015800E-04
     4.721378389017979E+00    5.255768063010999E-18
     4.721378392435502E+00    4.048605580224922E-22
     4.746797954069469E+00    1.934216277540106E-16
     4.746797958051568E+00    1.509655927769124E-16
     4.759585152625585E+00    8.991953929656034E-20
     4.784895474936515E+00    4.883534558733476E-03
     4.827394600386127E+00    4.148543428775091E-20
     4.827394602833644E+00    9.904661656345443E-21
     4.846133592828543E+00    9.789864274134952E-19
     4.846133644541429E+00    5.055785818216774E-19
     4.899092217493508E+00    1.166753900037216E-20
     4.899092218247850E+00    5.661180917838840E-22
     4.907558457338292E+00    3.420694950791548E-21
     4.915675980263610E+00    2.010111356681888E-06
     4.925435512990970E+00    8.138964730318895E-22
     4.925435514386074E+00    5.868876634423340E-21
     4.961537528701913E+00    1.450133921669312E-27
     4.961537534939480E+00    9.029992468623441E-23
     5.007736192856097E+00    1.861864211961652E-04
     5.010876218054577E+00    1.295045739717754E-21
     5.010876220047841E+00    1.248981489339462E-19
     5.012835124645465E+00    1.041589519056222E-06
     5.178777699942459E+00    7.031092966174668E-23
     5.178777711177607E+00    4.319591281005074E-22
     5.525446011529799E+00    1.527835285485876E-22
     5.525446023887585E+00    7.325873002640671E-22
     6.067100145537313E+00    2.021713783741460E-20
     6.067100152663730E+00    1.522947549035406E-21
     6.219574707540590E+00    2.648265742215184E-03
     6.236061410662925E+00    8.635971243288527E-16
     6.236061411773414E+00    7.569415143127025E-16
     6.261368068052170E+00    1.589377898742609E-18
     6.341511874789597E+00    2.395600360596564E-18
     6.341511901475283E+00    4.720161985519864E-19
     6.392700786638786E+00    3.738822988588073E-21
     6.392700791837718E+00    1.337012750121342E-20
     6.421946090331550E+00    2.804910039237859E-10
     6.421946094099714E+00    3.107135030162473E-11
     6.421946096683885E+00    1.429843344286939E-10
     6.427740839503405E+00    2.723409912841594E-05
     6.468758456533245E+00    4.155890175788200E-15
     6.468758456928314E+00    9.836183812070705E-16
     6.468871511874874E+00    4.057087251763655E-06
     6.481103451627395E+00    1.180340304116980E-20
     6.500791791740501E+00    6.872542011895147E-21
     6.500791799918961E+00    5.170070015808084E-20
     6.504696558553740E+00    5.660726984844041E-21
     6.531093665489696E+00    2.702071710190156E-21
     6.531093665854794E+00    8.537418363442835E-20
     6.539066374170643E+00    1.396803698313686E-03
     6.609848629023830E+00    1.985952076863416E-22
     6.609848629136059E+00    5.579360912618135E-22
     6.797646588445148E+00    9.821935320456835E-19
     6.797646597667514E+00    4.193840801557501E-21
     6.814565295406279E+00    1.244827470797128E-16
     6.814565299075659E+00    3.228284690164595E-18
     6.815654261223561E+00    3.665802179978873E-05
     6.889196404350835E+00    1.820722995562594E-20
     6.942119628190146E+00    1.469996233715746E-20
     6.942119631098771E+00    5.581361792042442E-22
     7.002557068986810E+00    5.184939969506244E-03
     7.064475881047642E+00    1.015168631524346E-20
     7.064475908791872E+00    1.284068398059479E-19
     7.142120881592887E+00    2.156868737770037E-03
     7.168622817303207E+00    4.388817510938016E-19
     7.168622817945071E+00    4.783045538613044E-19
     7.168677859316303E+00    1.531956797867372E-07
     8.468562417915741E+00    8.743427526437233E-21
     8.468562452487616E+00    1.216718323935204E-20
     8.781182295880793E+00    5.148040847648227E-03
     8.803905509940337E+00    3.140533028619759E-16
     8.803905523678816E+00    2.895080570760128E-16
     8.848788256153705E+00    4.689356968925881E-17
     8.922579633756337E+00    2.208520174771618E-17
     8.922579652401355E+00    5.424911876190211E-18
     9.498563794183116E+00    4.303411649202857E-15
     9.498563795799829E+00    2.443874182326962E-13
     9.498563796468328E+00    1.291953709519237E-14
     9.508555883698893E+00    2.002563189100097E-18
     9.508555885679680E+00    2.568662109213457E-20
     9.508555886100245E+00    6.031103547586045E-19
     9.508555887617007E+00    1.720890157123771E-18
     9.524407896252653E+00    4.153661285102842E-20
     9.524407898905970E+00    3.705893447822893E-20
     9.524720120499371E+00    5.576199857646133E-19
     9.524930856740312E+00    4.759652946694178E-09
     9.525907033846046E+00    7.153431515974992E-10
     9.525950790870143E+00    7.176184878491894E-21
     9.525950796018840E+00    1.005699439108983E-19
     9.562903816367665E+00    6.221580788442276E-22
     9.562903817051957E+00    4.665187720878834E-23
     9.566262126444853E+00    8.973417578979322E-21
     9.566262133762079E+00    2.410082269216669E-20
     9.569867442165135E+00    2.897583241048003E-21
     9.569867443264274E+00    1.445320856480690E-21
     9.590602168581780E+00    3.266006979702237E-20
     9.600875326947921E+00    2.116656110662374E-06
     9.634112304854126E+00    1.643212080077326E-21
     9.634112306960676E+00    4.274167211534836E-21
     9.740282361488417E+00    1.788406666313462E-19
     9.740282365288339E+00    3.551466493810840E-21
     9.746239738920179E+00    2.404834458946461E-07
     9.916908113215253E+00    5.800496635462442E-08
     9.917993589192784E+00    1.209142560517649E-21
     9.917993591033399E+00    3.963012286427743E-23
     9.927377617268192E+00    9.517255840014546E-08
     9.931569906447972E+00    4.453963137316813E-21
     9.932568691008992E+00    1.874203380182347E-21
     9.932568691888720E+00    1.772393013258217E-21
     9.976423097543361E+00    8.116261927233837E-25
     9.976423098921156E+00    2.116692531833939E-23
     1.047281124426999E+01    2.127338644000478E-24
     1.047281124434946E+01    1.506084923396001E-21
     1.057345665588998E+01    5.289389197872287E-03
     1.100179292490726E+01    9.653864579892597E-22
     1.100179294355725E+01    3.397796106555558E-21
     1.158738311898069E+01    4.202284645047333E-22
     1.158738312074055E+01    4.996737041880978E-21
     1.162450685675506E+01    1.497964652346422E-09
     1.162450685827709E+01    3.253856914370421E-10
     1.162450686497664E+01    1.150192478577145E-09
     1.172140054100111E+01    1.228398326205866E-17
     1.172140054706311E+01    3.665379901885431E-17
     1.172144255120507E+01    8.203904025974468E-09
     1.172748212438305E+01    6.520805135744612E-21
     1.178122100144500E+01    3.406736221372812E-19
     1.178702419687008E+01    5.630255531724571E-19
     1.178702419976913E+01    2.435768322984538E-18
     1.179172728249533E+01    4.492397001695383E-17
     1.179172728487874E+01    1.161187063266374E-16
     1.179242145519667E+01    9.087605948109886E-06
     1.210768115107942E+01    2.207914618102664E-19
     1.210768116063328E+01    4.429808447446803E-19
     1.212888109257806E+01    1.861274015504564E-16
     1.212888110073667E+01    9.181496694399157E-17
     1.213047103131124E+01    2.341495504729672E-05
     1.215228091348159E+01    5.006581576612743E-20
     1.254939157341924E+01    5.337349005366511E-04
     1.273261973386778E+01    1.355381575847317E-05
     1.287333582726624E+01    1.416506506970739E-22
     1.287333582728252E+01    5.467329736621530E-22
     1.297938861352662E+01    7.757735117660169E-22
     1.297938861354328E+01    6.589310575882047E-23
     1.316106812237376E+01    5.997423628070807E-03
     1.331832848783433E+01    9.371296967288311E-25
     1.331832848791387E+01    1.248316805498835E-20
     1.343638934687761E+01    4.823601301781294E-03
     1.385722532854941E+01    9.876283663214729E-03
     1.388719233178708E+01    1.502589980474913E-16
     1.388719234798850E+01    5.579018192190191E-19
     1.396528994096917E+01    5.378018925178087E-17
     1.403171207092798E+01    4.672529943272986E-18
     1.403171207963170E+01    5.157652166919327E-17
     1.599583134430737E+01    3.671284004832096E-10
     1.600111830251721E+01    1.049459755442306E-22
     1.600111830693665E+01    9.915591806353447E-24
     1.603281675204848E+01    2.357581227245778E-24
     1.603281675533846E+01    1.164075946573030E-24
     1.605541119729366E+01    9.244664640254913E-26
     1.606381361243429E+01    3.308135171486453E-24
     1.606381361415190E+01    7.612979933003675E-25
     1.611321933271867E+01    1.402821157834756E-21
     1.611321934713523E+01    5.697163628531738E-21
     1.614541375687116E+01    1.223010873204885E-11
     1.618112458992266E+01    1.439668368248378E-27
     1.618351076241022E+01    5.976695373590375E-26
     1.618351076728469E+01    3.599640500029929E-24
     1.824750359500407E+01    1.087253330843575E-10
     1.824757353601170E+01    6.257078192127145E-22
     1.824758850010378E+01    7.241953926695453E-22
     1.824758850068139E+01    6.143345037162444E-24
     1.932848981290061E+01    2.590870628970166E-15
     1.932848981484099E+01    1.391774428976877E-12
     1.932848982606311E+01    7.074608894756345E-13
     1.934821728044337E+01    1.190943157988158E-15
     1.934821728289894E+01    3.540451668192942E-17
     1.934821728970555E+01    9.357665575753420E-18
     1.934821729610550E+01    1.966502838002647E-16
     1.939643730549113E+01    3.303578986836549E-22
     1.939643731850579E+01    7.976243721806869E-19
     1.939645440409890E+01    4.108524534823726E-20
     1.939650708191232E+01    2.402944605896780E-10
     1.940209733534918E+01    3.356873109444265E-10
     1.940210080216294E+01    4.282496066570115E-18
     1.940210081170638E+01    9.952598814155558E-16
     1.945278755707703E+01    7.368235977792583E-24
     1.945278756226001E+01    1.408896507599989E-23
     1.947751481665828E+01    2.400224500775908E-24
     1.947751482282507E+01    2.738562071759624E-25
     1.973569191748136E+01    8.372443304837891E-08
     1.973716287992248E+01    2.725703667464200E-20
     1.973716288980486E+01    8.113395746776995E-19
     1.976512504140635E+01    7.416987925321010E-22
     1.976512504954118E+01    4.041556069864678E-21
     1.976713470247936E+01    2.085968704122272E-20
     1.977433194361627E+01    2.350794102481344E-08
     1.985387149625358E+01    1.797751848984087E-22
     1.985387150130659E+01    1.025520619017450E-23
     2.081339260009983E+01    1.550583396408725E-19
     2.081339261783660E+01    5.191781775353035E-19
     2.084498114850350E+01    7.463446829556704E-06
     2.085039222549141E+01    8.803898037046969E-18
     2.089147947460954E+01    1.001736518740963E-20
     2.089147948941105E+01    9.668802686973877E-20
     2.102588111606424E+01    7.349613979353078E-19
     2.102588114202107E+01    1.291436393902336E-19
     2.103447125491563E+01    4.378524287740604E-07
     2.304649458731440E+01    4.193379622956609E-19
     2.304649458878106E+01    1.981633348573271E-20
     2.304662744949550E+01    5.130937677589109E-09
     2.386460204756105E+01    1.446519556453628E-20
     2.386460205291762E+01    7.306042578257324E-22
     2.391158273644175E+01    2.212452961051431E-08
     2.391158274211079E+01    3.898042692228862E-11
     2.391158275578594E+01    1.843694056308758E-08
     2.402592929650011E+01    2.207204539580640E-16
     2.402592930377806E+01    2.600590544858060E-14
     2.402599649809151E+01    9.479277478057980E-07
     2.404690258851402E+01    1.319975937960575E-19
     2.407306830381685E+01    9.799956169141863E-20
     2.407306830858374E+01    9.693976608943178E-23
     2.410627916671188E+01    6.442272209459911E-22
     2.436410523638416E+01    1.416261424888879E-17
     2.436410524060778E+01    7.562917292123433E-21
     2.438012542328177E+01    1.912109502549738E-15
     2.438012542428307E+01    6.279951559713769E-17
     2.438135537106893E+01    2.644047943952351E-05
     2.447469606974490E+01    5.214489873054985E-20
     2.610824034007093E+01    1.387841401194900E-02
     2.614256817391606E+01    2.910133527731507E-15
     2.614256818621688E+01    2.022711278852714E-15
     2.626196435585161E+01    1.014291320290734E-18
     2.632242072544962E+01    5.275325714511743E-18
     2.632242076106082E+01    3.778758328603172E-17
     2.774337576689434E+01    2.434917179270045E-21
     2.774337576698046E+01    1.291011905060508E-20
     2.784551819079279E+01    3.890345139914615E-03
     2.839422556436353E+01    2.026023673266509E-21
     2.839422557235328E+01    1.685774591488122E-23
     2.913770879840845E+01    2.754412588331199E-09
     2.929481650333961E+01    7.190912284418919E-23
     2.929481650337024E+01    9.680960275178759E-24
     2.930713468402210E+01    1.232674524107878E-03
     2.939306626655073E+01    3.675968921629547E-22
     2.939306626657180E+01    4.838059247583754E-23
     2.960854435776047E+01    1.474658932683064E-02
     2.974771779307218E+01    1.892416038838847E-22
     2.974771779314484E+01    2.013052847350318E-22
     3.016980486095965E+01    9.980941698277174E-06
     3.704549934381662E+01    3.499028303488067E-11
     3.705461103578249E+01    2.798702716386811E-24
     3.705461104222515E+01    2.047501275159681E-23
     3.709401749552073E+01    5.899776252274570E-25
     3.709401751249756E+01    5.814838144153522E-28
     3.712108322243204E+01    1.448010778237364E-27
     3.715046797777622E+01    6.493026386289512E-26
     3.715046799268477E+01    5.658316658453390E-26
     3.723100565871903E+01    3.611302747833240E-12
     3.731057186529711E+01    7.449993935660664E-26
     3.731332886246200E+01    1.496235590244252E-25
     3.731332886435893E+01    1.595616897179524E-25
     3.930668187168287E+01    7.378691951161158E-16
     3.930683337344799E+01    1.035694322180185E-27
     3.930686861906884E+01    4.509461281103190E-28
     3.930686861941372E+01    5.687972885412774E-27
     4.565142885771417E+01    2.081083831282865E-15
     4.565142886154450E+01    1.557504631841933E-12
     4.565142887002137E+01    2.065706611893467E-13
     4.568084595005769E+01    2.647499815058434E-14
     4.568084595497090E+01    6.562356383866660E-17
     4.568084595585216E+01    1.709622854113232E-13
     4.568084596326675E+01    4.379257842563856E-14
     4.575317104954810E+01    3.717652749254888E-21
     4.575317106826184E+01    1.690793011327432E-18
     4.575317594655085E+01    1.269894214017350E-20
     4.575319217932587E+01    2.800231975955039E-11
     4.576186619276989E+01    2.128323260177690E-11
     4.576186620615103E+01    9.400321821774246E-12
     4.576186622364907E+01    3.008770335395781E-12
     4.583093268070861E+01    3.903429475238626E-25
     4.583093269515585E+01    1.313730781207582E-23
     4.586805711887307E+01    5.067182041721291E-25
     4.586805714782282E+01    5.007021089849828E-24
     4.607515943023502E+01    1.726014486545259E-08
     4.607564179269419E+01    1.240070699174203E-18
     4.607564179933006E+01    2.401744138382588E-18
     4.610863726542346E+01    2.801280697086356E-26
     4.610863727956595E+01    2.342987766138549E-22
     4.610934160624926E+01    1.065559882088860E-21
     4.611196993440572E+01    2.299809286959232E-09
     4.624220974099749E+01    4.580403955098069E-25
     4.624220974796673E+01    1.680982689153402E-26
     4.975917235020966E+01    1.943778907474601E-18
     4.975917238923306E+01    1.549364706269958E-18
     4.979532984467276E+01    9.953799093217797E-06
     4.980645667624558E+01    4.677210118939948E-20
     4.985222479912321E+01    1.076834093618919E-19
     4.985222483388543E+01    4.216547473042820E-19
     5.001470576370740E+01    5.129675824731279E-18
     5.001470582063557E+01    2.579433258267635E-18
     5.002413973490125E+01    3.755810058368412E-07
     5.204466396843844E+01    1.854014722669130E-20
     5.204466396969132E+01    9.588846832182488E-18
     5.204476493265881E+01    7.379918469870554E-07
     5.432032509649422E+01    4.826959320857563E-20
     5.432032509954255E+01    5.722129162315042E-22
     5.436687566092482E+01    1.158025659105683E-09
     5.436687567395247E+01    2.079091668831061E-09
     5.436687568146800E+01    2.969495763397558E-08
     5.444030630829381E+01    8.535746300838489E-16
     5.444030631610396E+01    4.564949531595132E-14
     5.444032233117422E+01    1.040396624888257E-07
     5.446449490432446E+01    3.990416118348107E-23
     5.446449492735546E+01    1.892754011814356E-20
     5.450077355913284E+01    6.839403579307173E-21
     5.453152306079999E+01    1.169611176925883E-21
     5.478964136448277E+01    1.285028311510799E-18
     5.478964138223204E+01    2.595439903487609E-17
     5.481565872245768E+01    8.359908241171102E-18
     5.481565874859987E+01    5.590211569937710E-16
     5.481695276635475E+01    3.562576239274602E-05
     5.491627664080937E+01    1.052686842968537E-18
