     2.142667308726333E+00    1.702701478567152E-23
     2.142667308750567E+00    4.389988660500842E-23
     2.241062503877109E+00    9.195197936048900E-04
     2.478956899683803E+00    1.080723454965778E-17
     2.478956901635538E+00    7.802314937297714E-19
     2.481142046287914E+00    8.925895317362565E-05
     2.488747569370864E+00    2.956988792954994E-18
     2.488747584594589E+00    5.797897416746178E-19
     2.495068268372286E+00    3.202749730665624E-17
     2.577839055017002E+00    3.179283856686802E-04
     2.586010260140021E+00    2.651566552136290E-18
     2.586010261356043E+00    6.471246618653566E-21
     2.851629130476105E+00    2.302205235269380E-04
     2.860303970371171E+00    5.759948294857391E-19
     2.860303975014397E+00    1.749335766099974E-16
     2.872112682515539E+00    3.961721798147138E-18
     2.949142561517454E+00    1.037726837941607E-21
     2.949142564693328E+00    1.348826860274352E-20
     2.966208766051669E+00    2.468332951851559E-20
     2.966208772887852E+00    9.093158946532070E-20
     3.053925288809609E+00    9.520042986838777E-04
     3.080956903778290E+00    3.015658344659011E-05
     3.121768117025331E+00    2.022157883849046E-24
     3.121768117031656E+00    6.549264064884841E-22
     3.168260023302886E+00    5.378399605513331E-23
     3.168260023340149E+00    6.607147890463124E-22
     3.239173471584436E+00    1.116191458520867E-03
     3.394736560665077E+00    6.109044819853904E-06
     3.406168195536849E+00    5.508518607141346E-24
     3.406168195540076E+00    1.460679841331290E-22
     3.420252301515178E+00    8.553348326607633E-22
     3.420252301546914E+00    8.782375204163639E-22
     3.426688213751559E+00    9.233045309344276E-04
     3.538806257054120E+00    2.657896568524210E-21
     3.538806257102220E+00    5.070686331557302E-22
     3.579581462397930E+00    1.422055885629676E-04
     3.681690941501906E+00    9.797719927328310E-04
     3.696137857895767E+00    4.543849148469956E-18
     3.696137860712020E+00    9.337459288904381E-18
     3.700165552639196E+00    1.010486726474758E-05
     3.715314514638715E+00    6.203645654217421E-19
     3.720517227828759E+00    2.229686105755758E-20
     3.720517227832159E+00    3.755766084793291E-21
     3.745217493051760E+00    2.312960008323591E-21
     3.745217493121062E+00    3.641338993261078E-21
     3.773676897920005E+00    8.013315628764173E-04
     3.799900223109653E+00    2.556888623120969E-19
     3.799900226762930E+00    1.604897349607950E-20
     3.810165679733059E+00    2.855496894622956E-21
     3.810165679750876E+00    1.311629479531482E-21
     3.897034006922640E+00    6.896918863737389E-04
     4.126790596480113E+00    4.946426969414439E-22
     4.126790596493551E+00    1.033660634039033E-22
     4.140159245568782E+00    3.467970549685923E-05
     4.180671537430546E+00    2.943083507166940E-23
     4.180671537964929E+00    3.828497888266503E-21
     4.187781712599710E+00    7.331527712992647E-12
     4.187781713187167E+00    1.467317412171888E-11
     4.187781714103859E+00    7.335169758859804E-14
     4.195988877484671E+00    4.539097057819521E-18
     4.195988878174764E+00    1.039500523487057E-18
     4.195998641327469E+00    8.743784057150871E-08
     4.201192744087872E+00    5.980517292098230E-22
     4.201192744499235E+00    1.761005867938109E-22
     4.209666899436602E+00    3.317568196335386E-23
     4.212796412487621E+00    8.356889033036564E-23
     4.419977760769215E+00    2.466843114186393E-06
     4.475187647238323E+00    1.837091531871407E-05
     4.520214581549783E+00    1.513081225784705E-21
     4.520214581559298E+00    7.938402637009009E-24
     4.541273296573271E+00    3.043586747923794E-21
     4.541273297197496E+00    2.075035846434597E-23
     4.566720055695742E+00    4.756393456470694E-22
     4.566720055752988E+00    1.141334004148718E-22
     4.580242459305207E+00    3.650523635665620E-06
     4.581747686283406E+00    4.148576139536010E-19
     4.581747688289213E+00    3.446897760541082E-20
     4.600916622446784E+00    3.156186731481717E-21
     4.671629199513995E+00    1.555902690130243E-03
     4.760626366406208E+00    8.666472582105275E-21
     4.760626366773142E+00    7.573828201703889E-22
     4.766644768691659E+00    7.439923654971714E-21
     4.766644768752352E+00    4.551267399690505E-21
     4.773807412419098E+00    8.706171665220422E-04
     4.862651761638415E+00    1.537225091838090E-03
     4.899438984435474E+00    1.563958314217475E-21
     4.899438985418799E+00    1.074020546858358E-22
     4.907554256569632E+00    1.876588869735616E-22
     4.915678869866588E+00    1.971544452485163E-06
     4.925448558494952E+00    1.749609628256268E-21
     4.925448560115800E+00    4.984611266283530E-20
     4.965094204002473E+00    1.589052251273079E-21
     4.965094204133461E+00    2.380630961882002E-22
     5.010875413664469E+00    1.212302606984025E-20
     5.010875415622342E+00    4.826588514382076E-19
     5.012832202546487E+00    6.942347337926622E-07
     5.060886649851168E+00    2.223560223589257E-03
     5.118620189693194E+00    1.336308611323981E-22
     5.118620190294026E+00    2.610518041878900E-20
     5.260963769582849E+00    1.649081306669063E-04
     5.717122288149074E+00    4.894422592089383E-03
     5.735344066449067E+00    1.060098639637328E-16
     5.735344073528416E+00    7.209175978476493E-16
     5.773141792559890E+00    9.924839738015617E-18
     5.849174233552064E+00    4.980928502088761E-19
     5.849174246394329E+00    1.588531735200876E-18
     5.905664840998513E+00    4.062998312797656E-24
     5.905664841572126E+00    4.024793526909892E-20
     6.400799809561383E+00    2.473663302241603E-21
     6.400799813482608E+00    1.515634282497514E-22
     6.421948313933082E+00    1.616851886981514E-10
     6.421948315119481E+00    1.417633426930817E-10
     6.421948317833714E+00    2.857082015514400E-10
     6.468604778120011E+00    3.115517275258017E-15
     6.468604782199593E+00    1.043165844722849E-15
     6.468704130408347E+00    2.289534169641973E-06
     6.481105595673636E+00    8.635638687491968E-21
     6.504098474545627E+00    8.086451449064712E-21
     6.504098483261129E+00    7.647365688737086E-22
     6.504570575818704E+00    2.141988760602729E-21
     6.746060233085209E+00    2.353151894111309E-05
     6.814353354713008E+00    2.619642791415124E-21
     6.814353355522259E+00    4.688885525850076E-18
     6.815466735663436E+00    1.004871591079439E-05
     6.832426440361447E+00    9.220026676168974E-04
     6.838776139186297E+00    5.736352643158693E-20
     6.838776139252323E+00    1.926905936990967E-21
     6.860757882108667E+00    1.165011929088671E-20
     6.860757882855378E+00    4.025670260836726E-20
     6.889156929542331E+00    4.448553805298914E-22
     6.923519320298157E+00    3.516605389750688E-21
     6.923519320380064E+00    1.759165583457386E-21
     7.168619651923589E+00    2.928741492279835E-17
     7.168619652445101E+00    4.876411147679251E-17
     7.168667906138664E+00    1.302662907731749E-06
     7.254083258222201E+00    5.220140436515655E-03
     7.254232339171927E+00    1.303399193649322E-16
     7.254232339411667E+00    4.729979432568567E-16
     7.427114496420206E+00    2.007776444874136E-03
     7.967864091772432E+00    2.958733642634993E-22
     7.967864092416862E+00    3.270432573959800E-21
     9.498564415818635E+00    1.735773152847266E-13
     9.498564416172123E+00    1.787110052795965E-13
     9.498564418914734E+00    3.601835436868336E-18
     9.508556435697997E+00    3.482185936157456E-20
     9.508556436277107E+00    1.994456987485644E-23
     9.508556437967913E+00    3.674112726564446E-19
     9.508556438613461E+00    1.054975416256584E-19
     9.524406312558218E+00    1.183831520366286E-20
     9.524406315096291E+00    1.930760396827714E-19
     9.524719966879838E+00    2.105169598105195E-18
     9.524930502298204E+00    2.356676365501696E-08
     9.525904833931980E+00    3.647884781769447E-08
     9.525949247534555E+00    1.142129471692709E-19
     9.525949250492975E+00    2.188310251725675E-17
     9.562903961761137E+00    4.479524400488565E-22
     9.562903962601014E+00    4.674719574506305E-23
     9.566172310565090E+00    2.802438699466479E-19
     9.566172315301445E+00    2.300867372597805E-21
     9.569861388739993E+00    6.648766380545959E-24
     9.569861391743819E+00    2.002693379971345E-20
     9.590558066551029E+00    7.285852479611621E-20
     9.600752125152079E+00    8.327828265401191E-06
     9.634061718672189E+00    1.303912622882888E-20
     9.634061721982853E+00    1.723567058542392E-19
     9.740257072086115E+00    1.291041253368844E-19
     9.740257076235173E+00    6.030824103586228E-19
     9.746206372699957E+00    1.522649794741393E-06
     9.916893899372905E+00    5.388764827789131E-07
     9.917980676731780E+00    1.774135185653568E-19
     9.917980680204261E+00    5.357117173413137E-19
     9.927367299731454E+00    5.422214763367874E-07
     9.931564772171853E+00    5.889671454625406E-22
     9.932558721764833E+00    5.226567501839098E-21
     9.932558724920023E+00    4.618386090386464E-23
     9.976422326629265E+00    2.003545783645382E-22
     9.976422331059622E+00    7.597560832848976E-22
     1.069139354812618E+01    1.509534840106580E-19
     1.069139354819417E+01    2.358188372914689E-19
     1.072210890229313E+01    9.050536310218255E-03
     1.075380816319407E+01    1.104165595322341E-17
     1.075380816776618E+01    4.805495436866654E-18
     1.079429195480281E+01    7.033950756748938E-03
     1.082755606310388E+01    2.423146037593505E-18
     1.089485750242248E+01    1.487696881702451E-18
     1.089485750342160E+01    1.563994952174176E-18
     1.158824471508564E+01    1.943089860733367E-20
     1.158824472529115E+01    2.236406472132285E-21
     1.162450678956800E+01    4.021099951604178E-09
     1.162450679112908E+01    6.725628327101378E-10
     1.162450680300950E+01    2.918522497306760E-10
     1.172164548977823E+01    3.907760705426663E-16
     1.172164549666990E+01    2.184848098369300E-15
     1.172176585822478E+01    4.334352748397765E-06
     1.172748202184137E+01    6.628571639390172E-19
     1.177456336374811E+01    8.134519575158141E-20
     1.177456337149467E+01    7.655090728887344E-19
     1.178163403842311E+01    2.672351120589706E-20
     1.179231221497330E+01    3.043671458685537E-18
     1.179231221869808E+01    9.587280509154133E-19
     1.179317374595344E+01    3.589687784956373E-05
     1.206320019085917E+01    9.992189922480906E-21
     1.206320020782340E+01    6.423369245636767E-19
     1.213013213107604E+01    3.968176382813369E-16
     1.213013214399476E+01    4.063447847868604E-16
     1.213216230091951E+01    8.038181921797026E-05
     1.215342417564640E+01    5.096029248717057E-19
     1.278553864610302E+01    5.924661987393806E-04
     1.298884821325123E+01    5.829554784341996E-24
     1.298884821502143E+01    7.655208876920835E-21
     1.300211771892659E+01    1.177432401494058E-05
     1.314090865813916E+01    2.866796146069828E-21
     1.314090865817145E+01    1.248547207533213E-22
     1.324520945524443E+01    1.995820190968117E-22
     1.324520945532141E+01    6.427934175194274E-23
     1.340974966217123E+01    5.690784172684836E-03
     1.359517142681258E+01    1.655570111375545E-22
     1.359517142753566E+01    1.068239784581364E-22
     1.369220701799222E+01    4.652915001701583E-03
     1.599583169564294E+01    1.105211193464143E-11
     1.600111866426142E+01    5.726886535669004E-24
     1.600111867485793E+01    6.040013262716825E-25
     1.603281715473981E+01    3.989711174531401E-26
     1.603281716155750E+01    5.470932874142124E-28
     1.605541156317300E+01    1.103821030604146E-26
     1.606381400416256E+01    1.959510516034233E-25
     1.606381401475477E+01    2.895400974568406E-27
     1.614541410373222E+01    6.604321598260979E-13
     1.618112496020369E+01    3.182213784532501E-26
     1.618351112470900E+01    1.193617891486171E-26
     1.618351113332132E+01    4.274632096692701E-27
     1.824750406329790E+01    5.130702771304850E-11
     1.824757400375153E+01    4.589791716552220E-22
     1.824758896461724E+01    1.560878782727227E-25
     1.824758896575536E+01    7.068394790696137E-23
     1.932849032918215E+01    7.138349852867516E-15
     1.932849033350750E+01    1.241288656463559E-12
     1.932849033856348E+01    1.672980532729163E-12
     1.934821783182847E+01    5.665899396190989E-16
     1.934821783408239E+01    2.530795708152339E-16
     1.934821783530457E+01    5.254944399811964E-16
     1.934821784196150E+01    1.758885038447510E-17
     1.939643813955149E+01    8.244172141644066E-20
     1.939643814987311E+01    1.020346219001546E-19
     1.939645523736286E+01    4.889709045509180E-20
     1.939650792131850E+01    1.542278016875053E-10
     1.940209845446388E+01    8.983943311730297E-10
     1.940210195126042E+01    2.388683049146143E-16
     1.940210195390095E+01    1.369570306411296E-15
     1.945278827442848E+01    8.623360476369306E-24
     1.945278828772773E+01    5.818881675908523E-24
     1.947751551187482E+01    3.301951086846413E-24
     1.947751552279314E+01    1.746513991127535E-23
     1.973569247173107E+01    5.087548639465359E-08
     1.973716343532662E+01    3.153326257374575E-21
     1.973716344522158E+01    6.303396422981102E-21
     1.976512462546683E+01    2.445101035781285E-22
     1.976512463135591E+01    6.924464240442135E-22
     1.976713502829500E+01    1.167491695772668E-26
     1.977433230665518E+01    1.715619018491376E-08
     1.985387194345102E+01    2.927513663132931E-23
     1.985387195870372E+01    3.152385758084352E-22
     2.081328146737109E+01    1.360076184817021E-18
     2.081328148827323E+01    2.096426222419062E-18
     2.084488767393224E+01    7.680828743967199E-06
     2.085036031220882E+01    1.030749085201998E-18
     2.089143757448956E+01    9.279170443478222E-21
     2.089143758546370E+01    5.014470960920553E-22
     2.102587339887561E+01    2.523841595524795E-19
     2.102587340708795E+01    3.894657812521723E-19
     2.103446108298350E+01    5.631769595315307E-07
     2.304597846078047E+01    3.755541174557804E-05
     2.304611247356143E+01    1.782915297729009E-16
     2.304611247440280E+01    7.381277887772560E-16
     2.332010159367941E+01    1.578453109872047E-02
     2.335533602499225E+01    1.504544900628227E-16
     2.335533605656141E+01    9.953427716328013E-16
     2.347340825125514E+01    2.998031217307257E-16
     2.353613405993313E+01    1.736196381401736E-17
     2.353613406795021E+01    9.788718572403956E-17
     2.386471276506549E+01    4.820350627906881E-19
     2.386471277542080E+01    2.705741448395015E-21
     2.391158283880198E+01    9.661503805234691E-09
     2.391158284944125E+01    2.553049442731715E-10
     2.391158285688013E+01    3.308440648929617E-08
     2.402657552955922E+01    5.103105662493991E-15
     2.402657554096696E+01    2.691876872912713E-15
     2.402679863378963E+01    1.448909851338172E-05
     2.404690263028423E+01    6.287916430216104E-20
     2.406890103418344E+01    2.934028708145580E-19
     2.406890103813816E+01    8.960748157762487E-20
     2.410714740490229E+01    1.300442691855561E-21
     2.434363128431901E+01    2.129413079837956E-17
     2.434363129569397E+01    6.224566345489325E-19
     2.438940859270174E+01    2.048800008036678E-15
     2.438940860197970E+01    2.755251317727814E-16
     2.439323512351158E+01    1.152132108805904E-04
     2.448134445083830E+01    3.194642576326918E-20
     2.564017210338573E+01    2.700396997613098E-20
     2.564017210504303E+01    4.183855090968470E-20
     2.794210228795376E+01    1.835040941067247E-23
     2.794210228796353E+01    1.474646760097823E-23
     2.804430181985892E+01    4.596687184430490E-03
     2.936589935486663E+01    4.790260185886094E-09
     2.952267628387594E+01    2.133759292467485E-21
     2.952267628389898E+01    5.998557328151821E-22
     2.953140411096217E+01    1.147055458287568E-03
     2.962008364972826E+01    4.078333396419072E-23
     2.962008364974701E+01    1.450777638039957E-22
     2.982886044118655E+01    1.396866684121568E-02
     2.997069989247996E+01    2.677463879766230E-22
     2.997069989266870E+01    2.188975070798442E-21
     3.037527515929528E+01    7.360801616099648E-06
     3.704549955096853E+01    7.614013752847027E-12
     3.705461124001796E+01    1.151138153639426E-24
     3.705461124590237E+01    2.591019043170643E-24
     3.709401767709835E+01    4.126052809667117E-26
     3.709401768351528E+01    1.044934833325164E-28
     3.712108338890691E+01    2.208328855823869E-27
     3.715046813451681E+01    3.393732442666652E-27
     3.715046813799729E+01    3.821782103731248E-26
     3.723100575362589E+01    3.779399620418655E-16
     3.731057191240423E+01    3.812158773086512E-27
     3.731332890789012E+01    1.355584861681818E-27
     3.731332891810704E+01    5.470806055208973E-27
     3.930668143794623E+01    2.035572691478188E-14
     3.930683293929359E+01    1.111623581700678E-26
     3.930686818494240E+01    2.101701931516920E-26
     3.930686818553311E+01    2.736624505417636E-28
     4.565142854912057E+01    1.243257730168192E-12
     4.565142855586367E+01    3.269390911406125E-13
     4.565142856182310E+01    6.148795017802141E-13
     4.568084561062038E+01    3.829690187335231E-14
     4.568084561362996E+01    5.062447604035946E-15
     4.568084562335264E+01    2.009295392034886E-14
     4.568084562585691E+01    4.404801273150249E-14
     4.575317054748771E+01    6.002858551125567E-19
     4.575317055757522E+01    3.230716946097377E-20
     4.575317543902361E+01    2.132429691481911E-18
     4.575319166709538E+01    1.337592789446039E-11
     4.576186556506964E+01    7.907688775271226E-13
     4.576186557755599E+01    1.378192014441943E-12
     4.576186558394684E+01    5.112587270883762E-15
     4.583093217867815E+01    6.571755431371148E-24
     4.583093219691705E+01    1.922981356896671E-24
     4.586805655970003E+01    6.120772549792894E-24
     4.586805656972834E+01    8.794052835434943E-25
     4.607515859872961E+01    7.505759372492366E-09
     4.607564104955359E+01    5.067394400819025E-18
     4.607564106457193E+01    1.395915133875369E-19
     4.610863631379569E+01    1.311824627552271E-20
     4.610863632819898E+01    6.559887460096511E-21
     4.610934085751805E+01    1.233294918711945E-21
     4.611196925334239E+01    1.084607365773012E-09
     4.624220895715729E+01    2.730175373881840E-24
     4.624220898821952E+01    1.051115146120093E-23
     4.975898247786958E+01    4.012640222818113E-20
     4.975898251293997E+01    2.424569943070115E-18
     4.979514094459179E+01    3.870291493074638E-06
     4.980637666266852E+01    1.591470807644839E-19
     4.985213892954378E+01    5.863017505308810E-20
     4.985213896160332E+01    3.506669285347323E-21
     5.001469741184759E+01    7.372293415210388E-20
     5.001469743427246E+01    2.203672844691920E-22
     5.002412993424905E+01    1.367733892476161E-07
     5.204464956764119E+01    2.452543213288589E-17
     5.204464956997990E+01    1.134624665095263E-17
     5.204474459177994E+01    5.754483631898496E-07
     5.432032627794793E+01    4.750853244064019E-20
     5.432032629635157E+01    1.160731738941304E-20
     5.436687521644335E+01    1.120547605721543E-08
     5.436687522990883E+01    1.133173944484940E-09
     5.436687523963808E+01    6.593678449620313E-10
     5.444025065098023E+01    1.475212547342208E-06
     5.444025912880565E+01    9.135158894390820E-13
     5.444025913886638E+01    2.069701058339811E-13
     5.446387304748196E+01    1.375925140939931E-19
     5.446387306414264E+01    7.934126118245316E-20
     5.450077308877069E+01    4.909563503975898E-20
     5.453139172528454E+01    1.280488539027377E-20
     5.476522027903764E+01    1.372643509581828E-17
     5.476522029164476E+01    1.098759795129250E-17
     5.479012575749441E+01    7.554098094485069E-04
     5.479936497292407E+01    5.801882082003006E-17
     5.479936499189756E+01    3.362666378031992E-16
     5.490262335158454E+01    2.962195885938152E-19
     5.533399302181773E+01    1.177265114769467E-02
     5.536241459314696E+01    2.992818752823113E-16
     5.536241463083381E+01    1.063323570280686E-14
     5.547412666314743E+01    1.547000609635173E-17
     5.552805765277046E+01    3.175498478469749E-17
     5.552805768426331E+01    4.855675017229720E-18
     5.763683493156591E+01    1.033221576006802E-20
     5.763683493168069E+01    3.174391244209368E-20
