     2.142595789142176E+00    3.587553997260366E-24
     2.142595789154118E+00    5.142350214128054E-24
     2.240985716843083E+00    9.193421706996759E-04
     2.450946661699146E+00    5.894496263771924E-05
     2.454732020532745E+00    1.199173576113534E-16
     2.454732041020162E+00    3.076096471748383E-17
     2.458564300160211E+00    7.529542939423846E-18
     2.458564305056244E+00    1.862736214628966E-18
     2.460408577822280E+00    6.179388172810882E-17
     2.553052566529007E+00    1.044987394810558E-18
     2.553052581224025E+00    6.025259925246588E-18
     2.555159911446491E+00    1.850569873806149E-04
     2.676489473157328E+00    1.739427316072743E-04
     2.683921702107338E+00    4.064905518556335E-19
     2.683921702754372E+00    1.907311567228790E-18
     2.693131977412450E+00    8.193146219613553E-19
     2.782171746687778E+00    1.410428764909233E-19
     2.782171756966849E+00    2.294938313441232E-20
     2.822308861271877E+00    1.773990853034411E-21
     2.822308861308516E+00    4.343680837647441E-21
     2.920512937060648E+00    9.184653266421541E-04
     3.080973956910243E+00    3.013929782555145E-05
     3.121802271874781E+00    6.326362353260283E-23
     3.121802271876226E+00    5.929278787047618E-24
     3.167217790181380E+00    4.873048040116261E-27
     3.167217790194877E+00    7.007325588813266E-24
     3.237412218981849E+00    9.288235121793307E-04
     3.376634935579521E+00    4.457881748167860E-06
     3.385006015457926E+00    2.495485500731623E-22
     3.385006015459000E+00    1.183938545514056E-21
     3.394411814788952E+00    2.234130373485406E-22
     3.394411814800764E+00    9.492090600295918E-22
     3.400645220877099E+00    2.618537254154042E-04
     3.440781442836585E+00    1.672140152159476E-03
     3.451805126016852E+00    1.078499830593844E-17
     3.451805128046509E+00    1.733293323369693E-17
     3.469888266421905E+00    1.498130327058416E-18
     3.537077826094515E+00    4.166903442951074E-04
     3.538231277373872E+00    5.923092224670370E-20
     3.538231277532360E+00    8.910360569183470E-21
     3.554437429705951E+00    7.113198224110598E-20
     3.554437434777950E+00    2.264499305906097E-20
     3.575134032324226E+00    7.954665303462734E-06
     3.590854404838971E+00    3.938030721912821E-22
     3.590854404841648E+00    4.253908419762462E-22
     3.611073527999997E+00    4.276856622277119E-22
     3.611073528019061E+00    6.819044959294847E-27
     3.711028910203368E+00    6.848833902761734E-04
     3.787459482506643E+00    2.921773473325695E-23
     3.787459482519258E+00    1.379636500325874E-22
     3.812656265593869E+00    4.077520947353100E-05
     3.996111633355841E+00    5.782115711155015E-22
     3.996111633392892E+00    7.682971784080208E-21
     4.001654876251557E+00    1.029474902102373E-04
     4.180135323561679E+00    5.419630584179987E-25
     4.180135324641867E+00    8.722273217594596E-23
     4.187779469935853E+00    4.066633551601799E-12
     4.187779470381962E+00    4.937143316650415E-12
     4.187779471988073E+00    1.357258587545392E-11
     4.195973757552238E+00    7.138379168554844E-17
     4.195973758057798E+00    5.033250951142192E-17
     4.195978938482373E+00    1.109891586031132E-08
     4.200899540692165E+00    9.738608247083393E-24
     4.200899541428555E+00    9.121794412638295E-22
     4.209664476268618E+00    1.019083664842969E-22
     4.212783781752194E+00    5.071523007192119E-22
     4.263788615618872E+00    1.980701020421736E-05
     4.309762083440303E+00    5.749172251959064E-22
     4.309762083460352E+00    3.033574703718847E-21
     4.357234220391889E+00    6.984891277018206E-23
     4.357234220429110E+00    5.820637098470544E-22
     4.381345700187540E+00    4.569722147630295E-04
     4.527467798413372E+00    1.844796842179463E-03
     4.541354857130509E+00    8.934914620530748E-20
     4.541354858157305E+00    2.365792270410220E-19
     4.580235122094959E+00    8.440720977083721E-06
     4.581681909952879E+00    1.574961279900848E-19
     4.581681911194245E+00    5.263243312383485E-18
     4.600905860205876E+00    4.177189890794324E-22
     4.606373916452119E+00    2.195723807893428E-22
     4.606373916537033E+00    4.073753647167538E-21
     4.707205987716085E+00    1.066243395996939E-03
     4.723815208552734E+00    1.042585814290440E-21
     4.723815209177608E+00    3.083769302713243E-22
     4.725951450781273E+00    2.265148723527920E-04
     4.769963151605420E+00    3.037763098580028E-23
     4.769963151769840E+00    5.828022216092389E-22
     4.877209878503233E+00    2.392385777363273E-03
     4.897388786638600E+00    3.436600406401373E-21
     4.897388788422085E+00    4.643284383124766E-24
     4.907550891318519E+00    1.994789687716765E-20
     4.915674509307195E+00    1.883474120697783E-06
     4.925392951349510E+00    8.233439509102852E-21
     4.925392953081591E+00    1.547489078018509E-21
     4.951280842919639E+00    1.237374554410579E-20
     4.951280843508815E+00    1.429410261652127E-20
     5.010874058331462E+00    3.750558874666677E-19
     5.010874059377817E+00    1.571328095687174E-20
     5.012830080752597E+00    1.170140542785392E-06
     5.123334745464077E+00    1.660530403444067E-04
     5.483447292563497E+00    4.953535358360483E-03
     5.501154632912115E+00    1.038998255124713E-16
     5.501154638063744E+00    1.741181383452117E-17
     5.538483716454877E+00    1.066443531499610E-17
     5.614765472404385E+00    8.002761221361812E-20
     5.614765481347237E+00    5.193875318994690E-18
     5.667422443439013E+00    7.263766364395190E-22
     5.667422443921039E+00    3.290490201179954E-20
     6.397869676601974E+00    9.034718731916511E-22
     6.397869682802384E+00    1.619127261029415E-21
     6.421945642986871E+00    9.721183443685450E-14
     6.421945643707582E+00    4.550971933456463E-10
     6.421945650062874E+00    1.373041738018110E-10
     6.468558987884995E+00    2.440140825133058E-16
     6.468558997091854E+00    2.433878268572206E-15
     6.468644776632646E+00    1.307105578483550E-06
     6.481102999528354E+00    1.274055818682636E-21
     6.501214753244454E+00    9.708357831878728E-22
     6.501214762366370E+00    1.502263424441542E-20
     6.504528561917837E+00    3.695374795750747E-22
     6.540011614821394E+00    2.521487212952701E-05
     6.637129729337519E+00    5.245905124652761E-23
     6.637129729656136E+00    9.755785527692523E-22
     6.646419938149872E+00    1.172800229902513E-03
     6.717689546903412E+00    9.498996147641035E-22
     6.717689547014827E+00    9.986518356210182E-22
     6.814301564816345E+00    2.033808000000963E-17
     6.814301566868711E+00    5.278198467175474E-17
     6.815541130413914E+00    3.154077063382833E-05
     6.850964847459797E+00    5.115071435907214E-20
     6.850964850193582E+00    6.839534979140710E-20
     6.889139493693978E+00    1.144095713401739E-22
     7.053347223138680E+00    7.436589810549747E-21
     7.053347223718758E+00    6.687528925402377E-21
     7.095289789122055E+00    5.222859876017043E-03
     7.168619190452767E+00    5.467952914405133E-20
     7.168619190645035E+00    2.000809617062505E-17
     7.168662634472713E+00    2.031137024026125E-06
     7.242746102793933E+00    1.986600192426345E-03
     7.739191594296638E+00    2.092447015948264E-21
     7.739191595187020E+00    2.244723268316709E-20
     9.498562676101276E+00    6.693453144541299E-14
     9.498562678846429E+00    2.178189396456607E-13
     9.498562682040232E+00    7.021124231265893E-14
     9.508554742762065E+00    2.186134290767767E-19
     9.508554742947208E+00    1.036250370406789E-20
     9.508554745569583E+00    2.493431967078847E-20
     9.508554749612369E+00    2.289707981941921E-19
     9.524404514077281E+00    1.335485923706681E-20
     9.524404518656903E+00    1.932777441705728E-18
     9.524718539993515E+00    3.769285363595151E-18
     9.524929058165252E+00    2.657247611252678E-08
     9.525903537459751E+00    4.489472183709048E-08
     9.525948035989693E+00    7.272698969636160E-17
     9.525948042936150E+00    6.153782384133553E-17
     9.562902536761825E+00    2.176997438252537E-21
     9.562902541125913E+00    5.542692785353048E-22
     9.566149335739500E+00    3.379262452755570E-20
     9.566149342016486E+00    1.928226061734810E-19
     9.569858639967899E+00    8.483158286642764E-21
     9.569858646238536E+00    6.720307897147595E-21
     9.590553206068204E+00    4.975270173156579E-20
     9.600737721023624E+00    9.402495052295536E-06
     9.634054648794393E+00    2.422383652582165E-22
     9.634054653961725E+00    9.569501917384947E-20
     9.740252007533714E+00    2.875684433224037E-19
     9.740252019640970E+00    1.742640472288290E-19
     9.746199528534765E+00    1.867514175036482E-06
     9.916889084489215E+00    7.455351585724668E-07
     9.917976540960792E+00    6.733786050819012E-19
     9.917976543023249E+00    1.525392775836123E-21
     9.927363405218737E+00    7.180121593341724E-07
     9.931562401692977E+00    1.188365284934280E-23
     9.932553793962466E+00    4.830807571124682E-21
     9.932553795690094E+00    5.274403325734599E-20
     9.976420859437562E+00    1.108248384147286E-22
     9.976420861288279E+00    9.236083791507181E-23
     1.052330322972435E+01    9.963581238855967E-03
     1.054381093724582E+01    2.228587718129159E-15
     1.054381094730200E+01    9.188609633091751E-18
     1.056557776668404E+01    3.571669041909126E-16
     1.056557777369256E+01    1.142119180894276E-18
     1.062790586925054E+01    1.268814717217322E-18
     1.065766184019544E+01    6.291480028056100E-03
     1.069536477447792E+01    8.181981325089125E-21
     1.069536478762978E+01    2.624164201228242E-17
     1.158771034882519E+01    3.467518361945205E-22
     1.158771035328390E+01    3.283566847571882E-21
     1.162450571349998E+01    1.314750130835245E-10
     1.162450571872273E+01    6.711503130115780E-10
     1.162450572379435E+01    4.273778267779169E-09
     1.172160779202365E+01    9.344349790279902E-17
     1.172160779911039E+01    2.540865264597253E-15
     1.172171970994370E+01    3.235175762996206E-06
     1.172748098931079E+01    1.522998196088917E-21
     1.177198796279685E+01    7.899207323350421E-22
     1.177198796934019E+01    2.968810737577274E-19
     1.178157112836491E+01    1.659518874729854E-22
     1.179222485554039E+01    2.438810590633856E-17
     1.179222485745014E+01    5.457156343512191E-18
     1.179306989563574E+01    3.114905725473756E-05
     1.205249819230328E+01    1.232768304074944E-19
     1.205249819745381E+01    1.848224522371046E-20
     1.212998742454686E+01    3.184217084169046E-17
     1.212998742921068E+01    1.170905468561086E-20
     1.213199432031686E+01    7.333896652848800E-05
     1.215330161963000E+01    1.453501645694772E-20
     1.263642477928676E+01    5.114720029125378E-04
     1.280049764864159E+01    1.019701708477684E-20
     1.280049764915683E+01    8.960135522407427E-20
     1.282478966704764E+01    1.232334591712716E-05
     1.296478992448812E+01    1.802334531966052E-21
     1.296478992455400E+01    1.714488278505253E-22
     1.307038545572928E+01    7.533153375994864E-24
     1.307038545575746E+01    3.225613916861995E-22
     1.324752211366959E+01    6.000875408874697E-03
     1.341907054053495E+01    2.775513642963197E-21
     1.341907054080838E+01    1.082793072655651E-22
     1.352460499005326E+01    4.591558939162520E-03
     1.599583054385954E+01    6.397675620576721E-12
     1.600111751885539E+01    1.944230045783912E-24
     1.600111752720654E+01    1.173492041052636E-23
     1.603281602714615E+01    1.155656414408165E-27
     1.603281603034360E+01    3.446386686952127E-26
     1.605541044198768E+01    8.765614680096960E-27
     1.606381288607182E+01    3.502823351089574E-26
     1.606381288943343E+01    8.552835875995705E-27
     1.614541303075703E+01    4.547822210050129E-13
     1.618112388963106E+01    1.473027645661559E-28
     1.618351004987833E+01    5.811839100414104E-29
     1.618351005934107E+01    2.790398957224908E-27
     1.824750241677201E+01    4.838252990146889E-11
     1.824757235784457E+01    1.109052084884101E-22
     1.824758731801371E+01    6.778472018196730E-23
     1.824758731829807E+01    5.748376225684006E-22
     1.932848892136404E+01    9.557922674683152E-13
     1.932848893815469E+01    1.632650965031595E-12
     1.932848894497766E+01    3.629661260293807E-13
     1.934821640614924E+01    5.904485940385546E-16
     1.934821642469592E+01    9.571085281603047E-16
     1.934821642695204E+01    2.090964999005965E-18
     1.934821643276547E+01    8.169825112693504E-17
     1.939643655688619E+01    2.352547585843582E-18
     1.939643657645818E+01    7.406170761547789E-19
     1.939645366558372E+01    3.216190806248944E-19
     1.939650634358805E+01    1.498601010746971E-10
     1.940209664378085E+01    9.673477188552767E-10
     1.940210014132038E+01    6.015526356258007E-15
     1.940210015857216E+01    1.717892619680562E-15
     1.945278679288478E+01    1.785776313296637E-24
     1.945278679542326E+01    1.111155690854442E-25
     1.947751404686333E+01    3.054247914775433E-24
     1.947751404972713E+01    4.874378280730861E-26
     1.973569110620107E+01    4.909315325404188E-08
     1.973716206819995E+01    1.429792250863930E-18
     1.973716208362931E+01    1.722471880422375E-20
     1.976512332132605E+01    3.308833101663727E-21
     1.976512333392742E+01    1.443651469247234E-22
     1.976713377641178E+01    2.450947573848369E-21
     1.977433104352916E+01    1.691022939606087E-08
     1.985387066994788E+01    5.770782166939280E-23
     1.985387067327038E+01    1.324028970978009E-23
     2.081327142427948E+01    2.842727131406858E-21
     2.081327144112764E+01    1.677535878462729E-19
     2.084487865699802E+01    7.888566557484199E-06
     2.085035691644568E+01    3.179049509420123E-21
     2.089143316859882E+01    3.325138836155181E-19
     2.089143317721954E+01    2.205513770065056E-20
     2.102587179654856E+01    2.589927331348768E-19
     2.102587179907966E+01    2.496130667101541E-19
     2.103445918065855E+01    5.925610445430016E-07
     2.304496854582588E+01    2.322925899911975E-04
     2.304569004917679E+01    5.036406123032724E-19
     2.304569004985185E+01    2.131811806415197E-16
     2.315929185231520E+01    1.576054116793519E-02
     2.319381659108910E+01    1.267708080189562E-14
     2.319381664215943E+01    5.153563550860744E-16
     2.331107236271209E+01    1.196497931082004E-17
     2.337385274929844E+01    9.328678295066131E-18
     2.337385277641395E+01    1.117502537744576E-16
     2.386463932385805E+01    3.388642118773966E-19
     2.386463933922642E+01    3.087459977235581E-19
     2.391158186619780E+01    1.028414829793211E-08
     2.391158187568918E+01    7.400510064093797E-09
     2.391158189073398E+01    2.517121121244198E-08
     2.402646813716127E+01    4.549827712217049E-15
     2.402646815371238E+01    1.525757303608536E-14
     2.402668571432056E+01    9.886762550135310E-06
     2.404690171837046E+01    2.368456881797419E-20
     2.406799334910295E+01    9.584367480747503E-19
     2.406799337442830E+01    2.121181065919710E-18
     2.410700793090784E+01    3.092126429120304E-21
     2.433755359001536E+01    5.982014948774464E-18
     2.433755361540839E+01    2.741969726978639E-19
     2.438848607011436E+01    1.074257816547276E-15
     2.438848609284993E+01    1.523549383942857E-17
     2.439222288806517E+01    8.739052165050686E-05
     2.448072505608338E+01    1.017368601862244E-20
     2.548289505521615E+01    7.847457107561053E-20
     2.548289505547829E+01    3.089419461589402E-20
     2.781699208394171E+01    3.812160906970911E-22
     2.781699208397501E+01    3.516271634419009E-22
     2.791931585306981E+01    4.612232380053045E-03
     2.921504687264435E+01    1.983354833808876E-09
     2.937203838097508E+01    1.739088009134593E-21
     2.937203838097782E+01    9.725067225968955E-22
     2.938367469638141E+01    1.079945841876913E-03
     2.946995600867522E+01    1.150925956525089E-22
     2.946995600868769E+01    2.289860331530787E-22
     2.968356889625277E+01    1.410651372478100E-02
     2.982053658490586E+01    1.792863932526483E-22
     2.982053658506170E+01    8.515674340563804E-22
     3.024521012364913E+01    2.110939812175339E-05
     3.704549870183550E+01    6.866665338128190E-12
     3.705461039713608E+01    7.032092767774567E-25
     3.705461039978781E+01    1.057277021410118E-23
     3.709401686241186E+01    5.652134043620224E-26
     3.709401686730381E+01    2.236326053615025E-26
     3.712108258784727E+01    5.224696256580556E-27
     3.715046734209864E+01    2.022680206020880E-26
     3.715046735542913E+01    2.516241665287686E-26
     3.723100502375688E+01    6.066114605236563E-15
     3.731057121600795E+01    5.747542123486058E-31
     3.731332820271133E+01    1.319748551733318E-27
     3.731332822527936E+01    2.067252742041761E-31
     3.930668065545895E+01    2.438147770391645E-14
     3.930683215682210E+01    9.930405600616546E-27
     3.930686740245321E+01    4.635359188935748E-28
     3.930686740265302E+01    1.052616998192549E-29
     4.565142787563094E+01    7.851418767980088E-16
     4.565142788354343E+01    1.194840404380873E-12
     4.565142788647560E+01    9.972729591028170E-13
     4.568084495497253E+01    1.333659032715102E-14
     4.568084496598026E+01    1.761520485090275E-14
     4.568084497271714E+01    2.342066739540502E-15
     4.568084497679077E+01    6.829159758228709E-14
     4.575317000019749E+01    2.962787140164040E-22
     4.575317001329353E+01    9.664113392595475E-19
     4.575317488984778E+01    2.841571847794743E-18
     4.575319112290349E+01    1.297284047789757E-11
     4.576186508841120E+01    1.032792630890446E-12
     4.576186509921946E+01    1.004209120742799E-13
     4.576186510540292E+01    5.052416270389421E-13
     4.583093165378986E+01    5.655158875602095E-26
     4.583093166309126E+01    1.453385905570976E-26
     4.586805607779170E+01    1.509417127266591E-26
     4.586805607998968E+01    7.253544832477574E-25
     4.607515820685911E+01    7.200836317065859E-09
     4.607564064233605E+01    3.054193956185153E-18
     4.607564066191196E+01    2.367935325504033E-19
     4.610863590964732E+01    5.049312115496166E-21
     4.610863592792078E+01    2.104995818752623E-21
     4.610934043473514E+01    9.332001488997867E-21
     4.611196885188085E+01    1.054753382904497E-09
     4.624220865614694E+01    4.645272936189600E-23
     4.624220867371642E+01    1.433552481099704E-24
     4.975898148422761E+01    9.908220746457808E-19
     4.975898150778674E+01    9.295278072180870E-21
     4.979514030902892E+01    3.702155767884374E-06
     4.980637620708250E+01    1.667239820733548E-18
     4.985213842454817E+01    9.287902919477382E-21
     4.985213845537329E+01    2.028776793163417E-20
     5.001469706396436E+01    4.053057559620553E-19
     5.001469708699657E+01    3.851320318070133E-19
     5.002412956887461E+01    1.302446332994422E-07
     5.204464781723044E+01    1.495360353321678E-18
     5.204464781846071E+01    1.470696520333044E-18
     5.204474228597656E+01    5.799748404647894E-07
     5.432032467484245E+01    1.531202250577598E-18
     5.432032468447375E+01    1.116862484045623E-19
     5.436687471367124E+01    1.121234659071948E-08
     5.436687472040133E+01    1.187940318939745E-09
     5.436687472746213E+01    4.956066045677293E-12
     5.444023504420769E+01    2.010082635596661E-06
     5.444024949826110E+01    3.360963348848272E-13
     5.444024951277521E+01    6.513131689877648E-13
     5.446382064570096E+01    2.582366645501195E-18
     5.446382066987233E+01    3.778215232088832E-19
     5.450077262344767E+01    2.294505831932131E-20
     5.453136599584663E+01    3.365890377569794E-20
     5.476070147432400E+01    1.681357510179923E-16
     5.476070148469471E+01    1.947996421728191E-16
     5.478128927694058E+01    1.199676200492230E-03
     5.479506556647470E+01    5.431971525826974E-19
     5.479506557880678E+01    7.352200071590919E-17
     5.489832253077593E+01    6.485285242705144E-19
     5.521495783185897E+01    1.139039639889418E-02
     5.524080242762852E+01    2.893209372710477E-15
     5.524080244125545E+01    1.021608768675947E-15
     5.535049435425092E+01    4.162827328559703E-17
     5.540165236344507E+01    1.220210327049391E-17
     5.540165238997061E+01    8.270605386919116E-17
     5.750993451563315E+01    1.370858063983760E-20
     5.750993451668628E+01    6.054558763496742E-21
