     2.142824183430347E+00    2.576474168288557E-20
     2.142824184146797E+00    3.928615748767656E-21
     2.241241397772311E+00    9.240505272060184E-04
     2.511949427364864E+00    1.144867480728761E-04
     2.515586480640397E+00    2.250146382007447E-19
     2.515586482972396E+00    1.084415603444752E-16
     2.524960633686272E+00    2.728650291854233E-19
     2.524960635789931E+00    6.528865282479542E-18
     2.529008288123815E+00    1.049990714747894E-21
     2.618906188047267E+00    2.484011490883912E-14
     2.618906190085638E+00    3.696294337407378E-14
     2.618950639031187E+00    4.483652639766000E-04
     3.016065017627709E+00    2.895409508283677E-04
     3.026333025694572E+00    2.010935281287356E-17
     3.026333029370281E+00    5.610937651243278E-18
     3.041288614919147E+00    1.102716033734415E-18
     3.080989691135946E+00    3.021458624853191E-05
     3.107656724014207E+00    1.239818406876477E-20
     3.107656725742023E+00    3.552226109941120E-21
     3.121791592060439E+00    3.792830928051994E-21
     3.121791592176335E+00    2.531081210049683E-21
     3.130129895196557E+00    1.284814854524975E-20
     3.130129904108781E+00    2.580878402615727E-20
     3.173925497151887E+00    4.154625047615156E-21
     3.173925497435744E+00    1.631627799801361E-20
     3.212168001381956E+00    5.786262457663791E-04
     3.241889252586831E+00    1.697047606073492E-03
     3.406764166454380E+00    7.343165904630057E-06
     3.420455318288342E+00    2.690473170099358E-20
     3.420455318366403E+00    4.679565631910009E-22
     3.438082775121539E+00    6.260394926616440E-19
     3.438082775147797E+00    5.812545907748618E-20
     3.440775578204095E+00    1.140428863227223E-03
     3.539427086974256E+00    7.367208764245584E-22
     3.539427087127604E+00    2.076679441963475E-22
     3.607331571925996E+00    2.588710169940608E-07
     3.807727425987415E+00    3.997821781417093E-04
     3.815411916943658E+00    1.246401345338624E-05
     3.825622190155511E+00    3.878762882937451E-20
     3.825622190237189E+00    5.381469448731426E-21
     3.840880616601442E+00    2.518585271007176E-20
     3.840880616905279E+00    6.536278469258618E-21
     3.870568570333840E+00    1.278683232464921E-23
     3.870568570467427E+00    2.778010384507762E-22
     3.979648221493804E+00    3.642883032415177E-06
     4.020153127637165E+00    3.034790076894680E-16
     4.020153129836749E+00    2.420750766855549E-17
     4.029133951483894E+00    2.690378053068545E-03
     4.040346003366219E+00    1.654050552017169E-18
     4.123528790822724E+00    4.006320768984555E-19
     4.123528796608349E+00    8.264138423541918E-22
     4.180882934256509E+00    3.442192968719506E-21
     4.180882936913545E+00    6.192001417456645E-22
     4.187783799119811E+00    2.728600532737522E-12
     4.187783800546335E+00    1.932050210706207E-14
     4.187783803089830E+00    1.841708044907060E-11
     4.196041965572320E+00    1.196585267825834E-15
     4.196041966110576E+00    5.913125431801425E-18
     4.196063958750151E+00    1.007382749466509E-06
     4.200733274240687E+00    1.237501104091332E-22
     4.200733275433004E+00    2.715599944690131E-21
     4.209669006009505E+00    3.956802045769834E-22
     4.212841405572158E+00    2.123610229836929E-22
     4.249619367183928E+00    1.080213682051513E-21
     4.249619367457965E+00    1.994376766005096E-21
     4.276389138274915E+00    4.232606004427524E-06
     4.433784727421719E+00    4.355745957976867E-05
     4.543637376699980E+00    1.214427238275627E-21
     4.543637380584940E+00    5.551372763233673E-24
     4.580281671793935E+00    4.010643440267553E-06
     4.581774905515605E+00    7.445168215149589E-18
     4.581774907245619E+00    5.778116668225630E-20
     4.600934611457640E+00    4.894235646285521E-21
     4.736798070326707E+00    1.790954194157486E-05
     4.777625685889221E+00    6.255499780800114E-05
     4.783672009423564E+00    1.171507464295086E-22
     4.783672009775495E+00    8.628154517649871E-20
     4.795441457653061E+00    3.239677684439765E-21
     4.795441458078019E+00    7.067684430952625E-21
     4.828325725913225E+00    1.038847167894117E-21
     4.828325726047055E+00    4.041041393035415E-22
     4.900163693405925E+00    1.684790467307971E-21
     4.900163695284365E+00    1.100494564295393E-21
     4.907557250040211E+00    1.996890032550543E-21
     4.915672069023024E+00    2.497517107828362E-07
     4.925458575042714E+00    4.300722046471628E-22
     4.925458576787419E+00    2.900741275622101E-22
     4.955174576651691E+00    2.392149394873715E-03
     4.984227649856009E+00    1.689832730493180E-24
     4.984227650001214E+00    1.245009535723736E-19
     5.010879915505596E+00    7.072541339214422E-20
     5.010879917368372E+00    1.041739681908040E-19
     5.012833941101888E+00    6.812496807287847E-07
     5.079619121712246E+00    1.714019672510783E-03
     5.212422894026204E+00    7.320345765421455E-20
     5.212422894749449E+00    2.576939450090588E-20
     5.287719899482950E+00    1.358630914594140E-18
     5.287719900474089E+00    5.587956616688321E-19
     5.306214797621891E+00    2.496828167891905E-03
     5.433541262802665E+00    1.004074327032407E-04
     6.108349534872859E+00    4.855920966436840E-03
     6.127276063381502E+00    6.269638057865820E-16
     6.127276070320133E+00    6.465417888322398E-18
     6.166754815732127E+00    4.343509588926973E-18
     6.212707883424122E+00    2.137631146385146E-19
     6.212707884932838E+00    2.095507451208016E-19
     6.242192121903184E+00    8.941179495133263E-19
     6.242192128051354E+00    4.177981766169879E-18
     6.402308648488306E+00    6.676772639779517E-21
     6.402308650016355E+00    7.639041449172571E-20
     6.421950255918243E+00    3.636325841941554E-11
     6.421950258412951E+00    5.318526841006314E-10
     6.421950260368240E+00    1.381999888330301E-11
     6.468800261682014E+00    2.161522159027496E-17
     6.468800271767065E+00    2.143803214390796E-15
     6.468938475084187E+00    8.125381858182681E-06
     6.481107459654673E+00    5.835504016474295E-20
     6.504744557583996E+00    2.354557045290695E-21
     6.510376560432784E+00    9.262884778494303E-20
     6.510376563524745E+00    1.176569625460951E-20
     6.814438359285591E+00    5.666153022515115E-17
     6.814438359684972E+00    1.001650965561691E-17
     6.815646931787030E+00    3.456116689208245E-05
     6.882228704229918E+00    1.376524447654589E-22
     6.882228706634120E+00    2.362643293154526E-23
     6.889196811593226E+00    2.982963050476433E-21
     7.062309844444038E+00    2.146421946394382E-05
     7.103490132359848E+00    4.781142634573158E-04
     7.152251356271011E+00    1.697132834596247E-21
     7.152251356431727E+00    4.854032214479761E-21
     7.168624287260407E+00    2.479286636364384E-17
     7.168624287684339E+00    2.576819081160401E-18
     7.168673122869398E+00    1.597872128452560E-06
     7.231621276819169E+00    6.750806243519954E-22
     7.231621276883774E+00    8.086578049827798E-22
     7.502494639226602E+00    5.239554992743569E-03
     7.567938249337445E+00    3.613416006201022E-21
     7.567938249930002E+00    2.665103355486709E-20
     7.715524321897776E+00    2.085132407572879E-03
     8.354691298063905E+00    2.125703002995166E-22
     8.354691298461374E+00    1.928559162150750E-20
     9.498565935862866E+00    5.787399587676814E-14
     9.498565938888010E+00    2.571738363941334E-13
     9.498565940969433E+00    3.184490937387209E-14
     9.508557926863908E+00    1.884005601911700E-21
     9.508557930253762E+00    2.514745245091771E-20
     9.508557931902697E+00    2.467493497578722E-19
     9.508557933054263E+00    4.158914729284394E-19
     9.524408459032761E+00    2.367400023383445E-21
     9.524408463187967E+00    2.288983115327253E-19
     9.524721398465285E+00    1.271133803864796E-19
     9.524931967354597E+00    1.988141994271534E-08
     9.525906361185330E+00    2.702495198025197E-08
     9.525950666969509E+00    1.136858982480187E-17
     9.525950672748362E+00    1.417809144377543E-18
     9.562905288880891E+00    9.908335237051645E-22
     9.562905293271420E+00    1.640856572472943E-21
     9.566212928014274E+00    1.169835674649998E-20
     9.566212934388757E+00    1.896096661621084E-21
     9.569865062998128E+00    1.315877821784690E-20
     9.569865067509170E+00    3.559753689901864E-22
     9.590564112146781E+00    9.668175776365295E-23
     9.600770277778977E+00    7.047998059098063E-06
     9.634070878075001E+00    1.337643563073777E-19
     9.634070878855226E+00    2.824346530666063E-20
     9.740262741767966E+00    5.221623599029045E-19
     9.740262745207536E+00    1.301715284276789E-21
     9.746213945275311E+00    1.167702038520054E-06
     9.916898702331382E+00    3.642945119002731E-07
     9.917984922617830E+00    1.505533190091441E-19
     9.917984926391908E+00    6.883038178716005E-20
     9.927371132201207E+00    3.900040148229572E-07
     9.931567140099565E+00    2.022464006262224E-20
     9.932564520612868E+00    1.883304058968958E-21
     9.932564523333415E+00    9.608526816855112E-21
     9.976423802913102E+00    5.912907646573840E-23
     9.976423806705093E+00    2.964357295539822E-23
     1.090276446015015E+01    5.011404653059765E-20
     1.090276446018933E+01    1.196693582473889E-20
     1.100230012062189E+01    3.934139469546525E-03
     1.109099099781011E+01    1.186039697828987E-02
     1.111999266294812E+01    5.177467547761391E-16
     1.111999268440313E+01    1.762371204227270E-16
     1.119592903750713E+01    1.576077979098551E-18
     1.126287129328089E+01    4.250644155462602E-19
     1.126287132155657E+01    7.528245445281101E-17
     1.158892870163194E+01    4.020560211137467E-20
     1.158892871147603E+01    1.786372899483830E-19
     1.162450798148452E+01    1.620132820017540E-09
     1.162450798303996E+01    3.165199123371389E-10
     1.162450799377813E+01    2.872457185100423E-09
     1.172177763244257E+01    5.743860065080167E-15
     1.172177763403043E+01    8.870877958297789E-15
     1.172191950660384E+01    9.270959206135142E-06
     1.172748316542725E+01    2.181926104288789E-18
     1.177774150010909E+01    2.606998421339508E-19
     1.177774151342899E+01    1.255057354608951E-19
     1.178185410238957E+01    5.468334409835059E-20
     1.179260470586398E+01    1.130787624512510E-16
     1.179260470678244E+01    1.702629574930425E-16
     1.179350598606976E+01    5.372069959680785E-05
     1.207548150695968E+01    1.063524731994733E-21
     1.207548151532141E+01    2.575779703056847E-18
     1.213052803159006E+01    8.881297873499330E-18
     1.213052803828107E+01    4.330396507943034E-16
     1.213261889035822E+01    1.020212651836492E-04
     1.215376977771995E+01    5.473055310770037E-20
     1.301720989988694E+01    7.382654280663311E-04
     1.329459372043650E+01    1.094259157086503E-05
     1.334459616604992E+01    2.288659649144342E-20
     1.334459616708428E+01    2.329809008655795E-20
     1.343174976360032E+01    1.323236115964475E-21
     1.343174976366904E+01    8.165564852347069E-22
     1.353402420670391E+01    3.269638300305545E-24
     1.353402420675792E+01    5.395479641791324E-23
     1.367769661101103E+01    5.136147853060994E-03
     1.388682510196461E+01    2.176288343674312E-22
     1.388682510248008E+01    1.917244020974902E-20
     1.396873176837682E+01    4.805803620367591E-03
     1.599583263766255E+01    2.301892040033946E-11
     1.600111960617599E+01    1.100047088085002E-23
     1.600111961445576E+01    8.495091954171456E-24
     1.603281808550020E+01    2.321863344531768E-25
     1.603281808880077E+01    1.458489337563968E-26
     1.605541248406777E+01    8.087102730053859E-28
     1.606381491422910E+01    1.404677078111436E-26
     1.606381492676134E+01    1.131973932050309E-27
     1.614541500117194E+01    1.139520758952580E-12
     1.618112583269540E+01    6.510735964891252E-29
     1.618351199686154E+01    9.283028727074779E-28
     1.618351200239725E+01    1.203891201808763E-28
     1.824750562211105E+01    5.683675211107318E-11
     1.824757556234876E+01    4.681028013974130E-23
     1.824759052332111E+01    3.412745981147548E-22
     1.824759052423215E+01    1.043397633106296E-21
     1.932849169931430E+01    5.083371350201969E-13
     1.932849170174340E+01    2.350566906002019E-12
     1.932849170781984E+01    3.908200284688257E-15
     1.934821920238416E+01    4.593631441802772E-16
     1.934821920943436E+01    3.777511030519580E-16
     1.934821921228267E+01    3.737012486367624E-17
     1.934821921706558E+01    3.308330213589219E-17
     1.939643959200585E+01    5.727358914733052E-19
     1.939643959560398E+01    7.629091055583547E-19
     1.939645669686623E+01    2.050006172201421E-19
     1.939650937052124E+01    1.624201941253678E-10
     1.940210003213822E+01    7.870160123702031E-10
     1.940210352884488E+01    1.694960048014313E-17
     1.940210354147977E+01    3.508823683428388E-16
     1.945278968258159E+01    2.105460778444948E-24
     1.945278968603614E+01    1.646123013499623E-23
     1.947751689477901E+01    6.679596278323145E-24
     1.947751689850336E+01    9.900743091437331E-24
     1.973569373997154E+01    5.415977404981766E-08
     1.973716471342883E+01    4.305252081687363E-19
     1.973716471797474E+01    2.344877911074490E-20
     1.976512590090474E+01    4.333216015473631E-21
     1.976512591193413E+01    5.384219956074199E-21
     1.976713623058597E+01    5.988202189755572E-22
     1.977433350803154E+01    1.764192245186264E-08
     1.985387315681055E+01    8.797462029463476E-24
     1.985387316589490E+01    7.182083104619713E-23
     2.081329830408041E+01    1.502066758956010E-19
     2.081329830730247E+01    7.902282918205799E-20
     2.084490256798770E+01    7.387344531206975E-06
     2.085036563670200E+01    7.051566882665203E-18
     2.089144461188649E+01    1.928169755802762E-22
     2.089144461623863E+01    8.880190279136581E-21
     2.102587561242938E+01    1.742581979205138E-19
     2.102587562126738E+01    8.677754269745610E-20
     2.103446376643474E+01    5.205794484359586E-07
     2.304631715445510E+01    7.174123366486521E-16
     2.304631715513268E+01    4.893033375949558E-16
     2.304635356827135E+01    7.327143558789312E-06
     2.362696371657302E+01    1.542422920334548E-02
     2.366260722877589E+01    7.229959311996401E-17
     2.366260724845524E+01    5.749062882088479E-15
     2.378193042911700E+01    1.130573143207110E-17
     2.384428611434957E+01    3.253110267760700E-19
     2.384428614946601E+01    6.311711915694146E-19
     2.386483056436504E+01    4.226682274542060E-18
     2.386483057506524E+01    3.585908817623972E-19
     2.391158410019543E+01    1.829934553011696E-08
     2.391158410385826E+01    1.039986658952308E-08
     2.391158412966218E+01    1.458779135158543E-08
     2.402712647819878E+01    1.281440427282940E-13
     2.402712648303843E+01    1.618260236331419E-14
     2.402725779050160E+01    4.240926366831093E-05
     2.404690387055105E+01    3.154951179980948E-20
     2.407032829049536E+01    4.102552592135862E-18
     2.407032829782094E+01    1.079731817156899E-17
     2.410779024118453E+01    1.342393330089880E-19
     2.435354192738417E+01    7.762827814070825E-18
     2.435354194404150E+01    1.283127144806829E-19
     2.439237533302525E+01    3.573590893233869E-17
     2.439237536937507E+01    4.533007976964932E-15
     2.439634368628202E+01    2.233701043204085E-04
     2.448332048347250E+01    2.241322414029299E-19
     2.594344296818449E+01    1.877780573738697E-20
     2.594344296851633E+01    2.168830249997059E-21
     2.813744272893203E+01    2.129306494199231E-22
     2.813744272894801E+01    4.654145090833664E-23
     2.823938989624919E+01    4.577943763205595E-03
     2.961965314221230E+01    1.231371657472420E-08
     2.977609795309744E+01    2.041338129376218E-19
     2.977609795309892E+01    9.351124925012345E-20
     2.977748432420673E+01    1.333159308334036E-03
     2.987266704082450E+01    8.938813540372802E-23
     2.987266704084383E+01    1.662923906141595E-24
     3.007084756813051E+01    1.363912604953594E-02
     3.022320772166798E+01    3.768455610326673E-22
     3.022320772195111E+01    6.888309160095080E-21
     3.058372603004529E+01    3.653646102691061E-06
     3.704550053478357E+01    9.214980144488606E-12
     3.705461221949558E+01    1.617158210726438E-26
     3.705461223234924E+01    6.048164297382757E-26
     3.709401864753041E+01    5.955372019316842E-25
     3.709401865629459E+01    3.434067497600495E-27
     3.712108434899508E+01    1.691598301329317E-25
     3.715046908525622E+01    3.025623562025032E-26
     3.715046909201418E+01    1.729907578284906E-28
     3.723100668404498E+01    4.302257547729164E-14
     3.731057278716115E+01    8.878212162748319E-28
     3.731332977274638E+01    4.549578759160733E-28
     3.731332979144676E+01    4.690906565736228E-27
     3.930668268173345E+01    1.377667177503404E-14
     3.930683418296230E+01    2.341329021896364E-26
     3.930686942818301E+01    5.322852036771087E-26
     3.930686942838311E+01    6.046234886632064E-28
     4.565142965914520E+01    2.356638380974174E-14
     4.565142967043452E+01    1.582944062600221E-15
     4.565142968633734E+01    2.144705468668960E-12
     4.568084669717138E+01    9.032897927802228E-15
     4.568084671828353E+01    3.754608352781771E-14
     4.568084672738208E+01    5.827274234992223E-14
     4.568084674336465E+01    1.464952173349209E-14
     4.575317156986018E+01    5.488694454639257E-19
     4.575317159265251E+01    1.876240736986586E-18
     4.575317643913546E+01    2.187017936420810E-18
     4.575319269630474E+01    1.420109881882469E-11
     4.576186655302771E+01    1.166245462305355E-13
     4.576186656517746E+01    1.488760829305788E-16
     4.576186656831964E+01    3.377346945221635E-12
     4.583093320965705E+01    4.651074070687431E-24
     4.583093323527395E+01    2.932817297056756E-24
     4.586805753649254E+01    1.822657366064769E-24
     4.586805756372338E+01    1.263037498237264E-24
     4.607515951880335E+01    8.133332327595393E-09
     4.607564193406192E+01    4.213150521298294E-19
     4.607564194405984E+01    2.208814008925454E-20
     4.610863721256784E+01    3.218870158524835E-22
     4.610863723189016E+01    1.834673219336869E-20
     4.610934172246820E+01    1.389314096154706E-20
     4.611197013277232E+01    1.145896728273117E-09
     4.624220978863087E+01    1.101711337924019E-23
     4.624220981411843E+01    6.732315278956128E-23
     4.975898424992161E+01    1.712706212350641E-21
     4.975898427668784E+01    1.964615580959632E-18
     4.979514210910499E+01    4.210552335064644E-06
     4.980637744525408E+01    3.527531504982815E-18
     4.985213984084548E+01    1.677774726857110E-20
     4.985213987639762E+01    2.969130163669899E-20
     5.001469805984970E+01    3.171160298363490E-20
     5.001469808236616E+01    2.056944258364656E-20
     5.002413059867651E+01    1.499078648291987E-07
     5.204465288469255E+01    1.849255044984660E-18
     5.204465288483352E+01    9.217343965901288E-18
     5.204474884741784E+01    5.735683330027845E-07
     5.432032924713970E+01    2.155903631515687E-20
     5.432032925708372E+01    8.930323841741595E-21
     5.436687622452975E+01    7.542950902525866E-10
     5.436687625683433E+01    1.324001961713640E-08
     5.436687627779062E+01    2.200742884695803E-10
     5.444027066065894E+01    9.284414757906553E-07
     5.444027195265996E+01    2.492563732965074E-11
     5.444027199979165E+01    8.586305183902711E-12
     5.446396054993937E+01    2.820053453496546E-19
     5.446396056084382E+01    1.095342936770177E-18
     5.450077408261289E+01    4.599302872375994E-21
     5.453142559117135E+01    3.187110999747879E-22
     5.477052638626084E+01    1.393487795620498E-17
     5.477052639708484E+01    2.016470174160674E-16
     5.479939740151301E+01    3.882155714964072E-04
     5.480439501774029E+01    2.471595773780827E-15
     5.480439506869638E+01    6.590041443878098E-17
     5.490719143821832E+01    2.264405878117676E-19
     5.557161855653569E+01    1.202082343560399E-02
     5.560255436785933E+01    4.923438706428756E-16
     5.560255440926349E+01    9.950970843661427E-15
     5.571659256561541E+01    3.246414546068243E-17
     5.577324986458937E+01    4.475486624423460E-17
     5.577324989484684E+01    6.750212616896562E-18
     5.788209715213954E+01    4.015747923957648E-20
     5.788209715242107E+01    9.240180729461524E-21
