     2.142533070650271E+00    1.704659017614333E-23
     2.142533070655671E+00    1.585714935588621E-23
     2.240960451831377E+00    9.209043898165298E-04
     2.457640801415747E+00    1.756057690462734E-23
     2.457640801422389E+00    5.109432066338199E-23
     2.542261803794667E+00    4.249342895712939E-05
     2.553368244546331E+00    3.662794154980127E-18
     2.553368246083103E+00    1.476007616018089E-17
     2.557612468377592E+00    3.258940074929188E-04
     2.564987565834342E+00    3.690725849947121E-18
     2.570798066162137E+00    3.255752363642709E-19
     2.570798066242131E+00    7.241347039648470E-20
     2.653478474947514E+00    5.879330888646721E-22
     2.653478481868566E+00    1.947839863853837E-21
     2.667672955732056E+00    1.314506012080141E-04
     2.710570359330365E+00    9.662698532133908E-22
     2.710570359361583E+00    1.879729659319174E-23
     2.807936585408766E+00    2.248518098112608E-04
     2.985161984846809E+00    3.939060744526663E-22
     2.985161984859329E+00    7.449575346546411E-23
     3.081040970865962E+00    3.012699759783371E-05
     3.083323919406561E+00    3.512071580078657E-04
     3.121853267732277E+00    1.561467262603247E-23
     3.121853267736041E+00    9.892990564276076E-22
     3.166619842825261E+00    1.147811240190751E-22
     3.166619842873502E+00    3.701028172549229E-21
     3.235538117901769E+00    7.355152105648828E-04
     3.341051144798020E+00    1.127215208035519E-03
     3.353388460994238E+00    1.518295895076284E-17
     3.353388466353606E+00    1.623940371905869E-17
     3.373328501279156E+00    1.076248350397983E-18
     3.420703708619846E+00    9.028563206453992E-06
     3.437685201323031E+00    3.933204184897848E-22
     3.437685201325740E+00    4.223555419567834E-22
     3.453739066523966E+00    1.353096660580614E-17
     3.453739068106020E+00    2.365573037793472E-19
     3.456188190619379E+00    1.511378272891170E-03
     3.462164886510260E+00    2.217051255799942E-18
     3.462164887454505E+00    1.396197728432766E-20
     3.534085938859752E+00    1.253179999159938E-23
     3.534085938898601E+00    3.471138441762736E-23
     3.616734077153319E+00    5.150067063617743E-22
     3.616734077236311E+00    7.157576065404387E-23
     3.642242388710952E+00    3.445637487307352E-05
     3.711109620886772E+00    1.273630315927403E-03
     3.845678517433774E+00    3.263474757002171E-22
     3.845678517468869E+00    1.741689571997261E-22
     3.854241714593453E+00    6.578140518001439E-05
     4.123923513217631E+00    2.178854831046601E-05
     4.164894277494585E+00    2.110698960918841E-22
     4.164894277799862E+00    1.768874417264850E-22
     4.187263638555169E+00    2.254286798184969E-22
     4.187263639499437E+00    3.008187780867830E-21
     4.187781042196466E+00    1.984056086580007E-11
     4.187781043030133E+00    2.734153700173668E-12
     4.187781044905631E+00    1.565126696275639E-13
     4.195971419245131E+00    2.505518817785662E-17
     4.195971420778127E+00    4.599799867712969E-20
     4.195975187569232E+00    2.338146124691555E-09
     4.200581095543417E+00    7.942041088243279E-23
     4.200581096404803E+00    1.657580317004327E-23
     4.209665888641794E+00    3.584919326431870E-23
     4.212782269043999E+00    5.870934961592443E-22
     4.226328439522812E+00    3.414012830326201E-23
     4.226328439556930E+00    2.683728529413674E-22
     4.302976737795223E+00    1.572367807739701E-03
     4.475932213963169E+00    1.001376460309847E-03
     4.538944425552176E+00    2.365857610194181E-21
     4.538944426727778E+00    4.802656842028598E-21
     4.580233402270730E+00    9.003609770334423E-06
     4.581570685124738E+00    2.574259692071452E-19
     4.581570687248696E+00    9.528996008616395E-19
     4.591624387785491E+00    3.088528972790165E-21
     4.591624388181135E+00    1.624650564122397E-20
     4.600904006773025E+00    9.905328429800462E-23
     4.717974272035629E+00    7.352221974091914E-04
     4.723192143991460E+00    2.792366153725060E-05
     4.830791638922605E+00    3.494291301516349E-05
     4.831225528672746E+00    3.720862354038555E-21
     4.831225529477546E+00    2.760776822606140E-20
     4.901358974589141E+00    1.624165220995240E-21
     4.901358976475604E+00    9.982502732095420E-22
     4.907552174700002E+00    6.087945301821234E-21
     4.915674085175088E+00    9.841016286082260E-07
     4.925470177230324E+00    8.951948941667353E-21
     4.925470180545772E+00    1.424666344194100E-21
     4.975680470432324E+00    5.020444530544415E-05
     5.010875099719775E+00    1.760232328572863E-19
     5.010875101824072E+00    3.410749814134534E-19
     5.012830678326388E+00    9.531365005714015E-07
     5.256354719225628E+00    5.803324725851568E-05
     5.398630594965259E+00    3.308615508834150E-03
     5.410652901957651E+00    5.406824576738771E-17
     5.410652908227903E+00    3.972077293015895E-17
     5.461616689734027E+00    5.852566053474810E-18
     5.498998914491455E+00    1.432234766313365E-24
     5.498998915786760E+00    1.917246751460790E-19
     5.544290769877835E+00    1.318749351049255E-19
     5.544290771756812E+00    6.378433950656763E-19
     5.572443556874626E+00    7.314456463260149E-20
     5.572443557875904E+00    2.352999917054536E-20
     5.600035740517114E+00    3.933521322895474E-03
     5.875642807857117E+00    2.760524515302562E-05
     6.392700862948159E+00    1.148782074508768E-20
     6.392700867364719E+00    1.067653920220520E-21
     6.421945976157783E+00    4.339151610585571E-11
     6.421945979297329E+00    4.176691351333166E-10
     6.421945982765587E+00    1.323918406551428E-10
     6.427743646040071E+00    2.627857259475641E-05
     6.468548890864114E+00    3.791895331191093E-17
     6.468548899431169E+00    9.676649755279902E-16
     6.468631756700570E+00    1.134621800148308E-06
     6.481103336140366E+00    2.999707999740007E-20
     6.499635298167402E+00    5.627169278900388E-24
     6.499635304008115E+00    7.505507484086594E-25
     6.504519172899434E+00    6.188698411552442E-21
     6.531096271038522E+00    1.380567961971163E-21
     6.531096271459471E+00    1.674768962703671E-22
     6.610468496716880E+00    2.505192414383640E-22
     6.610468496833948E+00    3.607155849852357E-22
     6.678479760434637E+00    3.263644476620229E-03
     6.814257833250575E+00    5.312890985629952E-17
     6.814257835379616E+00    4.422517449923143E-19
     6.815545418795176E+00    3.986534061543252E-05
     6.841016727616835E+00    4.747399808904744E-20
     6.841016730269929E+00    3.672784582805447E-20
     6.889135304339973E+00    2.195102550219964E-24
     6.957163768362336E+00    1.375470061477010E-21
     6.957163768510676E+00    2.394474682144149E-24
     7.126151241783419E+00    5.101874380319837E-03
     7.168618849330703E+00    5.315174138103015E-20
     7.168618850026651E+00    6.008372035367896E-19
     7.168669072936138E+00    2.162013041916123E-07
     7.664081664934038E+00    2.514904521286463E-21
     7.664081665706834E+00    2.507373538668100E-22
     7.827341403452808E+00    5.706303324753487E-04
     9.498563748608646E+00    5.372530989422942E-14
     9.498563751838120E+00    1.383725027461005E-13
     9.498563752829975E+00    1.636073655173055E-13
     9.508555841946462E+00    1.667860500782343E-19
     9.508555843650575E+00    3.742132806020175E-20
     9.508555845178735E+00    7.947685025105495E-20
     9.508555846502666E+00    1.533951743677437E-19
     9.524406020618521E+00    2.011280124975262E-18
     9.524406024703298E+00    3.343332251434706E-19
     9.524720153910209E+00    8.890100023371737E-20
     9.524930665940252E+00    2.799417470775786E-08
     9.525905330025255E+00    4.862646190831497E-08
     9.525949861448614E+00    1.494561199354172E-16
     9.525949865717029E+00    4.573610079558508E-18
     9.562903791011120E+00    7.745762704422166E-24
     9.562903793303901E+00    2.783092188063595E-21
     9.566143337364256E+00    1.938934899540139E-19
     9.566143339038994E+00    2.059977945177011E-20
     9.569859718027761E+00    2.515904907496757E-21
     9.569859721263445E+00    5.601261841983976E-21
     9.590552876930179E+00    8.579008993882852E-19
     9.600733847869671E+00    9.930998623328202E-06
     9.634053511077397E+00    2.287875640811777E-21
     9.634053514869386E+00    2.111470439979356E-19
     9.740251514050422E+00    5.761961423401148E-19
     9.740251522148879E+00    1.463617316927807E-18
     9.746198292186333E+00    2.039284863968634E-06
     9.916888627590689E+00    8.597604833403221E-07
     9.917976419035664E+00    6.854187657359497E-22
     9.917976419952829E+00    3.188155690756623E-19
     9.927363332368310E+00    8.162136552231639E-07
     9.931563018731344E+00    7.257346239672667E-22
     9.932553406946223E+00    5.408039110094009E-20
     9.932553409562161E+00    3.145030944594698E-22
     9.976421897870143E+00    5.151807866999213E-23
     9.976421899522395E+00    5.033056392863552E-22
     1.046258115173707E+01    1.096494449577494E-02
     1.049140756661071E+01    1.792105788466872E-15
     1.049140759179404E+01    1.099436820911928E-15
     1.056649627683426E+01    9.874460198584277E-17
     1.063386580536048E+01    2.461847927159576E-17
     1.063386581779225E+01    2.515311561514518E-17
     1.134922798565789E+01    2.820229839472108E-21
     1.134922798570215E+01    6.092086600538824E-21
     1.145274081809042E+01    4.573850314572817E-03
     1.158738295804706E+01    1.617161156041817E-22
     1.158738296209055E+01    3.208470082392313E-20
     1.162450670528893E+01    1.054323199827564E-09
     1.162450670882978E+01    2.199938444262144E-10
     1.162450671424824E+01    3.828978660191425E-09
     1.172160063795796E+01    1.982065722037145E-15
     1.172160064943641E+01    7.917827500200116E-15
     1.172171089177974E+01    3.335654784299623E-06
     1.172748199313858E+01    1.017815634421787E-18
     1.177096505023228E+01    4.796420035321253E-21
     1.177096505802612E+01    6.162668856476703E-19
     1.178155743143960E+01    1.197107392827445E-19
     1.179220515464582E+01    7.633998504175512E-19
     1.179220515788545E+01    1.620387924088978E-17
     1.179304767683774E+01    3.173564905262600E-05
     1.204812172894992E+01    5.163047715945043E-19
     1.204812173918200E+01    4.104717355310711E-19
     1.212995077236110E+01    5.809775916919789E-16
     1.212995077860664E+01    4.765474795947879E-16
     1.213195419000829E+01    7.297850158288534E-05
     1.215327088142546E+01    4.649393916584789E-19
     1.273261816102359E+01    1.263341194273292E-05
     1.274360622038708E+01    1.470732920592518E-20
     1.274360622059974E+01    1.804505105931158E-20
     1.287333427157817E+01    5.234110001297113E-22
     1.287333427164914E+01    2.316087436890902E-21
     1.289508929596522E+01    1.576286320019173E-04
     1.297991394573586E+01    8.969585388876472E-22
     1.297991394579378E+01    1.190248814374417E-21
     1.333575797611768E+01    9.443034863942314E-19
     1.333575797628771E+01    2.864489714337568E-18
     1.333988346041691E+01    1.125498460049986E-02
     1.379782801581687E+01    7.831511803746290E-05
     1.599583083482839E+01    5.278432550187800E-12
     1.600111780688504E+01    1.203562759623186E-24
     1.600111781476802E+01    1.803754499019689E-24
     1.603281632194482E+01    6.331549182451188E-26
     1.603281632872536E+01    3.295371137727003E-27
     1.605541075243103E+01    1.344623360296641E-26
     1.606381316486971E+01    1.076808004371353E-27
     1.606381317010851E+01    3.911891934928853E-28
     1.614541340606725E+01    4.026140148577018E-13
     1.618112422029644E+01    7.197466691071018E-28
     1.618351038246427E+01    7.026929224307197E-27
     1.618351039056801E+01    3.827418594999112E-29
     1.824750305895831E+01    4.750562137901362E-11
     1.824757300017238E+01    2.608089282546749E-22
     1.824758796021962E+01    4.487036222124358E-22
     1.824758796046765E+01    5.626129432466552E-23
     1.932848975236697E+01    1.486524499633327E-12
     1.932848975586140E+01    1.457257813161368E-12
     1.932848975814343E+01    1.648301516908029E-14
     1.934821722207024E+01    9.676521845242091E-17
     1.934821722574964E+01    7.619248298849324E-16
     1.934821722917339E+01    8.409103388533299E-16
     1.934821723433668E+01    1.618555573501751E-17
     1.939643713466295E+01    4.779188937492553E-21
     1.939643714489886E+01    4.628707709794340E-19
     1.939645424046702E+01    1.376137836020474E-19
     1.939650692707520E+01    1.484888778872446E-10
     1.940209704590717E+01    9.878568121777097E-10
     1.940210054940830E+01    7.875135174790913E-16
     1.940210055047723E+01    1.875161016126581E-16
     1.945278751637687E+01    9.240745599050799E-25
     1.945278752614949E+01    2.717633689931419E-25
     1.947751467803127E+01    2.312894480948982E-27
     1.947751469359066E+01    6.265917672150944E-24
     1.973569159656104E+01    4.852393844529370E-08
     1.973716256632654E+01    6.260648418916199E-22
     1.973716257406593E+01    1.213848439129346E-20
     1.976512379068317E+01    1.062039298225357E-21
     1.976512379332599E+01    2.550822388888018E-22
     1.976713426218498E+01    2.858706984589216E-22
     1.977433152978303E+01    1.682807299480306E-08
     1.985387117954092E+01    5.050557436755446E-24
     1.985387118378043E+01    7.570586416752379E-25
     2.081326931581984E+01    4.496581121253170E-19
     2.081326932674503E+01    8.049244009271180E-19
     2.084487688880251E+01    7.951155328760746E-06
     2.085035686250257E+01    1.202076657099227E-18
     2.089143283092504E+01    3.398553874599744E-19
     2.089143284296906E+01    2.263762948884340E-20
     2.102587232889874E+01    1.365914664339070E-18
     2.102587235077330E+01    5.248637719216915E-19
     2.103445964057685E+01    6.017906388080840E-07
     2.304373421891713E+01    6.768780725628761E-04
     2.304531509997041E+01    1.373238296274229E-16
     2.304531510111521E+01    4.165168381052048E-17
     2.311215941504922E+01    1.531534799115907E-02
     2.314577117073262E+01    3.224755861948558E-15
     2.314577118344730E+01    1.040829031300270E-15
     2.326241756029067E+01    7.230026858276213E-18
     2.332523036955016E+01    1.688791182043065E-19
     2.332523039915672E+01    4.026619812666646E-17
     2.386460232774132E+01    2.643082620852460E-19
     2.386460234327500E+01    1.070725215284851E-20
     2.391158302899683E+01    1.696446227082010E-08
     2.391158303297410E+01    1.213524913412661E-09
     2.391158306003744E+01    2.463563549036277E-08
     2.402644510081484E+01    6.210959480903170E-16
     2.402644511843040E+01    2.492859129536491E-14
     2.402666041892028E+01    8.916629777553042E-06
     2.404690290895145E+01    2.253037591999895E-19
     2.406767312664731E+01    1.347468791534485E-18
     2.406767313323759E+01    1.178436959023090E-18
     2.410697740811121E+01    3.242420703170128E-21
     2.433548422345809E+01    3.408215879963296E-18
     2.433548424935518E+01    2.475502474234941E-19
     2.438825937962458E+01    6.212793208892388E-16
     2.438825938382973E+01    1.536605067220003E-15
     2.439197164374958E+01    8.066044381687792E-05
     2.448057272912461E+01    2.594004956782270E-19
     2.543612448561705E+01    6.063142482816705E-21
     2.543612448652181E+01    4.233266105083733E-22
     2.854317263104453E+01    4.380022112655291E-22
     2.854317263110268E+01    5.414846801456662E-24
     2.864933667223837E+01    3.485443181392721E-03
     2.913770952917168E+01    9.328144974897978E-10
     2.929481727320059E+01    3.052155739962678E-22
     2.929481727320187E+01    1.062188042823256E-22
     2.935123780796821E+01    1.613634479831763E-04
     2.939319467533763E+01    4.160230265096010E-22
     2.939319467534249E+01    5.803100956918834E-22
     2.966350960327049E+01    1.487319437075103E-02
     2.975798330064783E+01    5.785711210005518E-22
     2.975798330084350E+01    2.202456462840440E-21
     3.089532757222865E+01    1.151438429069941E-03
     3.704549968823633E+01    6.649419825412707E-12
     3.705461137906261E+01    1.776387867485448E-24
     3.705461139887703E+01    1.752479535063109E-24
     3.709401788076301E+01    7.149831764112320E-25
     3.709401788884146E+01    8.499303450183884E-26
     3.712108363273347E+01    1.356645047652533E-26
     3.715046835402466E+01    5.214658534486224E-26
     3.715046835965317E+01    5.568820238857021E-26
     3.723100612421580E+01    1.138580442072029E-14
     3.731057233144241E+01    5.072530114020304E-28
     3.731332933188557E+01    3.588754788942549E-27
     3.731332933593809E+01    2.240191377306958E-27
     3.930668170573220E+01    2.565012181341930E-14
     3.930683320826299E+01    7.562212038461463E-26
     3.930686845357783E+01    9.388945606752895E-27
     3.930686845381393E+01    4.143032516609653E-27
     4.565142903614302E+01    2.034459284352187E-12
     4.565142905403378E+01    6.019155468700906E-14
     4.565142906412623E+01    1.005752476717813E-13
     4.568084613286658E+01    6.422656619639139E-14
     4.568084614418096E+01    1.620849662847641E-14
     4.568084615295851E+01    1.873018528469629E-14
     4.568084617278167E+01    6.932534864876124E-16
     4.575317105386997E+01    5.212919130535648E-18
     4.575317106548523E+01    3.593610190014559E-18
     4.575317597381859E+01    1.096752964752427E-18
     4.575319216951277E+01    1.285688380713295E-11
     4.576186616375633E+01    1.337853465174227E-12
     4.576186620802871E+01    3.080483509245985E-14
     4.576186622056383E+01    1.256346553100472E-13
     4.583093289844750E+01    5.803830927927701E-26
     4.583093292834668E+01    7.369288327998173E-24
     4.586805714881623E+01    3.677257407171229E-25
     4.586805718770406E+01    1.765223957855905E-24
     4.607515919289342E+01    7.112791136410654E-09
     4.607564164281820E+01    1.132051200257563E-18
     4.607564165971104E+01    2.629591189484217E-18
     4.610863686902382E+01    4.154910292113644E-21
     4.610863688903816E+01    4.394929779817969E-22
     4.610934142648528E+01    2.550701932653780E-21
     4.611196979345811E+01    1.046226302000825E-09
     4.624220966482968E+01    1.491108823477470E-24
     4.624220968534365E+01    8.550636542203562E-24
     4.975898156303447E+01    1.622427082259622E-18
     4.975898160281955E+01    9.431602731431031E-19
     4.979514054217275E+01    3.653699917211680E-06
     4.980637642048158E+01    8.510648977511068E-22
     4.985213867799753E+01    9.865330068081560E-21
     4.985213871437118E+01    4.896977505492735E-20
     5.001469744599434E+01    1.078431606356942E-18
     5.001469748827324E+01    4.805573699784290E-19
     5.002412997688695E+01    1.283614497612539E-07
     5.204464875245703E+01    8.716758100253307E-19
     5.204464875270644E+01    1.603412102255033E-18
     5.204474304908108E+01    5.817428213006666E-07
     5.432032497143142E+01    2.497807931143216E-19
     5.432032498215725E+01    1.525279632061202E-20
     5.436687555592444E+01    2.647056544813140E-09
     5.436687556716534E+01    7.555174598108448E-09
     5.436687557504748E+01    2.031940472360009E-09
     5.444023051661021E+01    2.229650668297316E-06
     5.444024723714777E+01    7.512649838344447E-13
     5.444024726143971E+01    2.604263140579291E-15
     5.446380510593039E+01    3.971187835491219E-20
     5.446380512322074E+01    6.960650055473383E-24
     5.450077349977173E+01    1.281036102551811E-20
     5.453135790344005E+01    3.786596044771712E-19
     5.475890387128749E+01    1.143438159544190E-18
     5.475890387847531E+01    8.075455695356741E-17
     5.477767418094601E+01    1.402493991486132E-03
     5.479343289837618E+01    3.282796846841212E-16
     5.479343291066282E+01    1.269605346933452E-16
     5.489656189349272E+01    5.318693072865394E-18
     5.518076672443912E+01    1.120216422175490E-02
     5.520551953924266E+01    5.516312884179866E-16
     5.520551957858061E+01    2.921969866348674E-14
     5.531440430710128E+01    2.035534041054833E-18
     5.536438319454588E+01    2.426418568617857E-18
     5.536438320085157E+01    2.514567223420961E-18
     5.747240356767211E+01    1.657860401558885E-21
     5.747240356833463E+01    2.491291762811971E-20
