     2.142590824086768E+00    3.717484859609841E-26
     2.142590824095235E+00    2.919159368321186E-23
     2.240975627373889E+00    9.182323786125376E-04
     2.458535572498561E+00    7.075060258526651E-05
     2.460945776389159E+00    2.618965721462686E-18
     2.460945780492901E+00    5.824839980862552E-18
     2.465279322388426E+00    1.780176243996305E-19
     2.465279330803503E+00    1.091911865293818E-18
     2.469836581492274E+00    1.596633728109009E-17
     2.559860799273759E+00    2.376284021552201E-04
     2.561752292715015E+00    4.633790666338438E-19
     2.561752293174593E+00    6.826633963857240E-18
     2.743598219985689E+00    1.944095402852255E-04
     2.751515783221884E+00    9.521343508686836E-18
     2.751515787720434E+00    7.747401746444149E-18
     2.761612795070712E+00    2.105360837013649E-19
     2.848975250446168E+00    1.870859595593370E-20
     2.848975253252081E+00    1.703025861082706E-20
     2.872554660240846E+00    9.336238389721464E-22
     2.872554660515876E+00    1.485853289368217E-21
     2.969596909029693E+00    9.296231398807533E-04
     3.080956567307792E+00    3.014274077870746E-05
     3.121779169981314E+00    1.597191246780563E-22
     3.121779170003783E+00    3.221555735497839E-22
     3.167557625677750E+00    6.132783511701928E-22
     3.167557625698106E+00    5.468815356704439E-22
     3.238252088566131E+00    1.010837130189372E-03
     3.383987656425979E+00    5.126573021485229E-06
     3.393611680334033E+00    6.215954766812348E-28
     3.393611680351983E+00    1.359260030265722E-24
     3.404996400312736E+00    2.652397124474787E-21
     3.404996400338596E+00    5.460629420093540E-22
     3.412662489337134E+00    6.547837848699501E-04
     3.520357027089384E+00    1.437508949429544E-03
     3.534264744402432E+00    7.355397915290545E-19
     3.534264749627878E+00    9.686390945703606E-18
     3.538794760165633E+00    1.251476563902137E-19
     3.538794760411201E+00    7.615269678563268E-19
     3.552806841183987E+00    1.394154718129034E-18
     3.557199497284504E+00    1.235399495139245E-04
     3.624808639409934E+00    8.783886178395548E-06
     3.636818627097365E+00    2.047720390970383E-20
     3.636818629160890E+00    4.410986718341775E-19
     3.642291377957875E+00    4.391032130035921E-22
     3.642291377977094E+00    1.285286742957007E-21
     3.664550472790183E+00    5.616980117172584E-22
     3.664550472853534E+00    1.035714677759751E-21
     3.739042300109443E+00    8.088623976171132E-04
     3.796645652362469E+00    5.837870805113143E-22
     3.796645652380561E+00    5.572854499411278E-25
     3.839989292619108E+00    1.922159111802961E-04
     4.047942513930529E+00    1.577961367215830E-21
     4.047942513958469E+00    7.408117540761370E-22
     4.055715860831624E+00    7.899844175932672E-05
     4.180440866988578E+00    2.277634531010082E-22
     4.180440867771260E+00    1.219991961074903E-21
     4.187779925958141E+00    8.426622974019857E-12
     4.187779926327927E+00    1.357032696478826E-11
     4.187779927824677E+00    4.261408304894510E-13
     4.195977919170532E+00    5.443585230844047E-18
     4.195977920041598E+00    1.717161627310854E-17
     4.195984433862735E+00    2.553930896256443E-08
     4.200976651201535E+00    2.232676484168307E-23
     4.200976651674255E+00    5.422958774141643E-23
     4.209665013999652E+00    8.283932775715166E-23
     4.212787225180117E+00    3.094482745723361E-23
     4.339696689212157E+00    1.913488202632965E-05
     4.384927360199262E+00    1.424340659393616E-21
     4.384927360216953E+00    8.787272630416582E-23
     4.402347841503447E+00    1.381894428327442E-04
     4.431177405789027E+00    3.502285606332226E-24
     4.431177405794312E+00    1.857136290204023E-23
     4.542035447499210E+00    5.645878598883897E-21
     4.542035448506184E+00    2.751707544851753E-21
     4.575002442821298E+00    1.948078944363142E-03
     4.580358907691967E+00    8.400861268732631E-05
     4.581727214400884E+00    2.609753911423312E-18
     4.581727217138658E+00    5.283466803630283E-18
     4.600909088096415E+00    7.864475086378951E-21
     4.662579134225179E+00    3.174243791611462E-22
     4.662579134277816E+00    4.045515700023559E-22
     4.735075702313454E+00    7.405629232216482E-21
     4.735075702486836E+00    1.029021314753750E-22
     4.736475262445914E+00    2.315463518858821E-04
     4.761576881397116E+00    1.342182938438177E-03
     4.838333980405226E+00    3.069110800161769E-21
     4.838333980603843E+00    1.695803830366246E-22
     4.898750836221289E+00    7.719789375138403E-21
     4.898750837048712E+00    1.072055273669361E-21
     4.907551903184368E+00    1.681187599465084E-21
     4.915673010851589E+00    6.407291912619951E-07
     4.925434746166526E+00    1.247114815859171E-20
     4.925434746562375E+00    9.874620759056420E-22
     4.941066283200509E+00    2.295832780751546E-03
     5.010860912559994E+00    5.429230963604555E-20
     5.010860914932044E+00    6.118329305428741E-22
     5.012831239882792E+00    1.299221347635500E-06
     5.014366209296638E+00    3.089684620702636E-21
     5.014366209418782E+00    2.058402102003539E-20
     5.173377181192035E+00    1.668670642742416E-04
     5.556870234269122E+00    4.936315320977328E-03
     5.574728525305832E+00    3.619786781461845E-16
     5.574728533577151E+00    1.904518395701256E-20
     5.612156424741887E+00    5.891230206574695E-19
     5.688389476995154E+00    4.234421080781759E-19
     5.688389483542178E+00    7.469838216603306E-18
     5.748283131096264E+00    1.107954140931870E-21
     5.748283131882979E+00    1.006069496982974E-21
     6.399270640263473E+00    8.826025283419033E-22
     6.399270641331001E+00    8.438199961900600E-24
     6.421946370919072E+00    7.464655812504344E-13
     6.421946372278904E+00    4.209752937689722E-10
     6.421946374422320E+00    1.697863092159395E-10
     6.468571126001999E+00    3.129375918511783E-18
     6.468571129882723E+00    9.965151855741386E-16
     6.468660861106272E+00    1.578245894774149E-06
     6.481103705006300E+00    4.814566180396308E-22
     6.502184517528717E+00    1.603698769358881E-20
     6.502184518020084E+00    2.918539867773247E-21
     6.504539719426467E+00    1.704490324641840E-22
     6.609143744627305E+00    2.461656911685632E-05
     6.704305183224225E+00    4.436253238804188E-21
     6.704305183284339E+00    1.087984007440796E-21
     6.709681608865716E+00    1.083303684532646E-03
     6.783628104707318E+00    1.051217101457304E-20
     6.783628104752813E+00    6.764672194233091E-25
     6.814322433691880E+00    2.442263629163434E-20
     6.814322435713671E+00    6.506596981630534E-18
     6.815558256650809E+00    3.364382498084148E-05
     6.857697234386551E+00    3.114474790572311E-22
     6.857697236051064E+00    1.596303647847432E-21
     6.889144511385219E+00    1.745478928750188E-22
     7.120034151452431E+00    1.918174796462112E-20
     7.120034151690219E+00    2.030565681462293E-20
     7.148711631121684E+00    5.222214568658373E-03
     7.168621531855750E+00    7.815852581004165E-19
     7.168621532418530E+00    2.534011748060994E-17
     7.168664864817793E+00    2.224919600803612E-06
     7.304342160581494E+00    1.984768278678897E-03
     7.810772532813263E+00    4.401200851963018E-21
     7.810772533186006E+00    4.174314779210124E-21
     9.498563019773419E+00    1.959991110738413E-13
     9.498563022836560E+00    1.271279918548121E-13
     9.498563023765126E+00    3.104028376101594E-14
     9.508555068535591E+00    2.414227851859802E-20
     9.508555071339151E+00    1.369238791728362E-19
     9.508555072234699E+00    1.959567896917235E-20
     9.508555073367827E+00    3.071178015793642E-19
     9.524404847869699E+00    8.145780867975173E-21
     9.524404852692715E+00    6.820602197105746E-19
     9.524718759490835E+00    2.075932206489464E-20
     9.524929281446829E+00    2.553839755203240E-08
     9.525903690204531E+00    4.193231068548197E-08
     9.525948161866920E+00    2.227377566741121E-16
     9.525948166442651E+00    5.657696834700379E-17
     9.562902763334286E+00    2.722186152459811E-22
     9.562902766438242E+00    4.316419838725660E-21
     9.566156410428727E+00    1.082994712810842E-19
     9.566156412168350E+00    6.005091620912114E-20
     9.569859291510445E+00    1.537678961489626E-20
     9.569859296911210E+00    6.945019095424267E-22
     9.590554666574189E+00    8.234551187978250E-20
     9.600742446980748E+00    9.029450052349267E-06
     9.634056859325991E+00    9.287475653263760E-20
     9.634056864019653E+00    1.679252705237854E-20
     9.740253603535654E+00    6.614515987017836E-19
     9.740253612367344E+00    5.725191463066801E-20
     9.746201764199689E+00    1.742614485965211E-06
     9.916890566739269E+00    6.661276101844170E-07
     9.917977760494145E+00    5.266990362934657E-21
     9.917977761954067E+00    1.387219252515336E-19
     9.927364555317883E+00    6.508494259090767E-07
     9.931562983819877E+00    2.359547633191056E-21
     9.932555255580102E+00    1.957589423738910E-22
     9.932555256489380E+00    2.644809448116482E-22
     9.976421118406170E+00    1.632730309671720E-23
     9.976421118924751E+00    9.184390537636823E-22
     1.058427822009834E+01    9.822020427314513E-03
     1.059644068395367E+01    1.764044164712724E-16
     1.059644068780071E+01    2.550277907015556E-15
     1.062023001476427E+01    6.300564498601173E-17
     1.062023002437111E+01    7.292746073374910E-16
     1.068905576616821E+01    1.365869624630205E-18
     1.070385079886139E+01    6.378312701279865E-03
     1.075646781734481E+01    7.419227068935335E-18
     1.075646783164303E+01    5.533542281290747E-18
     1.158789894937052E+01    9.499401147761492E-20
     1.158789895694941E+01    6.473137349372701E-20
     1.162450585835558E+01    4.986964380751392E-12
     1.162450586668265E+01    3.471504383145902E-09
     1.162450587430083E+01    1.572352874440111E-09
     1.172161781092133E+01    3.372573469618500E-16
     1.172161781718091E+01    6.645650218138199E-15
     1.172173210515830E+01    3.517068512607422E-06
     1.172748112402198E+01    5.859346195697937E-21
     1.177288318183422E+01    1.247100917478424E-20
     1.177288318423381E+01    3.023232462765019E-19
     1.178158795087089E+01    7.368475374923137E-21
     1.179224842089146E+01    1.508946502647885E-17
     1.179224842993612E+01    1.674143224380352E-17
     1.179309814062225E+01    3.240845915904441E-05
     1.205625916561656E+01    3.104088627517697E-19
     1.205625918414028E+01    4.268998817706772E-19
     1.213002814405180E+01    1.949422157151647E-16
     1.213002815770703E+01    1.844485459675404E-16
     1.213204157919132E+01    7.525771976150470E-05
     1.215333577362493E+01    1.742111869350071E-20
     1.268658795099702E+01    5.366285120162955E-04
     1.285768497076868E+01    3.479888637839907E-20
     1.285768497128879E+01    1.429318831531516E-19
     1.288319909169089E+01    1.213822902740142E-05
     1.302277953647765E+01    4.222813905240009E-23
     1.302277953651222E+01    5.966634263448559E-22
     1.312794466567749E+01    2.389897332779129E-22
     1.312794466572626E+01    5.386755899969578E-23
     1.330106032359706E+01    5.905523328446079E-03
     1.347698174172594E+01    2.660729390856767E-20
     1.347698174243672E+01    1.930557052064813E-20
     1.357986246123572E+01    4.605395954934787E-03
     1.599583079247812E+01    7.688954589903150E-12
     1.600111776246809E+01    2.561475712712533E-25
     1.600111776503277E+01    6.796313189216089E-26
     1.603281625909726E+01    6.158145951361220E-26
     1.603281626629721E+01    7.136545296641830E-28
     1.605541067417241E+01    3.423936912081164E-27
     1.606381311316425E+01    9.751886053348194E-28
     1.606381312257496E+01    8.943089870549838E-28
     1.614541324607892E+01    5.137667258068036E-13
     1.618112411043010E+01    2.822517175345730E-27
     1.618351027711780E+01    2.536018189604226E-28
     1.618351028258042E+01    1.272082911033488E-28
     1.824750271447802E+01    4.927335872104076E-11
     1.824757265616473E+01    7.564464856313375E-24
     1.824758761664405E+01    1.973321985868432E-22
     1.824758761700138E+01    3.105905418614421E-22
     1.932848920245890E+01    2.627967602538093E-12
     1.932848920285211E+01    6.769606963419705E-15
     1.932848920453032E+01    3.076292421558039E-13
     1.934821669502298E+01    1.425268572019956E-15
     1.934821669700663E+01    3.086489528984883E-18
     1.934821669853043E+01    1.187031638278374E-16
     1.934821670026548E+01    5.900614662769484E-19
     1.939643691140727E+01    2.660889430086828E-19
     1.939643691561960E+01    1.813375459855870E-19
     1.939645400768157E+01    1.809072156472647E-19
     1.939650669772406E+01    1.511953322631923E-10
     1.940209708478163E+01    9.455417860572878E-10
     1.940210058558614E+01    1.966144864452665E-18
     1.940210058660777E+01    3.802892022502488E-16
     1.945278710416712E+01    2.905169527066845E-25
     1.945278710928637E+01    2.456691058388101E-25
     1.947751436382181E+01    2.939176877092684E-24
     1.947751436697514E+01    1.277088283535301E-25
     1.973569138082011E+01    4.964058417570744E-08
     1.973716235137500E+01    1.346435431796683E-19
     1.973716235412584E+01    1.764442819551226E-19
     1.976512357516940E+01    2.179429334801465E-21
     1.976512357760382E+01    7.004741727362719E-22
     1.976713401342094E+01    1.079744215838787E-21
     1.977433127609039E+01    1.698453246974359E-08
     1.985387091315392E+01    1.052876186209794E-22
     1.985387092137970E+01    1.641300154955687E-23
     2.081327444805556E+01    2.206961192775933E-20
     2.081327446325408E+01    1.079835627888345E-18
     2.084488136944690E+01    7.820981205254965E-06
     2.085035787758896E+01    7.013109600110664E-18
     2.089143444802356E+01    1.326561527298508E-20
     2.089143445757567E+01    1.406418733058367E-19
     2.102587220302266E+01    5.531916129824057E-19
     2.102587221849701E+01    5.155879904634086E-20
     2.103445968746416E+01    5.830233453219708E-07
     2.304548596149427E+01    1.121757897977670E-04
     2.304588825349629E+01    3.831199999019276E-17
     2.304588825376380E+01    4.125586141095254E-18
     2.320791146281811E+01    1.582978426380590E-02
     2.324279394320299E+01    6.678868185578658E-17
     2.324279396294614E+01    2.810274753947408E-16
     2.336035435129157E+01    5.645838042575008E-17
     2.342311837553654E+01    1.348243977310618E-17
     2.342311838116416E+01    3.853153662137344E-17
     2.386466348835672E+01    3.956506529746464E-19
     2.386466350090257E+01    3.413169543480372E-19
     2.391158200342973E+01    1.252699811779349E-08
     2.391158201797801E+01    2.784072221200072E-08
     2.391158202433825E+01    2.532031691115315E-09
     2.402649550254908E+01    1.606912428077684E-17
     2.402649551150789E+01    1.369066424980743E-15
     2.402671521239885E+01    1.100938666217103E-05
     2.404690184551859E+01    2.363190723557235E-20
     2.406828989952810E+01    1.456484902874715E-19
     2.406828991375898E+01    1.283615212830975E-19
     2.410704380160547E+01    1.880728479613939E-20
     2.433951651786997E+01    1.190859659831235E-17
     2.433951655319279E+01    2.854336417457785E-21
     2.438873744988675E+01    1.761685450407576E-15
     2.438873747263827E+01    3.711443187448133E-17
     2.439250074761432E+01    9.466364524464332E-05
     2.448089388568134E+01    3.980812588398414E-20
     2.553045306301174E+01    4.417804112619270E-21
     2.553045306326416E+01    1.492165545279808E-20
     2.785919057844022E+01    4.738194894938192E-22
     2.785919057846696E+01    6.222059900673018E-22
     2.796147753867153E+01    4.606531112639693E-03
     2.926448469297457E+01    2.765858670445846E-09
     2.942140434273789E+01    8.474303488120950E-21
     2.942140434275421E+01    4.687750873262939E-21
     2.943224463112887E+01    1.097492183660790E-03
     2.951915375181647E+01    4.727155648650367E-22
     2.951915375186782E+01    2.548623794232929E-22
     2.973134340857905E+01    1.406629570547412E-02
     2.986975797499434E+01    6.975235542718894E-21
     2.986975797511228E+01    1.304965294985864E-21
     3.028872909159719E+01    1.661203081252550E-05
     3.704549888072622E+01    7.087341363400683E-12
     3.705461057475623E+01    8.367755106183467E-27
     3.705461057770551E+01    2.492411825879271E-24
     3.709401702526431E+01    2.007966287379776E-26
     3.709401704091047E+01    1.417015947490932E-25
     3.712108275065512E+01    1.141170435138467E-25
     3.715046749877546E+01    5.822768955112331E-27
     3.715046750473289E+01    9.063472997322721E-29
     3.723100516495204E+01    2.345454743279913E-15
     3.731057132391933E+01    2.939220406309191E-29
     3.731332831700890E+01    4.980374370986825E-27
     3.731332833385886E+01    1.011759137971760E-27
     3.930668066139077E+01    2.311666481593738E-14
     3.930683216280398E+01    8.595903697936053E-26
     3.930686740837666E+01    2.087019145845154E-26
     3.930686740854963E+01    1.147787722158251E-27
     4.565142790847617E+01    3.954923468112222E-13
     4.565142793631907E+01    1.698823085156341E-12
     4.565142795100330E+01    9.621587854175588E-14
     4.568084499016006E+01    1.911747734969740E-15
     4.568084499661607E+01    4.307126655683646E-14
     4.568084501978861E+01    1.441698622224805E-15
     4.568084503191441E+01    5.692812257892183E-14
     4.575316999644667E+01    1.966978046163551E-19
     4.575317000908170E+01    6.589754107286878E-18
     4.575317488732670E+01    6.601384899006923E-18
     4.575319113371094E+01    1.309308370861336E-11
     4.576186505325428E+01    8.476657845915259E-13
     4.576186506422875E+01    8.693674782350411E-13
     4.576186509741286E+01    7.361299986344500E-14
     4.583093164728297E+01    1.727426857645804E-24
     4.583093166808840E+01    8.314721763461767E-25
     4.586805604260209E+01    3.612975384965594E-24
     4.586805606957212E+01    8.983507275208961E-25
     4.607515817747473E+01    7.291699583263174E-09
     4.607564060063972E+01    6.782741054099202E-18
     4.607564063508327E+01    2.068105716982687E-19
     4.610863587417001E+01    7.131090162998021E-21
     4.610863591149459E+01    8.149615117239028E-21
     4.610934041559281E+01    5.833682715571188E-21
     4.611196881958679E+01    1.063647797659196E-09
     4.624220859974636E+01    1.084693215359805E-22
     4.624220861527780E+01    1.892684790274460E-24
     4.975898167969623E+01    1.805525783955916E-21
     4.975898168857726E+01    1.384268752035861E-20
     4.979514038245976E+01    3.752440693466305E-06
     4.980637620781827E+01    1.234426753009893E-19
     4.985213845388244E+01    1.383988698544618E-20
     4.985213846764944E+01    1.487840076621017E-23
     5.001469704952313E+01    4.090868679534191E-20
     5.001469705692287E+01    1.371928539289666E-20
     5.002412955905329E+01    1.321999643703493E-07
     5.204464810546987E+01    4.058290974123008E-18
     5.204464810599534E+01    5.046259328199566E-19
     5.204474274801300E+01    5.783316015378202E-07
     5.432032503486722E+01    4.849855691433620E-19
     5.432032504558710E+01    1.629383828609185E-20
     5.436687471559780E+01    1.843192104598670E-09
     5.436687472597676E+01    8.907242379590530E-09
     5.436687473342258E+01    1.831505737507854E-09
     5.444024016726851E+01    1.818982325501726E-06
     5.444025255425478E+01    1.307621800719979E-12
     5.444025257359399E+01    6.459958593112684E-15
     5.446383695526639E+01    7.628337455954362E-20
     5.446383696775835E+01    1.729623038095615E-19
     5.450077260313023E+01    3.663154082377855E-22
     5.453137444398752E+01    5.795039109796444E-23
     5.476228172357767E+01    1.028651849221346E-17
     5.476228173137435E+01    1.117328920787138E-17
     5.478443571167729E+01    1.032311386861549E-03
     5.479654457983885E+01    2.953846048198274E-17
     5.479654460153986E+01    2.949962057705062E-19
     5.489985215115095E+01    9.635160622708218E-20
     5.525045867628683E+01    1.153903732431294E-02
     5.527723677529892E+01    5.815237899603476E-15
     5.527723680683641E+01    3.180549665457720E-15
     5.538762939254836E+01    3.506849104641500E-18
     5.543979303888368E+01    3.797346473753015E-17
     5.543979309260728E+01    2.797551761343321E-17
     5.754827818277430E+01    1.389565342851469E-20
     5.754827818411832E+01    1.419940399498506E-20
