     2.142523652826201E+00    1.426002468316775E-18
     2.142523658015582E+00    1.672970966019545E-20
     2.240909690241938E+00    9.257752434423982E-04
     2.449452412797814E+00    5.717822443578285E-05
     2.453325758115717E+00    1.693195357784512E-16
     2.453325769456565E+00    1.467423904425782E-18
     2.458168764246606E+00    3.581094256205336E-18
     2.458168766470606E+00    2.148441523330696E-19
     2.458554794671364E+00    2.997544330057624E-17
     2.551003438693635E+00    4.676228095399282E-20
     2.551003447940413E+00    1.575071355698131E-18
     2.554311849777542E+00    1.408352898389453E-04
     2.566980753878804E+00    9.554505976425387E-05
     2.568364825703350E+00    2.600906592055460E-16
     2.568364838446446E+00    1.111710479180497E-16
     2.570959798298976E+00    5.524104862366547E-18
     2.570959803983405E+00    5.588365201084760E-18
     2.571405235075188E+00    2.728952391709588E-16
     2.665853567815316E+00    6.572088603413077E-19
     2.665853576022974E+00    3.045133742270770E-18
     2.667200596625288E+00    1.034387737939391E-04
     2.700010955090142E+00    9.729157485417851E-05
     2.702586894142344E+00    2.119879394908476E-19
     2.702586896827614E+00    2.225095052528811E-16
     2.707164381747966E+00    4.123247674044388E-18
     2.711187160358044E+00    1.370670709892470E-18
     2.711187166311011E+00    3.112602622872327E-19
     2.800867514362416E+00    2.872038593544755E-19
     2.800867516497813E+00    3.673975300818619E-20
     2.807760586645604E+00    2.170042721589432E-04
     2.921565527474516E+00    1.524229829008621E-04
     2.926310531481559E+00    2.846529242926636E-16
     2.926310533855548E+00    1.601537855402229E-16
     2.932028184950886E+00    3.441375802533253E-18
     2.985238580675816E+00    4.369510294584771E-21
     2.985238581067588E+00    2.131888138075121E-20
     3.024880068549856E+00    4.803197046914473E-20
     3.024880076969512E+00    6.054557693293962E-20
     3.080945511183959E+00    3.088309762020988E-05
     3.083712644040392E+00    3.862583315031710E-04
     3.121755713643731E+00    1.577616467124157E-21
     3.121755713840815E+00    5.701126941054172E-23
     3.167130527961984E+00    9.043085206361102E-21
     3.167130528054234E+00    9.435218183177054E-24
     3.235562985900952E+00    7.186795239004295E-04
     3.280155089779215E+00    6.739508546239247E-04
     3.283831910645093E+00    3.933998269152993E-16
     3.283831920311740E+00    4.152242104578264E-19
     3.290928967463084E+00    4.542468635731974E-17
     3.374436241880949E+00    4.315764765353856E-06
     3.381488996954117E+00    8.441481376242712E-20
     3.381488999360312E+00    5.984297149220433E-20
     3.382289118390645E+00    5.103765655935887E-22
     3.382289118459863E+00    1.778569487912380E-25
     3.391678607275113E+00    1.884988038773393E-20
     3.391678607453379E+00    9.050508112135194E-21
     3.400172923522278E+00    6.929014885376304E-04
     3.512907679343252E+00    5.545156401663245E-04
     3.520895779096443E+00    4.840056399712721E-06
     3.530083010820375E+00    5.919031712139377E-22
     3.530083010933881E+00    1.815343957777746E-22
     3.532133270950826E+00    4.334922374876150E-21
     3.532133271098338E+00    2.421407879373293E-21
     3.541792862370355E+00    6.808488809566394E-21
     3.541792862502680E+00    6.276735161637837E-22
     3.613858609295434E+00    5.208177009304382E-21
     3.613858609361947E+00    2.807739295379324E-20
     3.630850304169628E+00    2.799354501289666E-06
     3.706406723674375E+00    7.906825696926549E-04
     3.774495530700557E+00    1.834478482465380E-04
     3.776145620482832E+00    7.382217019435804E-06
     3.785277625609359E+00    9.690162246498297E-20
     3.785277625671466E+00    8.459534869915734E-21
     3.790910778980422E+00    7.577134202484573E-21
     3.790910779261874E+00    2.688327325962736E-21
     3.808231239329810E+00    2.385214998155543E-18
     3.808231239573922E+00    9.511978776040070E-20
     3.834526788972216E+00    4.638170517889367E-04
     3.846522966795710E+00    7.604415645391160E-17
     3.846522974077498E+00    3.050275934659194E-16
     3.855624554666015E+00    6.797549351534361E-19
     3.874824046828891E+00    1.075315219513913E-03
     3.933550093652301E+00    1.763482807277113E-20
     3.933550093757023E+00    2.274625278684637E-22
     3.945021166355206E+00    2.074231297230137E-19
     3.945021183429079E+00    1.909398654704588E-18
     3.964305703154646E+00    1.406289950919168E-04
     4.178920709278436E+00    2.134208615300845E-04
     4.180161457743977E+00    7.267454982933312E-21
     4.180161460308422E+00    6.845426200455791E-20
     4.187781803966787E+00    9.062839013328834E-12
     4.187781806633120E+00    1.733895620263036E-12
     4.187781807147179E+00    3.327266919509707E-12
     4.194097092993791E+00    6.296701614825345E-20
     4.194097093542257E+00    2.680370911192104E-21
     4.195984371935441E+00    1.215483087280897E-14
     4.195984372478518E+00    2.085608140422336E-14
     4.195985818143483E+00    1.024728841846854E-07
     4.202855075422153E+00    1.422614336157351E-21
     4.202855076460681E+00    2.324630462330093E-21
     4.209666892004367E+00    4.582576615128393E-21
     4.212787370016116E+00    1.259087672981857E-21
     4.224747690267025E+00    9.820132658262389E-06
     4.247775102880077E+00    4.829104050545123E-21
     4.247775103604092E+00    1.344450020755118E-21
     4.271185794691207E+00    7.090935966888830E-20
     4.271185795552151E+00    2.172831331252002E-22
     4.359536798877937E+00    6.788950834624499E-04
     4.455639090112840E+00    5.692976543036318E-04
     4.541565626838477E+00    3.126385986960442E-21
     4.541565629906227E+00    1.434577983859410E-20
     4.580149206414163E+00    1.135033571063145E-05
     4.581678853993609E+00    2.502789301841678E-17
     4.581678855727795E+00    1.055986071474997E-19
     4.600861038688609E+00    6.741136533156203E-21
     4.653980028883671E+00    7.220368769113043E-20
     4.653980029708110E+00    1.022486160931335E-20
     4.661856915399910E+00    2.136461419887068E-05
     4.721355784190345E+00    2.908672609677159E-18
     4.721355785988121E+00    5.930287754554925E-18
     4.722151920143281E+00    1.321615758336982E-04
     4.734030911833263E+00    1.301110086068109E-03
     4.743401414555764E+00    6.066313630135907E-16
     4.743401418891310E+00    2.529802900557101E-15
     4.759586465503204E+00    9.281106388658795E-19
     4.827381569398427E+00    4.974399581917467E-21
     4.827381570456603E+00    4.955895636370247E-21
     4.829044230172737E+00    3.287989153106785E-06
     4.844875443862224E+00    3.390282315130084E-19
     4.844875471388859E+00    9.518105183121809E-20
     4.899084220649731E+00    8.697667272839842E-21
     4.899084222728253E+00    5.781591986488735E-23
     4.907561364791413E+00    1.852821489218135E-22
     4.915676814178048E+00    1.270875354106739E-06
     4.925438258393619E+00    2.314999914337110E-22
     4.925438260479027E+00    1.828065565686200E-20
     4.961300084249389E+00    4.486340531021934E-21
     4.961300096059774E+00    4.883751547562658E-23
     4.969173036160117E+00    1.945205915706507E-06
     5.001510227758828E+00    1.219811863144231E-05
     5.010879042356224E+00    3.244359332306885E-20
     5.010879044320833E+00    3.169810193599584E-19
     5.012836553113587E+00    4.815139129036804E-07
     5.034920389141987E+00    1.491215739237644E-20
     5.034920390108116E+00    3.623035102585622E-21
     5.067256283144427E+00    1.802626626461206E-19
     5.067256284241799E+00    3.419458578755906E-20
     5.158524430019440E+00    1.755989304708772E-03
     5.177614665387619E+00    2.444968103705804E-19
     5.177614676901307E+00    2.880889472574603E-21
     5.272525441001159E+00    6.542474672241032E-04
     5.400812518675959E+00    7.317739945674150E-22
     5.400812519416890E+00    6.371631926253213E-25
     5.451190458932388E+00    2.734363925573903E-05
     5.520048645923627E+00    3.119464928127019E-20
     5.520048649731247E+00    8.553561436929775E-21
     5.544186052672212E+00    3.328089292067336E-25
     5.544186054997480E+00    2.410671670519851E-20
     5.615282414824899E+00    2.942334323748556E-03
     5.898552275048555E+00    7.869019651236075E-05
     6.071818811348132E+00    1.483202024068396E-20
     6.071818814970806E+00    1.074949356405494E-21
     6.220668281457779E+00    2.858132501928332E-03
     6.236563826360964E+00    7.854851923176722E-18
     6.236563831510436E+00    3.184888519601914E-15
     6.261369294390898E+00    1.470804968268621E-19
     6.341678021442483E+00    7.217847266683150E-18
     6.341678057079755E+00    3.122355722876389E-20
     6.376694928349544E+00    1.364079208859869E-05
     6.385435978988097E+00    5.786750997868937E-20
     6.385435983575208E+00    9.699196139723400E-20
     6.421946735995324E+00    1.160618191069119E-10
     6.421946738045389E+00    2.829988015291743E-11
     6.421946741238184E+00    3.101725264316419E-10
     6.446418233738035E+00    1.621588875744840E-20
     6.446418234388619E+00    1.783157351473509E-23
     6.468758086343855E+00    1.680122424580751E-15
     6.468758089981472E+00    2.319885998173253E-15
     6.468880743772032E+00    4.715868061685301E-06
     6.470282401864490E+00    3.347223628038468E-22
     6.470282404038662E+00    6.982668131846676E-19
     6.481104237451151E+00    1.417487778999707E-19
     6.504697129571532E+00    5.854429202539888E-21
     6.504720747317549E+00    4.307712429627528E-21
     6.504720752513968E+00    2.299665159517660E-19
     6.562610798724537E+00    3.442015399543511E-03
     6.785401171517141E+00    5.815584430145440E-21
     6.785401174898041E+00    4.115387992877322E-20
     6.814522383589170E+00    2.894453134746924E-17
     6.814522385271649E+00    6.723657988838593E-17
     6.815627572695957E+00    4.954944827407388E-05
     6.867857694600487E+00    8.596134331900900E-18
     6.867857696129587E+00    4.510517460451312E-18
     6.877224802003845E+00    1.357960517575191E-03
     6.889196725552821E+00    2.782929605667349E-19
     7.048404685165429E+00    9.974235765149131E-23
     7.048404710732342E+00    3.537648868955703E-21
     7.168622535244700E+00    5.813335649941457E-18
     7.168622535608394E+00    2.687440400542302E-17
     7.168670714796499E+00    1.248469631144301E-06
     7.795662857694235E+00    3.768579477781356E-04
     8.462880324662267E+00    4.859992329846812E-20
     8.462880357124934E+00    3.581607253524935E-21
     8.780717474069608E+00    4.960208318564716E-03
     8.803621485348064E+00    2.840765413021971E-15
     8.803621497046352E+00    4.030716303680248E-18
     8.848790120779558E+00    9.375316337024424E-21
     8.922504139030199E+00    9.534685521936060E-19
     8.922504155971259E+00    6.725023564277579E-20
     9.044034232022424E+00    1.350692270173994E-05
     9.127844212859427E+00    4.810958458609302E-21
     9.127844213979889E+00    1.004726323327964E-23
     9.193174058503731E+00    4.022343609043723E-19
     9.193174059558030E+00    1.849966353767008E-20
     9.268038542149972E+00    3.572819062953159E-03
     9.498564707889553E+00    2.482820241782908E-13
     9.498564711072811E+00    9.752085093484386E-15
     9.498564713985932E+00    3.580588990520928E-15
     9.508556832607734E+00    6.426533534603004E-20
     9.508556834495481E+00    9.092271098078984E-21
     9.508556836309459E+00    2.058730789890431E-18
     9.508556839866499E+00    2.205316439788934E-18
     9.524408469452935E+00    6.484216593619236E-20
     9.524408472928982E+00    5.630304776860183E-21
     9.524721603781925E+00    4.448739273170523E-19
     9.524932344682227E+00    4.510667956694804E-09
     9.525908667103019E+00    7.312088622030536E-15
     9.525952375496946E+00    1.646824267331992E-20
     9.525952381102641E+00    4.996409003514084E-20
     9.538627380555335E+00    9.796147005959589E-19
     9.538627381319513E+00    8.407257511658284E-21
     9.562904964332052E+00    3.582545843758355E-22
     9.562904967104661E+00    1.211679884001817E-23
     9.566291732973548E+00    2.425662743882897E-20
     9.566291737867576E+00    3.682671139439763E-20
     9.569870286347200E+00    3.314524127055325E-20
     9.569870292561049E+00    1.117781702958985E-19
     9.575456338572701E+00    2.183981525444881E-03
     9.590603120573507E+00    9.173288166732954E-21
     9.600876693373866E+00    1.640653842633688E-06
     9.634113799767107E+00    1.801773536283985E-22
     9.634113805922194E+00    3.601077595311595E-22
     9.740283306701985E+00    1.589922128498828E-19
     9.740283315268995E+00    4.153867818044774E-20
     9.746240700762781E+00    2.330709863758896E-07
     9.916908846529196E+00    5.592397971268631E-08
     9.917994321750198E+00    1.519490781757575E-20
     9.917994323295549E+00    1.180537449409441E-20
     9.927378319371300E+00    9.238896243643443E-08
     9.931570593860810E+00    8.441635328808168E-22
     9.932569793154983E+00    1.966731184749631E-21
     9.932569795555803E+00    2.927011665157871E-21
     9.976423958294101E+00    6.263948081236959E-23
     9.976423960190651E+00    1.248294107630356E-22
     1.100828728652647E+01    6.171047733988169E-21
     1.100828731901636E+01    8.134133681652283E-22
     1.137635652970674E+01    2.153770097511053E-21
     1.137635652976618E+01    1.988512043154465E-21
     1.147044340002239E+01    5.473808662408724E-03
     1.159146065577703E+01    2.184329901762858E-25
     1.159146066655930E+01    2.703196743126739E-21
     1.162450712786274E+01    3.924462206285753E-10
     1.162450713317504E+01    7.902703591835543E-11
     1.162450714365728E+01    2.502508058161344E-09
     1.172140160480707E+01    2.003998626672407E-16
     1.172140160980405E+01    7.004295434434700E-17
     1.172144451140935E+01    1.876420243339088E-08
     1.172748235037691E+01    9.013584334787137E-22
     1.178122165614795E+01    2.443120064172105E-20
     1.178790727452382E+01    5.486665468458358E-19
     1.178790728616196E+01    1.021332805628994E-18
     1.179172918688013E+01    7.921978227334590E-19
     1.179172918843758E+01    1.565392292158942E-17
     1.179242526352721E+01    9.400780166069393E-06
     1.210889270150023E+01    1.860751630524844E-19
     1.210889271123565E+01    3.768073146198580E-22
     1.212888809429367E+01    1.525050976417946E-16
     1.212888809623508E+01    1.650850176502621E-18
     1.213048168516871E+01    2.218028250589051E-05
     1.215228097383572E+01    1.945656844591351E-20
     1.360470446983716E+01    1.321245093382399E-03
     1.385726079033261E+01    9.686559730523521E-03
     1.388704373745630E+01    1.362603501826820E-15
     1.388704375810321E+01    4.920225671812144E-15
     1.396529034083658E+01    5.589123178349054E-18
     1.403168533584096E+01    1.405479959684691E-18
     1.403168535654458E+01    1.793205526071773E-17
     1.527988758135049E+01    6.928014638935372E-06
     1.540998034154609E+01    2.981008990860914E-21
     1.540998034215808E+01    6.502187457282009E-22
     1.549928880747757E+01    1.933036562500704E-19
     1.549928880811867E+01    5.726556047236133E-22
     1.554240239716557E+01    2.055468093905435E-03
     1.581799923697982E+01    1.226259779294849E-18
     1.581799923919488E+01    8.199934952626795E-19
     1.585614415448481E+01    6.103664979125497E-03
     1.599583150857458E+01    2.481885964499083E-10
     1.600111846057148E+01    5.152507948995742E-23
     1.600111846902811E+01    1.181560456776898E-22
     1.603281691502369E+01    1.004553798376211E-25
     1.603281691945392E+01    9.453525701268475E-23
     1.605541134184916E+01    6.682238513654470E-25
     1.606381374258314E+01    5.675551660060549E-24
     1.606381375152818E+01    3.858283407376840E-24
     1.613549178123597E+01    1.748074254149152E-21
     1.613549180510387E+01    4.661626877121955E-21
     1.614541390535092E+01    9.819966807252794E-12
     1.618112469835987E+01    5.295612302122031E-25
     1.618351086435827E+01    8.007136347424755E-26
     1.618351087352921E+01    9.463797361093209E-24
     1.824750267743754E+01    1.077049192671566E-10
     1.824757261801097E+01    1.223431675520291E-22
     1.824758758143564E+01    3.548333956430805E-21
     1.824758758198586E+01    1.483044571310198E-23
     1.932848979774397E+01    3.276931412463719E-13
     1.932848980019610E+01    1.495055943535624E-12
     1.932848980481245E+01    2.790414827466946E-13
     1.934821722975967E+01    3.718583403290943E-16
     1.934821723101599E+01    2.808772161953183E-17
     1.934821723541535E+01    4.430207643445690E-18
     1.934821723882061E+01    1.025136263004407E-15
     1.939643683198572E+01    1.439559395183356E-19
     1.939643683352464E+01    4.790506330181900E-19
     1.939645392746252E+01    1.267496856941170E-18
     1.939650661719536E+01    2.391968193447822E-10
     1.940209656233797E+01    3.402602444942741E-10
     1.940210003590251E+01    1.099312561404082E-19
     1.940210004458065E+01    8.419207107318228E-17
     1.945278730423865E+01    1.691661236318255E-23
     1.945278731019458E+01    4.133738459476513E-23
     1.947751446067881E+01    7.533521516087783E-24
     1.947751446664719E+01    1.431381845436155E-23
     1.973569124496463E+01    8.341963613921290E-08
     1.973716220779373E+01    1.661570029549284E-20
     1.973716221285758E+01    1.355745859240962E-19
     1.976512438020227E+01    2.625996336818853E-21
     1.976512438561300E+01    1.015194066332655E-21
     1.976713403044731E+01    1.093913502888958E-21
     1.977433127440974E+01    2.342420711852484E-08
     1.985387081805025E+01    2.809386911911654E-22
     1.985387082680009E+01    3.810714818911284E-24
     2.081339332715495E+01    2.068255692927959E-21
     2.081339333463623E+01    3.128613148343410E-20
     2.084498154077752E+01    7.449836074246466E-06
     2.085039257127221E+01    2.858865436529662E-19
     2.089147985070475E+01    8.404712868228034E-21
     2.089147985954536E+01    4.094342227427614E-20
     2.102588143915542E+01    2.096517135668795E-20
     2.102588144061566E+01    4.497021967038925E-20
     2.103447157223546E+01    4.375320300620769E-07
     2.304649339966916E+01    8.977516351080299E-20
     2.304649340068730E+01    1.063119668935531E-19
     2.304662628987765E+01    5.857435362402461E-09
     2.386552514498837E+01    9.905742076474625E-21
     2.386552515026366E+01    2.479446808378534E-20
     2.391158256280342E+01    3.126195704858215E-09
     2.391158257241138E+01    1.982532038810111E-08
     2.391158258901827E+01    1.763869295048611E-08
     2.402592855110875E+01    6.379604994955379E-15
     2.402592856883913E+01    1.585499833530531E-14
     2.402599587716222E+01    9.614517788391676E-07
     2.404690237676798E+01    2.405567506477348E-19
     2.407347011741681E+01    1.503510346618310E-19
     2.407347012440110E+01    2.386505832394208E-19
     2.410627842146560E+01    9.560778379703838E-21
     2.436451951519019E+01    6.976478547765716E-18
     2.436451951805593E+01    1.348374450465530E-18
     2.438012527469714E+01    1.850821617785185E-15
     2.438012530137066E+01    3.336853499413535E-16
     2.438135860742513E+01    2.677023036879726E-05
     2.447469520174484E+01    5.423268718440082E-19
     2.610946194152788E+01    1.381686874502964E-02
     2.614376607088823E+01    9.817435360345963E-15
     2.614376609871666E+01    6.901417880007146E-16
     2.626196394222001E+01    2.669327233757168E-17
     2.632251564404053E+01    9.812465888067576E-18
     2.632251566958569E+01    4.924408992868546E-19
     2.839411565645795E+01    8.127000087974463E-21
     2.839411567259725E+01    2.012679614468502E-22
     2.857007758458476E+01    5.806460366234164E-23
     2.857007758465174E+01    1.129676199802449E-20
     2.866859944367701E+01    4.548778184807689E-03
     3.074398772969550E+01    4.996306740420142E-03
     3.140075660489805E+01    1.510987242952130E-07
     3.155528988631411E+01    2.329292966932004E-23
     3.155528988668081E+01    2.669174413145484E-23
     3.164643757208123E+01    2.999622764730891E-19
     3.164643757244695E+01    5.804832921860760E-20
     3.166052402219461E+01    1.095416043576105E-03
     3.197832580395440E+01    8.225691609901262E-03
     3.199705211138280E+01    8.242175795265364E-19
     3.199705211170008E+01    2.469090344885478E-20
     3.704549999639845E+01    3.537947033392023E-11
     3.705461169716478E+01    1.193036433854548E-23
     3.705461170122494E+01    8.285870804025863E-23
     3.709401816010769E+01    4.078788079102128E-25
     3.709401816894857E+01    8.215539009368249E-25
     3.712108389423680E+01    1.954177408044022E-26
     3.715046863015363E+01    5.816311240631530E-25
     3.715046863755584E+01    6.894317077341668E-26
     3.723100631147307E+01    3.585409486841950E-12
     3.731057250070833E+01    9.685651790962109E-26
     3.731332949661385E+01    4.878722881624377E-26
     3.731332949986092E+01    4.174124051791408E-25
     3.930668073652667E+01    5.901841917333386E-16
     3.930683223893002E+01    1.407315243706449E-29
     3.930686748404275E+01    1.805073927975277E-26
     3.930686748480826E+01    5.235408597975251E-25
     4.565142858205397E+01    1.461518399452887E-14
     4.565142858827829E+01    1.361299153324673E-13
     4.565142860401318E+01    1.615122195643775E-12
     4.568084568058750E+01    2.191357287671515E-13
     4.568084568122589E+01    3.138241419348049E-15
     4.568084569254586E+01    1.157456152227147E-14
     4.568084570757298E+01    7.302502647654661E-15
     4.575317066612985E+01    1.248835191000111E-18
     4.575317069273295E+01    3.331492516880034E-20
     4.575317553165710E+01    3.864719187421728E-18
     4.575319177831007E+01    2.802087622877101E-11
     4.576186587360878E+01    7.347596815802578E-14
     4.576186588524082E+01    6.705421739971929E-12
     4.576186591102569E+01    2.688340199661059E-11
     4.583093244482608E+01    4.289762010117239E-26
     4.583093245779381E+01    2.221905496398092E-23
     4.586805670242649E+01    5.876619835756947E-24
     4.586805672292359E+01    1.089444188467998E-24
     4.607515880064368E+01    1.726634771082292E-08
     4.607564116305618E+01    5.905793514510008E-19
     4.607564116914590E+01    1.770745058725610E-18
     4.610863657320528E+01    8.655157641236126E-21
     4.610863658414284E+01    1.979434178868866E-20
     4.610934091886647E+01    1.276153220292110E-21
     4.611196922085628E+01    2.301583126142587E-09
     4.624220903826967E+01    2.822455331142020E-24
     4.624220904797845E+01    4.206876237146132E-23
     4.975917176295906E+01    1.852011539284705E-18
     4.975917178451421E+01    1.433197926786070E-18
     4.979532927295893E+01    9.954042211288455E-06
     4.980645606004092E+01    3.009601961379609E-18
     4.985222420181906E+01    2.955698274456896E-19
     4.985222422909943E+01    1.637898529815208E-19
     5.001470517073877E+01    7.085390825618937E-19
     5.001470519976661E+01    1.011046203389050E-18
     5.002413912763543E+01    3.755833870256945E-07
     5.204466235655771E+01    4.450598079158228E-18
     5.204466235779632E+01    1.586503812584825E-17
     5.204476332127446E+01    7.379390093025125E-07
     5.432034480499866E+01    2.030265318940359E-20
     5.432034482155144E+01    1.188561515526352E-20
     5.436687453850716E+01    1.833956242751156E-08
     5.436687454823736E+01    3.597833533353676E-09
     5.436687456217783E+01    1.097981687280961E-08
     5.444030542322160E+01    6.451795274808650E-14
     5.444030543115401E+01    1.221939054610329E-14
     5.444032143290382E+01    1.040492142417950E-07
     5.446450526884667E+01    1.259199006313448E-20
     5.446450529428778E+01    1.641320674923708E-21
     5.450077240453481E+01    4.405790179409378E-20
     5.453152208930186E+01    4.397021042386339E-20
     5.478965151972183E+01    2.051023554516861E-18
     5.478965153020210E+01    5.879449968693001E-18
     5.481565725744162E+01    5.112770275507200E-16
     5.481565727902065E+01    3.412553971598228E-15
     5.481695129975934E+01    3.561990787657326E-05
     5.491627517893295E+01    5.695245260821319E-19
