     2.142945494149371E+00    3.024252695235211E-23
     2.142945494186112E+00    1.143121090377886E-23
     2.241382669007652E+00    9.365085672144262E-04
     2.535433165272934E+00    1.516408522602323E-04
     2.544015567718930E+00    1.207938989481670E-17
     2.544015569131117E+00    2.537185697150382E-17
     2.554823363735858E+00    3.134580978996774E-21
     2.643233859342282E+00    1.268565933615239E-19
     2.643233861671588E+00    6.926526936524838E-20
     2.701945124161266E+00    2.370211975951374E-22
     2.701945124263764E+00    4.285416768639669E-21
     2.800550365817190E+00    1.001960131501598E-03
     3.081026623346163E+00    3.055397049911323E-05
     3.121832380562781E+00    2.594613471444143E-22
     3.121832380589205E+00    1.184746499538918E-23
     3.165392798339947E+00    7.323534551303213E-22
     3.165392798583331E+00    5.355921405571786E-20
     3.205111237662403E+00    6.826597807363303E-05
     3.229461577657527E+00    4.072247858126052E-20
     3.229461584453433E+00    1.675027422895387E-18
     3.243748168021507E+00    3.317704904293071E-18
     3.248983638329287E+00    1.757916749230620E-03
     3.329795353820343E+00    1.442733403353295E-20
     3.329795356869418E+00    9.252804314878293E-19
     3.416159204421878E+00    8.548443445215090E-06
     3.431945247544586E+00    9.718475496108869E-23
     3.431945247557995E+00    1.089563657304063E-22
     3.451039001727045E+00    1.320241691488649E-03
     3.452535215601463E+00    1.375764157652292E-19
     3.452535215626698E+00    1.177240951194918E-20
     3.538332302263277E+00    8.766952159089732E-22
     3.538332302332776E+00    8.889985124861227E-24
     3.631358836882557E+00    5.679649055632913E-05
     3.836768790653123E+00    2.307405176259492E-04
     3.837776662500487E+00    5.237900019588128E-23
     3.837776662545053E+00    1.244451416219998E-21
     3.974140027154698E+00    1.684163221952377E-05
     4.008643742856325E+00    3.466017272699274E-22
     4.008643742877910E+00    7.091274761455502E-24
     4.048257336997993E+00    7.165675226321493E-24
     4.048257337005539E+00    1.536403693870380E-22
     4.163885478661956E+00    1.503461647325253E-03
     4.181265070232580E+00    5.056319546749364E-21
     4.181265071779101E+00    1.621355689932599E-24
     4.187782281799283E+00    3.224674969482522E-12
     4.187782282256837E+00    4.724613055825915E-15
     4.187782283764333E+00    1.413314039893017E-11
     4.195942943267178E+00    1.824327572239357E-07
     4.195949320451049E+00    7.204824660241779E-18
     4.195949320632645E+00    2.687959718233555E-16
     4.200772799892930E+00    2.255697987988519E-21
     4.200772800782767E+00    1.345280863832865E-20
     4.209667275788298E+00    8.934977784215460E-21
     4.212763846293426E+00    8.190335875967049E-21
     4.398674296070417E+00    1.200837849585937E-20
     4.398674296158777E+00    1.692388046171842E-23
     4.443457575998612E+00    1.918514008517954E-04
     4.474182985997480E+00    1.083096086072275E-04
     4.542258646236150E+00    1.424852282417183E-20
     4.542258647985816E+00    1.174370699861719E-19
     4.561363168719799E+00    2.758222477714091E-20
     4.561363169478008E+00    7.521856485959009E-19
     4.578884207538441E+00    5.929397757808964E-05
     4.581622320965103E+00    6.470311141772408E-18
     4.581622321767618E+00    2.496926103311262E-18
     4.600576167931274E+00    2.049879638325866E-04
     4.600632929748226E+00    4.256921038670499E-16
     4.647336338722976E+00    3.853707646009201E-19
     4.647336341201858E+00    4.936997139829848E-19
     4.661881997208727E+00    3.749729810449780E-19
     4.686687848806234E+00    5.337368911823042E-03
     4.744642867801010E+00    1.376000928198462E-19
     4.744642870688829E+00    1.462025200595601E-18
     4.820960924054806E+00    1.529788894625752E-20
     4.820960924352722E+00    2.991253024503208E-21
     4.900910990364745E+00    1.071592261051659E-23
     4.900910992408263E+00    2.822699512061361E-20
     4.907559655301633E+00    9.154140791539168E-21
     4.915676338750152E+00    1.685342742222354E-06
     4.925466247049819E+00    8.084071883030047E-22
     4.925466250644378E+00    2.857431995856236E-20
     4.986652147419964E+00    1.050135513277387E-05
     5.010877142567550E+00    5.814370155055272E-20
     5.010877144515822E+00    8.055218480322336E-19
     5.012835300567402E+00    5.498793757383413E-07
     5.278538387162923E+00    1.927821407626564E-05
     5.334135044298500E+00    1.286025605835623E-22
     5.334135044324626E+00    3.044735982263273E-23
     5.389442007415686E+00    1.204299117330561E-22
     5.389442007528776E+00    2.033471666553384E-21
     5.452743210250280E+00    6.167765596770965E-20
     5.452743210360830E+00    4.267350573838440E-20
     5.505176112968454E+00    3.462804389864581E-03
     5.761567520410584E+00    1.758574319992286E-22
     5.761567520535420E+00    1.142497602579753E-21
     5.847206595805180E+00    1.630471963684034E-03
     6.403813415232193E+00    5.934167328452679E-22
     6.403813419937554E+00    1.063413717406260E-21
     6.421948392745163E+00    3.105271080933407E-10
     6.421948394387950E+00    3.150224504347711E-13
     6.421948397983801E+00    1.943423939628370E-10
     6.468348497795800E+00    3.689078196327025E-14
     6.468348503302995E+00    4.742094507484223E-14
     6.468352427325610E+00    2.545871666333780E-07
     6.481105630264529E+00    8.980843853422027E-21
     6.494583482046375E+00    1.686982969439729E-22
     6.494583486325196E+00    2.664577710374545E-21
     6.504333488585848E+00    2.989742682218477E-21
     6.731910419993766E+00    5.617197813992000E-21
     6.731910426281182E+00    1.359562847906630E-21
     6.814100383269286E+00    3.835101081991141E-17
     6.814100385502005E+00    9.286936606296901E-19
     6.815210546852561E+00    8.480797174332142E-06
     6.854683831995773E+00    3.769106185299161E-04
     6.888979788120535E+00    3.787564832655482E-22
     6.998780841648498E+00    6.867805935249581E-20
     6.998780845815836E+00    1.522803221434437E-20
     7.168471845228269E+00    2.439723615942086E-05
     7.168537719978639E+00    2.995036250373877E-16
     7.168537720394634E+00    2.241155249531840E-16
     7.196956304433307E+00    5.223286597053929E-03
     7.218953640818598E+00    1.131191619021739E-16
     7.218953648061945E+00    5.353856210731634E-18
     7.264069327181389E+00    5.002500894524152E-19
     7.338069963018748E+00    4.140006632057557E-20
     7.338069964821883E+00    3.264759748595742E-18
     7.963698964846999E+00    1.797275730346603E-05
     8.053456413750583E+00    3.795294491610684E-21
     8.053456413770821E+00    2.931759929510935E-21
     8.128099698448104E+00    2.645523981364800E-22
     8.128099698503826E+00    2.163733580542880E-23
     8.220333380500133E+00    3.866624761590317E-03
     8.460057476170885E+00    1.099111658971023E-21
     8.460057476543417E+00    5.524819897448648E-21
     8.548557702658211E+00    2.782782860274717E-03
     9.435083651844307E+00    1.305129101978040E-22
     9.435083652594686E+00    7.741002914001677E-22
     9.498564881345118E+00    9.860597190703334E-15
     9.498564883427722E+00    8.902352053454495E-14
     9.498564885371456E+00    1.941464020139393E-13
     9.508556907702197E+00    3.515186994305794E-22
     9.508556908772213E+00    7.144698805515217E-19
     9.508556910515773E+00    3.695874362992955E-19
     9.508556912420612E+00    2.169606133435692E-20
     9.524426123166016E+00    2.035779113418370E-19
     9.524426125071338E+00    1.435877467169313E-19
     9.524720472497325E+00    5.126190375721455E-20
     9.524931108567408E+00    1.283958402753713E-08
     9.525906153285002E+00    1.244786505209820E-08
     9.525950355705763E+00    8.090759299219484E-18
     9.525950359464153E+00    4.836766197294074E-19
     9.562904469624286E+00    1.198455909311604E-21
     9.562904471417424E+00    5.537126494909753E-22
     9.566887785137851E+00    8.851471515965298E-20
     9.566887795281692E+00    2.730173958570492E-20
     9.569908004676808E+00    8.247527620131730E-21
     9.569908007690048E+00    2.747857004164409E-22
     9.590574745835745E+00    5.322565679011287E-22
     9.600805167775382E+00    4.666781821725335E-06
     9.634104308770624E+00    2.317406281741837E-20
     9.634104318233746E+00    8.326143771130502E-21
     9.740270494565378E+00    3.768776864830375E-20
     9.740270501743948E+00    9.794544681602624E-20
     9.746224298328391E+00    6.517809768016546E-07
     9.916903251331343E+00    1.707007162767893E-07
     9.917988999613717E+00    6.062592524353384E-20
     9.917989001206450E+00    7.195423264461635E-19
     9.927374217527952E+00    2.094501054965544E-07
     9.931568288611880E+00    1.141944864872451E-21
     9.932580339146764E+00    1.204522499714443E-21
     9.932580342083666E+00    9.976845696045228E-21
     9.976424253172656E+00    6.676949623036348E-23
     9.976424257198396E+00    1.618086842171736E-22
     1.048694209439982E+01    1.141518275565497E-21
     1.048694209442967E+01    1.460141643148250E-22
     1.058225698203609E+01    5.866451916410149E-03
     1.159037037313584E+01    5.312408591240672E-22
     1.159037038678387E+01    7.890544260300190E-23
     1.162450754225191E+01    1.278609339107942E-09
     1.162450755045734E+01    8.287065395927711E-10
     1.162450756245851E+01    1.611181009127251E-09
     1.172113733148509E+01    3.563263251411883E-06
     1.172119660882301E+01    7.352083231135781E-14
     1.172119662138385E+01    1.665904927025105E-15
     1.172748276935878E+01    1.483319956537772E-18
     1.178087377638257E+01    2.488031844715961E-20
     1.178153671176826E+01    1.482975068723153E-19
     1.178153672037059E+01    5.928641997694372E-20
     1.179113437950638E+01    1.437929942178583E-19
     1.179113438252791E+01    2.152945542030263E-17
     1.179156640957702E+01    3.283027953188694E-07
     1.208816190924959E+01    6.561194060935481E-20
     1.208816192742408E+01    1.271029841787699E-18
     1.212516148035036E+01    7.814826913622154E-05
     1.212542795315196E+01    4.655666909106526E-17
     1.212542796458816E+01    8.292618075875754E-14
     1.214963491008380E+01    3.497213076721051E-19
     1.240513145089663E+01    1.055826820518050E-02
     1.243377913189193E+01    2.288112731154134E-17
     1.243377915409907E+01    2.673704205169630E-16
     1.250949445012386E+01    6.047824494705725E-17
     1.257519988407593E+01    6.243515659587172E-18
     1.257519988986191E+01    4.873696971604196E-17
     1.271507116097781E+01    1.144457654950320E-03
     1.428799088561381E+01    8.792854633470318E-06
     1.442183562879562E+01    5.025878956665770E-22
     1.442183562881928E+01    2.366353002376143E-21
     1.451713717843488E+01    6.397665317068728E-22
     1.451713717846505E+01    3.056240641451745E-22
     1.457101512251498E+01    2.255042327801527E-03
     1.462148650126892E+01    1.086509140123212E-19
     1.462148650253265E+01    1.354329237834500E-18
     1.488800246102384E+01    1.053744921911311E-17
     1.488800246130236E+01    3.829573549349342E-17
     1.489240035365420E+01    6.480756668392944E-03
     1.599583229026043E+01    1.135965935623910E-10
     1.600111925600066E+01    2.614485074092293E-23
     1.600111925966172E+01    1.448333058980866E-23
     1.603281773946185E+01    2.270047644151807E-24
     1.603281774095855E+01    9.445057922378921E-25
     1.605541213199775E+01    1.036061828666466E-25
     1.606381456906792E+01    8.176959330859733E-28
     1.606381457437137E+01    8.581134053037118E-25
     1.614541465554926E+01    4.407609194140436E-12
     1.618112550019681E+01    1.462167290459318E-25
     1.618351166552889E+01    8.188378838949803E-27
     1.618351166692511E+01    9.063119794363954E-26
     1.824750501834408E+01    8.162828704711169E-11
     1.824757495939966E+01    2.295991509293247E-22
     1.824758992105713E+01    5.837732811273057E-22
     1.824758992223720E+01    1.079846310408476E-21
     1.932849096166445E+01    2.667450294307054E-14
     1.932849096787266E+01    9.765674996687405E-13
     1.932849097027917E+01    1.352303886917576E-12
     1.934821845801769E+01    5.044805567439917E-18
     1.934821846414831E+01    1.525378172039002E-19
     1.934821846605618E+01    1.053295549973731E-17
     1.934821847029369E+01    3.339895942958760E-23
     1.939643880413518E+01    2.303767043706217E-21
     1.939643881467304E+01    1.065416172089493E-19
     1.939645589458236E+01    1.392454511680821E-19
     1.939650857798114E+01    1.997235633251938E-10
     1.940209914730122E+01    5.050469517552543E-10
     1.940210261855159E+01    4.653370949731198E-17
     1.940210262648971E+01    8.518498470542780E-16
     1.945278888852937E+01    1.428720179781637E-24
     1.945278889412123E+01    1.106523229338810E-24
     1.947751615813516E+01    1.154883793837523E-24
     1.947751616651268E+01    2.311879248737980E-24
     1.973569321728854E+01    6.861494801642510E-08
     1.973716418390195E+01    1.454590680286171E-19
     1.973716419009966E+01    1.759632743689781E-18
     1.976512583319122E+01    3.889762617582799E-21
     1.976512584853620E+01    5.078197000149855E-22
     1.976713583805044E+01    2.236578946257027E-21
     1.977433310295881E+01    2.036041498472228E-08
     1.985387269221454E+01    7.645722291640142E-23
     1.985387269728641E+01    2.549046652299479E-23
     2.081335146772419E+01    1.069734286934306E-19
     2.081335147620421E+01    4.081655774500766E-19
     2.084494746104424E+01    7.135396699566801E-06
     2.085038088309988E+01    2.686520105019667E-18
     2.089146454374413E+01    1.859113204393612E-21
     2.089146455518515E+01    2.135206367257442E-20
     2.102587897733151E+01    3.204261268345478E-20
     2.102587898874225E+01    5.535905464872421E-20
     2.103446832319113E+01    4.485234362871199E-07
     2.304646439905224E+01    2.308909572904168E-22
     2.304646440167684E+01    9.741253384676228E-18
     2.304658373879238E+01    3.092956245072760E-07
     2.386520494603075E+01    2.796224933315863E-19
     2.386520495191222E+01    6.550943507398425E-24
     2.391158355584387E+01    2.128995743338282E-08
     2.391158356197428E+01    1.705714089447553E-08
     2.391158356519280E+01    2.389971573959810E-10
     2.402566472666450E+01    8.581028934000334E-06
     2.402571453233051E+01    1.133063940180736E-14
     2.402571454828072E+01    1.429958124360710E-13
     2.404690335660569E+01    3.082425903851193E-18
     2.407226920610928E+01    6.158245372091351E-19
     2.407226922129189E+01    1.500231239460723E-19
     2.410598893903476E+01    3.427418156867210E-21
     2.435304844505555E+01    1.840768524958162E-16
     2.435304845633321E+01    3.832693998350546E-17
     2.436945150842590E+01    4.482489228415854E-04
     2.437281779897546E+01    4.448938807906553E-16
     2.437281781880413E+01    1.032811137601860E-15
     2.446898994354753E+01    1.144806605100912E-17
     2.488072866032142E+01    1.430444313376285E-02
     2.491242320289923E+01    1.146821435968660E-15
     2.491242324022337E+01    6.723470450529506E-15
     2.502596668775697E+01    1.668800014145327E-18
     2.508385839966052E+01    8.530867242621705E-19
     2.508385845909253E+01    8.180848112717496E-17
     2.715679204370536E+01    1.866204565954080E-21
     2.715679204592686E+01    2.849090094035349E-20
     2.775069822016915E+01    6.109834798358074E-21
     2.775069822021003E+01    9.383666600351446E-22
     2.784943724612163E+01    4.849419569313513E-03
     2.992070576140401E+01    5.063483082518504E-03
     3.053356965546091E+01    5.779049133640572E-08
     3.068906777307204E+01    4.252622713603360E-24
     3.068906777311161E+01    3.809313095474804E-23
     3.078279595281594E+01    2.144597645405110E-21
     3.078279595285132E+01    2.559634638643156E-21
     3.080456366943717E+01    1.232312268856533E-03
     3.112038707177452E+01    8.427678787784755E-03
     3.113185426740039E+01    9.993275883535975E-21
     3.113185426744236E+01    6.221329700630819E-20
     3.704549993734904E+01    1.777174405630230E-11
     3.705461161467525E+01    5.386584224685928E-24
     3.705461163534704E+01    6.055554298940171E-24
     3.709401805713801E+01    1.570094729936102E-27
     3.709401806412086E+01    2.905143565923345E-25
     3.712108376155408E+01    3.169667589771192E-26
     3.715046851221433E+01    2.388601058995410E-28
     3.715046851752201E+01    2.319992227850394E-27
     3.723100613020195E+01    1.070227769112961E-12
     3.731057227797712E+01    2.720587413800961E-26
     3.731332926873533E+01    1.598258682288852E-27
     3.731332928531002E+01    2.929931698660540E-26
     3.930668259590690E+01    3.259755721766488E-15
     3.930683409724575E+01    9.211961984768836E-27
     3.930686934290850E+01    1.873655105791506E-28
     3.930686934301693E+01    3.484711845065450E-27
     4.565142939081100E+01    2.894654285382782E-13
     4.565142939816901E+01    6.970095868248876E-14
     4.565142940343829E+01    1.450110534548096E-12
     4.568084645612930E+01    1.202266804891531E-14
     4.568084646125450E+01    4.522711243230046E-15
     4.568084646203422E+01    1.286175137647451E-13
     4.568084647145227E+01    1.537755861635371E-14
     4.575317150540770E+01    1.715733485634372E-19
     4.575317151980716E+01    2.391169856830965E-20
     4.575317637285614E+01    9.670633166551077E-19
     4.575319261382606E+01    2.155750770177796E-11
     4.576186653784704E+01    7.029322232913682E-13
     4.576186654640504E+01    6.045135329608477E-13
     4.576186656094419E+01    7.589647654542293E-12
     4.583093304256728E+01    2.686679620779738E-24
     4.583093305247689E+01    8.184781247987754E-24
     4.586805750087821E+01    2.984325961503951E-25
     4.586805751893975E+01    2.238423752774862E-25
     4.607515968737802E+01    1.210913245677243E-08
     4.607564208128917E+01    1.498628881319341E-19
     4.607564208891330E+01    4.178609477548995E-21
     4.610863758564702E+01    5.313941423854905E-22
     4.610863759488218E+01    4.186443996480701E-22
     4.610934195091834E+01    3.354849682567377E-23
     4.611197028310708E+01    1.815348341955510E-09
     4.624220997233832E+01    1.642691909629840E-23
     4.624220999674365E+01    5.910616071138347E-23
     4.975916846027971E+01    1.076953499467339E-22
     4.975916846484473E+01    6.563111121752784E-19
     4.979532717362788E+01    7.606759428984287E-06
     4.980645560123839E+01    1.648336097156364E-18
     4.985222383209079E+01    1.495075235065344E-19
     4.985222384203756E+01    5.503971061818321E-20
     5.001470618286536E+01    4.749148775632803E-18
     5.001470623625793E+01    1.230862727237608E-20
     5.002414016534346E+01    2.905638222031013E-07
     5.204466266330661E+01    1.127864736915329E-17
     5.204466266436960E+01    1.205999910895778E-18
     5.204476293614097E+01    5.025292800747460E-07
     5.432033741018475E+01    2.151334121942067E-20
     5.432033743557803E+01    1.081591565515868E-20
     5.436687633041258E+01    1.046179942758755E-08
     5.436687635788097E+01    2.010550875311407E-09
     5.436687637342444E+01    1.102561417233225E-08
     5.444030626210512E+01    9.572117366520868E-14
     5.444030627694541E+01    4.192551027415056E-14
     5.444032202602578E+01    7.040779355070136E-08
     5.446446476305093E+01    5.129305897706691E-21
     5.446446478983466E+01    4.840817664843183E-20
     5.450077421438215E+01    7.116821852340736E-22
     5.453152193874759E+01    1.247752556039242E-21
     5.478901610836429E+01    5.242093018058729E-22
     5.478901613160131E+01    2.327897479439142E-18
     5.481551778163211E+01    3.595013404659817E-15
     5.481551779056190E+01    9.232086223159106E-16
     5.481676140580976E+01    2.262471959749938E-05
     5.491617023994771E+01    1.560900767123810E-19
