     2.142944955362456E+00    3.935809067039067E-28
     2.142944955381025E+00    1.563363304660868E-23
     2.241385823257806E+00    9.295113909057062E-04
     2.544449781959443E+00    1.598998444674401E-04
     2.553458897993106E+00    3.208610173897601E-19
     2.553458907679346E+00    4.296155913694653E-22
     2.564987684455615E+00    4.430982449336347E-18
     2.652827894834507E+00    6.348086355523031E-19
     2.652827907567722E+00    1.443445272755002E-19
     2.702642415629158E+00    4.300938177075107E-21
     2.702642415761096E+00    4.666586692704252E-22
     2.801113564723117E+00    1.012480448998873E-03
     3.080944828653122E+00    3.014345859521086E-05
     3.121755225971292E+00    1.668587667492479E-21
     3.121755226285627E+00    1.657086519347033E-24
     3.166531610624427E+00    5.912136945971597E-22
     3.166531610663729E+00    5.129221002560577E-22
     3.235178851161056E+00    7.240880110800001E-04
     3.340665332888779E+00    1.041750714461445E-03
     3.353967900001166E+00    6.783316825027268E-20
     3.353967901519233E+00    1.563008628447470E-17
     3.373330749537857E+00    3.481390294745263E-21
     3.374435925172237E+00    4.207535424250307E-06
     3.382288798388569E+00    2.088199112483274E-21
     3.382288798473876E+00    1.661996112537687E-21
     3.391769572275738E+00    3.463970994412318E-20
     3.391769572323205E+00    1.527451787349565E-20
     3.401765112935596E+00    9.833018380256894E-04
     3.457606719040519E+00    8.302149138583380E-21
     3.457606721933697E+00    3.157822955291940E-21
     3.513010984297376E+00    5.534568141106790E-04
     3.520895757091349E+00    4.716040404150265E-06
     3.530082878782782E+00    1.939030492118133E-20
     3.530082878868404E+00    4.272289841554887E-22
     3.537751315382482E+00    1.073379915055457E-20
     3.537751315878497E+00    1.869310333472720E-21
     3.542022968804357E+00    2.226152048506072E-21
     3.542022968879631E+00    2.063387783065063E-22
     3.633249106550435E+00    5.866490559150137E-05
     3.774530058433683E+00    2.565184952776109E-04
     3.776146584069926E+00    7.187216299879730E-06
     3.784576752465822E+00    3.274179119429698E-24
     3.784576752625984E+00    1.324491562110635E-21
     3.790911605637666E+00    1.902740052068962E-20
     3.790911606105392E+00    7.677862611729009E-22
     3.808014043171090E+00    1.355934580080048E-21
     3.808014043305338E+00    1.333997393955639E-23
     3.871074164048346E+00    5.805319340942297E-04
     3.932751104209072E+00    4.256298892146768E-21
     3.932751104460126E+00    4.378301012774533E-22
     3.962486373051874E+00    4.292323514212460E-05
     4.178418933152610E+00    2.768605757609631E-04
     4.180161219914002E+00    3.969739872219557E-19
     4.180161220124385E+00    1.561110816283199E-19
     4.187781557655573E+00    4.514932906409765E-12
     4.187781558697416E+00    1.826969958198004E-12
     4.187781559455711E+00    1.639347864932737E-11
     4.191720012477280E+00    2.051541970528859E-19
     4.191720013352785E+00    1.675468138574886E-20
     4.195976139428211E+00    2.839622450399008E-15
     4.195976140302738E+00    3.113496017479672E-16
     4.195978300803759E+00    6.606026475647540E-08
     4.202393409008445E+00    4.583135667399184E-20
     4.202393409561821E+00    2.361233025928463E-21
     4.209666644554513E+00    2.992728756877247E-22
     4.212783023779207E+00    3.901175206059504E-23
     4.224750156407826E+00    9.543149793203340E-06
     4.247777558416614E+00    4.988223495467831E-20
     4.247777560970326E+00    5.989494049523574E-22
     4.269915249166591E+00    2.920263746065734E-20
     4.269915250197019E+00    7.169406993653508E-22
     4.357484921785434E+00    4.802899237537695E-04
     4.456289430045161E+00    4.446373641985648E-04
     4.532885009753400E+00    8.782625731244126E-20
     4.532885010368105E+00    8.025478332039235E-25
     4.543498715399394E+00    5.761076239800237E-21
     4.543498715879301E+00    1.857998372072204E-21
     4.580180561550705E+00    1.144915958417514E-06
     4.581754610480054E+00    1.959135107707552E-19
     4.581754611935152E+00    3.850032424436439E-21
     4.600904753738548E+00    4.102094270582773E-21
     4.617190937503605E+00    1.698555419923548E-03
     4.674411381328091E+00    1.305379669714109E-17
     4.674411384621139E+00    1.062967538972107E-19
     4.697853956506303E+00    1.045472323303415E-03
     4.831013041601444E+00    2.392164629083830E-21
     4.831013042103727E+00    1.363518913867160E-22
     4.901356812105595E+00    1.736554014097747E-21
     4.901356813900668E+00    4.106486295983716E-21
     4.907552444643708E+00    1.037627635428680E-20
     4.915674813769853E+00    1.057408075288059E-06
     4.925470518894602E+00    1.348001236121772E-20
     4.925470521700603E+00    4.646498886624990E-21
     4.979677529715176E+00    8.820721122737614E-06
     5.001511409866134E+00    1.182537598635926E-05
     5.010875550895147E+00    2.799637850158090E-20
     5.010875552249904E+00    3.015365331922676E-20
     5.012831084258079E+00    9.155331958613358E-07
     5.034921712236810E+00    2.065184747890975E-22
     5.034921717651461E+00    5.020084031329420E-21
     5.068997548650538E+00    4.178670251571935E-22
     5.068997551437774E+00    5.552394347459555E-20
     5.193032494831633E+00    1.990404650037341E-03
     5.406918970285550E+00    5.051457781757709E-03
     5.421716092628887E+00    3.865800439768725E-18
     5.421716094411214E+00    2.577220032484215E-16
     5.436693033076715E+00    1.623654273017837E-20
     5.436693038673894E+00    7.967804101424757E-17
     5.461616566809261E+00    3.011570728843352E-18
     5.485789159289811E+00    8.533541721035213E-04
     5.538165082643377E+00    1.984244298602698E-19
     5.538165087349150E+00    1.409090930834609E-19
     5.589047214672714E+00    1.711030726805309E-20
     5.589047216045782E+00    2.708087067831362E-20
     6.376692963123134E+00    1.314646044361214E-05
     6.385435568361565E+00    2.672356157210764E-23
     6.385435570331413E+00    1.074064305317676E-21
     6.421946876002233E+00    2.808302394731617E-10
     6.421946878174462E+00    3.106825633911384E-10
     6.421946879434151E+00    2.004272120973913E-12
     6.446416815543906E+00    6.259248885396553E-21
     6.446416816522127E+00    3.539301688698187E-21
     6.468543546184081E+00    7.631736353706736E-16
     6.468543553526121E+00    3.223474805213204E-16
     6.468631837774678E+00    7.058952659885888E-07
     6.469802181282421E+00    1.898853538870653E-18
     6.469802182282152E+00    5.610054342976920E-21
     6.481104377557045E+00    9.461551939272288E-22
     6.503747617540105E+00    9.984035701626712E-19
     6.503747624485017E+00    1.233594689113395E-19
     6.504520407761451E+00    1.050284569374942E-18
     6.507190867550840E+00    1.792524488229779E-03
     6.813949631031598E+00    1.079653563724179E-15
     6.813949635045273E+00    1.116565161479518E-16
     6.814782588563602E+00    1.497314146708882E-03
     6.816546775222205E+00    1.395543846053046E-03
     6.820998290520396E+00    2.963942045386475E-18
     6.820998291986370E+00    6.309244910945547E-18
     6.867702665365205E+00    7.961204587594058E-20
     6.867702668499020E+00    8.638453255712845E-21
     6.889136364086978E+00    1.079835249990320E-20
     6.987931287409042E+00    8.026642768637913E-05
     7.168620390062760E+00    1.268073056187198E-17
     7.168620390578684E+00    7.412230829671036E-17
     7.168667875050470E+00    1.126661906902687E-06
     7.654178218325542E+00    2.042151627347343E-21
     7.654178218485625E+00    2.226957005465538E-21
     9.044033519538269E+00    1.288079577509048E-05
     9.127843430026946E+00    5.726516909610692E-21
     9.127843430518311E+00    2.978803961395134E-22
     9.192623777357504E+00    5.456428687588365E-20
     9.192623777938429E+00    1.735100668057398E-20
     9.257229123116547E+00    2.935360716686945E-03
     9.498564777028276E+00    1.102104801548779E-13
     9.498564782427485E+00    1.347342202137373E-13
     9.498564782884797E+00    1.108050681511010E-13
     9.508556898950474E+00    5.224522562218102E-20
     9.508556901737421E+00    3.599592205364996E-19
     9.508556904941123E+00    3.976143529716972E-21
     9.508556905470943E+00    1.099762564469065E-20
     9.524401583424634E+00    1.299982528580716E-19
     9.524401590990768E+00    1.549477416259794E-21
     9.524721065621746E+00    6.975760834668531E-21
     9.524931579463484E+00    2.994923275135093E-08
     9.525197719159024E+00    1.473541905186527E-22
     9.525197719667560E+00    4.155280751226269E-20
     9.525906333176232E+00    4.095528146508743E-08
     9.525950952407388E+00    6.224753207455391E-16
     9.525950959994217E+00    1.757340796402114E-17
     9.561091947935999E+00    1.829750485129172E-03
     9.562905012446466E+00    5.962340414303510E-22
     9.562905017467719E+00    1.644669674240675E-23
     9.566150279797306E+00    2.052664750798177E-20
     9.566150285566675E+00    1.215704698716096E-20
     9.569860857302016E+00    9.358617215884006E-21
     9.569860864721324E+00    1.707615564144395E-23
     9.590553361733868E+00    7.479650664128799E-21
     9.600734734184059E+00    8.877192460030819E-06
     9.634054717132841E+00    3.999464169448844E-22
     9.634054724731056E+00    1.290570035940401E-19
     9.740251863261632E+00    8.719638953788069E-20
     9.740251874091474E+00    1.172012802504144E-18
     9.746198574913118E+00    2.014677260851307E-06
     9.916889614275540E+00    8.495158880883007E-07
     9.917977436375896E+00    8.921792001087791E-21
     9.917977437904121E+00    6.033268601771956E-20
     9.927364288104672E+00    8.018821799059519E-07
     9.931563973294343E+00    7.166895488594212E-20
     9.932554498591635E+00    7.663307237635451E-20
     9.932554500063562E+00    6.753420960511798E-21
     9.976422957394716E+00    8.439561434103576E-24
     9.976422960032407E+00    5.442359902176360E-23
     1.046186689925696E+01    9.819484557936482E-03
     1.048613789848807E+01    9.261815626272412E-16
     1.048613790677500E+01    1.136888800695271E-16
     1.051239173319377E+01    5.341327729704154E-17
     1.051239173470358E+01    1.272737137410451E-17
     1.056649643179469E+01    9.149794199670730E-18
     1.059634298615552E+01    7.960510074654452E-03
     1.063398676553656E+01    1.320542129857671E-18
     1.063398678039565E+01    4.218166390668762E-17
     1.159146083139237E+01    1.613725747981991E-21
     1.159146084188660E+01    1.189187635357462E-20
     1.162450729855988E+01    2.833464746079742E-10
     1.162450730490520E+01    4.207141734067585E-09
     1.162450731520171E+01    6.134895951836872E-10
     1.172160044718303E+01    2.601965687501843E-17
     1.172160046299667E+01    2.842719860036851E-15
     1.172171020378834E+01    2.875821386597647E-06
     1.172748250901233E+01    5.672526073674742E-20
     1.177277307550864E+01    1.465393198269432E-19
     1.177277308473847E+01    8.464933914372428E-19
     1.178155747577799E+01    6.037477712473801E-20
     1.179220571267045E+01    5.021599305884942E-17
     1.179220571605321E+01    3.265415048294651E-18
     1.179304647217423E+01    2.916805520732783E-05
     1.205113314332849E+01    8.003856158403471E-20
     1.205113315159981E+01    5.805562949395214E-20
     1.212995311889813E+01    2.899084107548982E-17
     1.212995312803650E+01    1.179883864372675E-16
     1.213195636744432E+01    6.869013406285866E-05
     1.215327110381993E+01    3.634529543578490E-20
     1.274345002120008E+01    1.186472071956039E-03
     1.275168369456601E+01    6.116321969291222E-19
     1.275168369484441E+01    1.569624395953820E-19
     1.527988920622164E+01    6.358004512532717E-06
     1.540998195781447E+01    3.568714514993806E-22
     1.540998195815953E+01    1.334402659145320E-23
     1.549927367436592E+01    6.846029830036341E-20
     1.549927367470602E+01    6.183711553336150E-21
     1.553433790758000E+01    1.900727550836582E-03
     1.584020561173809E+01    6.914347814398900E-18
     1.584020561216767E+01    3.909768489831459E-18
     1.584861175317034E+01    5.817671097307955E-03
     1.599583193685619E+01    4.321795892829864E-14
     1.600111890853145E+01    3.823117350122030E-28
     1.600111891109047E+01    1.626960612703469E-26
     1.603281737868143E+01    7.544873123473237E-28
     1.603281738032214E+01    1.490731025541834E-27
     1.605541177085644E+01    2.079698153044477E-28
     1.606381420117411E+01    9.026034996052578E-29
     1.606381420722480E+01    2.159469134119170E-28
     1.614541426158890E+01    1.407223175886297E-13
     1.618112508060551E+01    5.915124705541190E-28
     1.618351124466129E+01    3.636495189220617E-28
     1.618351124537109E+01    1.087996075783548E-30
     1.824750320745279E+01    4.690845285817348E-11
     1.824757314760508E+01    5.098584821019631E-26
     1.824758810823199E+01    1.102963936186792E-22
     1.824758810857475E+01    2.072381776859710E-21
     1.932848988395219E+01    1.969261620676195E-12
     1.932848989095166E+01    5.203251191046609E-13
     1.932848989379790E+01    4.707559753253910E-13
     1.934821731257047E+01    1.579079601298127E-16
     1.934821731830709E+01    1.703926812966690E-16
     1.934821732250415E+01    1.524809811239195E-17
     1.934821732436793E+01    1.374398417589511E-15
     1.939643700578722E+01    2.124909825504075E-23
     1.939643701193500E+01    1.581718098160776E-19
     1.939645410517619E+01    3.685288282972924E-20
     1.939650680232138E+01    1.477639409191569E-10
     1.940209666126509E+01    9.963212782920191E-10
     1.940210016546484E+01    3.303772820539267E-16
     1.940210017742890E+01    5.952610353839025E-17
     1.945278737113059E+01    1.936293279918403E-23
     1.945278738073675E+01    1.790966417258931E-24
     1.947751461751841E+01    1.058135500806187E-23
     1.947751462804266E+01    1.131156553483454E-23
     1.973569147013613E+01    4.835680529729583E-08
     1.973716243314092E+01    2.381376891126035E-19
     1.973716243823113E+01    2.003916610798045E-18
     1.976512382032373E+01    2.829740889434131E-21
     1.976512383386677E+01    4.837167253031433E-22
     1.976713428346835E+01    3.897930021339484E-21
     1.977433153942912E+01    1.677535961942335E-08
     1.985387102185467E+01    5.849297981441068E-24
     1.985387103033860E+01    1.036399823085031E-23
     2.081326999658808E+01    1.018632810958913E-19
     2.081327000411184E+01    1.376117910604880E-19
     2.084487703032329E+01    7.952037219468751E-06
     2.085035705290415E+01    5.170450862960861E-19
     2.089143294716169E+01    9.162321884812047E-21
     2.089143296138736E+01    3.582039400441706E-21
     2.102587228932716E+01    4.761412320747411E-20
     2.102587230471105E+01    1.513808132246095E-18
     2.103445958223208E+01    6.027173996007418E-07
     2.304373286213325E+01    6.821304460604988E-04
     2.304531405327182E+01    2.319684323082519E-16
     2.304531405397636E+01    2.417940500875912E-17
     2.311213229007130E+01    1.542074068734047E-02
     2.314571220169763E+01    5.086249221816647E-16
     2.314571222138945E+01    3.636225860284231E-15
     2.326241809297943E+01    2.505107860045999E-17
     2.332521829063248E+01    7.454413025661302E-17
     2.332521831974334E+01    7.066815210396293E-18
     2.386552487913962E+01    5.416786153303854E-21
     2.386552489513906E+01    2.874934307554511E-19
     2.391158229391258E+01    1.801594925823688E-09
     2.391158230182113E+01    3.961990640925197E-08
     2.391158231716679E+01    1.386367403996768E-09
     2.402644485286907E+01    6.626263467917564E-15
     2.402644487866843E+01    5.137852914645354E-15
     2.402666014873861E+01    8.950057786556816E-06
     2.404690208190270E+01    1.661841086757954E-19
     2.406812097375456E+01    3.891928878221470E-20
     2.406812099025171E+01    4.200525958862628E-20
     2.410697712934279E+01    6.901142809253987E-20
     2.433595870595614E+01    1.388632471272585E-19
     2.433595872355068E+01    1.256870824023630E-19
     2.438826117821679E+01    8.119042217904114E-19
     2.438826120045882E+01    9.694846446264131E-18
     2.439197013167370E+01    8.095168864974879E-05
     2.448057213316891E+01    3.513473859310650E-19
     2.543605660683605E+01    1.439890767803695E-20
     2.543605660731636E+01    5.487892728351702E-21
     2.775452915367311E+01    7.900376467960295E-24
     2.775452915368197E+01    6.224681793221704E-24
     2.785207531263513E+01    5.461750349281462E-03
     2.996491074982200E+01    4.137233245446771E-03
     3.140075566816256E+01    1.200606222333233E-07
     3.155528890461822E+01    4.285571150651756E-22
     3.155528890488810E+01    6.178076766154461E-26
     3.164623430576442E+01    5.226844456911491E-04
     3.164637647205921E+01    6.454396160718959E-16
     3.164637647233476E+01    2.707916321647400E-16
     3.195322635438534E+01    9.016363881074865E-03
     3.198989134521293E+01    1.591079776829390E-19
     3.198989134566061E+01    3.077440743240103E-20
     3.704549966742454E+01    6.797562251627938E-12
     3.705461134830808E+01    3.681430378214133E-24
     3.705461135791604E+01    2.267232444557763E-24
     3.709401778593769E+01    3.220151790651962E-26
     3.709401779602141E+01    1.715061112447964E-25
     3.712108347883237E+01    2.422364348160118E-27
     3.715046826208954E+01    8.747407530095069E-26
     3.715046827066790E+01    3.610204651134322E-26
     3.723100586009375E+01    1.257610818168861E-14
     3.731057207275772E+01    5.263713017155613E-29
     3.731332906382642E+01    2.281565498543189E-28
     3.731332906615713E+01    7.107245806508735E-28
     3.930668095950237E+01    2.629886103563369E-14
     3.930683246118583E+01    2.050478811597746E-28
     3.930686770668980E+01    1.750652906268592E-27
     3.930686770712863E+01    1.036724132044541E-27
     4.565142840761602E+01    3.139723228207449E-14
     4.565142841360648E+01    1.675499974574003E-12
     4.565142842236025E+01    4.882014211637332E-13
     4.568084549792587E+01    1.795892345053153E-14
     4.568084550025340E+01    7.874577096785179E-14
     4.568084550930973E+01    6.920153285718108E-16
     4.568084551492083E+01    2.410657228849629E-15
     4.575317066669631E+01    3.858158935247309E-19
     4.575317068531626E+01    8.466511417915605E-20
     4.575317555204362E+01    4.321587058464858E-19
     4.575319178648674E+01    1.285460049163991E-11
     4.576186588136201E+01    6.484445979989163E-13
     4.576186589339954E+01    7.082405952110177E-13
     4.576186591201247E+01    1.559418677996651E-13
     4.583093221673885E+01    2.167760019523677E-26
     4.583093223629839E+01    1.076439440720054E-24
     4.586805667171982E+01    6.620354031161845E-25
     4.586805669176962E+01    1.015810085083300E-24
     4.607515861000930E+01    7.113539900126853E-09
     4.607564105553846E+01    9.766551068976160E-19
     4.607564106286993E+01    6.612819479997044E-19
     4.610863625834096E+01    8.726309110215335E-22
     4.610863626775395E+01    2.445390422786064E-24
     4.610934079184894E+01    2.481807718060679E-21
     4.611196917820364E+01    1.045861381056956E-09
     4.624220900415446E+01    1.970210235396044E-25
     4.624220902421442E+01    8.590209782997723E-24
     4.975898194036584E+01    1.902464786670390E-18
     4.975898198495708E+01    1.264617012998647E-18
     4.979514081815340E+01    3.649067114134723E-06
     4.980637676765657E+01    3.742247352450138E-20
     4.985213892707272E+01    5.331923803129760E-21
     4.985213894402913E+01    5.215571309873892E-21
     5.001469754143992E+01    2.601396965701662E-19
     5.001469755037350E+01    1.215149792438559E-19
     5.002413004156627E+01    1.281515876767940E-07
     5.204464687093987E+01    2.674810311119374E-17
     5.204464687314162E+01    4.625698916744768E-18
     5.204474117020643E+01    5.825068191184803E-07
     5.432034492982046E+01    2.076689125237287E-19
     5.432034493381778E+01    2.586044529215637E-19
     5.436687464607584E+01    3.205788078924949E-09
     5.436687465231719E+01    7.439378788060633E-09
     5.436687466421114E+01    1.580440368072588E-09
     5.444022942442849E+01    2.236619187274985E-06
     5.444024613302827E+01    1.499080484062711E-14
     5.444024615494602E+01    5.646262417850907E-13
     5.446381405750641E+01    4.945672475587230E-21
     5.446381407149446E+01    2.275453417289831E-18
     5.450077247176638E+01    4.453854818090750E-20
     5.453135668364295E+01    2.908636116479914E-20
     5.475889167670908E+01    1.891501684001028E-16
     5.475889169163640E+01    4.004861422097849E-16
     5.477768543627529E+01    1.406874566497300E-03
     5.479343833241755E+01    7.033170279980655E-17
     5.479343834810463E+01    3.308935157234976E-18
     5.489656078650943E+01    2.505401103833035E-19
     5.518087046732612E+01    1.124688918707190E-02
     5.520560794975403E+01    1.808371544776303E-16
     5.520560795912760E+01    1.339927665654787E-17
     5.531440427717271E+01    1.864317232934827E-18
     5.536438255774922E+01    1.145557175319387E-17
     5.536438256210497E+01    1.670406470632518E-19
     5.747260657241139E+01    8.590200625443429E-21
     5.747260657291419E+01    1.283558222063573E-21
