4.000     20    0.00000e-08    0.00000e-08    0.00000e-08    0.00000e-08    0.00000e-08
4.000     30    4.09100e-05    0.00000e-08    0.00000e-08    0.00000e-08    4.09085e-05
4.000     40    3.71900e-05    2.32400e-05    7.86500e-05    0.00000e-08    1.39084e-04
4.000     50    3.32300e-05    2.07700e-05    7.05900e-05    0.00000e-08    1.24592e-04
4.000     60    2.95100e-05    1.84500e-05    6.30100e-05    0.00000e-08    1.10966e-04
4.000     70    2.64800e-05    1.65500e-05    5.68300e-05    3.55200e-05    1.35375e-04
4.000     80    2.45000e-05    1.53100e-05    5.27900e-05    3.30000e-05    1.25604e-04
4.000     90    2.38100e-05    1.48800e-05    5.13900e-05    3.21200e-05    1.22213e-04
4.000     100    2.45000e-05    1.53100e-05    5.27900e-05    3.30000e-05    1.25604e-04
4.000     110    2.64800e-05    1.65500e-05    5.68300e-05    3.55200e-05    1.35375e-04
4.000     120    2.95100e-05    1.84500e-05    6.30100e-05    3.93800e-05    1.50346e-04
4.000     130    3.32300e-05    2.07700e-05    7.05900e-05    4.41200e-05    1.68711e-04
4.000     140    3.71900e-05    2.32400e-05    7.86500e-05    4.91600e-05    1.88242e-04
4.000     150    4.09100e-05    2.55700e-05    8.62300e-05    5.39000e-05    2.06608e-04
4.000     160    4.39400e-05    2.74600e-05    9.24200e-05    5.77600e-05    2.21584e-04
4.000     170    4.59200e-05    2.87000e-05    9.64500e-05    6.02800e-05    2.31351e-04
4.000     180    4.66100e-05    2.91300e-05    9.78500e-05    6.11600e-05    2.34746e-04

4.500     20    0.00000e-08    0.00000e-08    0.00000e-08    0.00000e-08    0.00000e-08
4.500     30    1.34600e-05    0.00000e-08    0.00000e-08    0.00000e-08    1.34629e-05
4.500     40    1.22400e-05    7.64900e-06    2.57900e-05    0.00000e-08    4.56803e-05
4.500     50    1.09400e-05    6.83600e-06    2.31400e-05    0.00000e-08    4.09166e-05
4.500     60    9.71300e-06    6.07100e-06    2.06500e-05    1.29100e-05    4.93459e-05
4.500     70    8.71600e-06    5.44700e-06    1.86200e-05    1.16400e-05    4.44257e-05
4.500     80    8.06400e-06    5.04000e-06    1.73000e-05    1.08100e-05    4.12146e-05
4.500     90    7.83800e-06    4.89900e-06    1.68400e-05    1.05200e-05    4.01000e-05
4.500     100    8.06400e-06    5.04000e-06    1.73000e-05    1.08100e-05    4.12146e-05
4.500     110    8.71600e-06    5.44700e-06    1.86200e-05    1.16400e-05    4.44257e-05
4.500     120    9.71300e-06    6.07100e-06    2.06500e-05    1.29100e-05    4.93459e-05
4.500     130    1.09400e-05    6.83600e-06    2.31400e-05    1.44600e-05    5.53813e-05
4.500     140    1.22400e-05    7.64900e-06    2.57900e-05    1.61200e-05    6.18003e-05
4.500     150    1.34600e-05    8.41400e-06    2.82800e-05    1.76800e-05    6.78360e-05
4.500     160    1.44600e-05    9.03800e-06    3.03100e-05    1.89500e-05    7.27578e-05
4.500     170    1.51100e-05    9.44500e-06    3.16400e-05    1.97700e-05    7.59677e-05
4.500     180    1.53400e-05    9.58600e-06    3.21000e-05    2.00600e-05    7.70835e-05

5.000     20    0.00000e-08    0.00000e-08    0.00000e-08    0.00000e-08    0.00000e-08
5.000     30    5.81800e-06    0.00000e-08    0.00000e-08    0.00000e-08    5.81800e-06
5.000     40    5.28900e-06    3.30600e-06    1.11500e-05    0.00000e-08    1.97436e-05
5.000     50    4.72600e-06    2.95400e-06    1.00000e-05    0.00000e-08    1.76849e-05
5.000     60    4.19800e-06    2.62300e-06    8.92800e-06    5.58000e-06    2.13295e-05
5.000     70    3.76600e-06    2.35400e-06    8.05100e-06    5.03200e-06    1.92033e-05
5.000     80    3.48500e-06    2.17800e-06    7.47800e-06    4.67400e-06    1.78155e-05
5.000     90    3.38700e-06    2.11700e-06    7.28000e-06    4.55000e-06    1.73339e-05
5.000     100    3.48500e-06    2.17800e-06    7.47800e-06    4.67400e-06    1.78155e-05
5.000     110    3.76600e-06    2.35400e-06    8.05100e-06    5.03200e-06    1.92033e-05
5.000     120    4.19800e-06    2.62300e-06    8.92800e-06    5.58000e-06    2.13295e-05
5.000     130    4.72600e-06    2.95400e-06    1.00000e-05    6.25300e-06    2.39377e-05
5.000     140    5.28900e-06    3.30600e-06    1.11500e-05    6.96800e-06    2.67117e-05
5.000     150    5.81800e-06    3.63600e-06    1.22300e-05    7.64100e-06    2.93200e-05
5.000     160    6.24900e-06    3.90600e-06    1.31000e-05    8.18900e-06    3.14469e-05
5.000     170    6.53100e-06    4.08200e-06    1.36700e-05    8.54700e-06    3.28341e-05
5.000     180    6.62800e-06    4.14300e-06    1.38700e-05    8.67100e-06    3.33163e-05

5.500     20    3.24900e-06    0.00000e-08    0.00000e-08    0.00000e-08    3.24919e-06
5.500     30    3.02500e-06    1.89100e-06    6.36300e-06    0.00000e-08    1.12787e-05
5.500     40    2.75000e-06    1.71900e-06    5.80300e-06    0.00000e-08    1.02719e-05
5.500     50    2.45700e-06    1.53600e-06    5.20800e-06    3.25500e-06    1.24561e-05
5.500     60    2.18200e-06    1.36400e-06    4.64800e-06    2.90500e-06    1.10995e-05
5.500     70    1.95800e-06    1.22400e-06    4.19200e-06    2.62000e-06    9.99354e-06
5.500     80    1.81200e-06    1.13200e-06    3.89400e-06    2.43400e-06    9.27174e-06
5.500     90    1.76100e-06    1.10100e-06    3.79100e-06    2.36900e-06    9.02121e-06
5.500     100    1.81200e-06    1.13200e-06    3.89400e-06    2.43400e-06    9.27174e-06
5.500     110    1.95800e-06    1.22400e-06    4.19200e-06    2.62000e-06    9.99354e-06
5.500     120    2.18200e-06    1.36400e-06    4.64800e-06    2.90500e-06    1.10995e-05
5.500     130    2.45700e-06    1.53600e-06    5.20800e-06    3.25500e-06    1.24561e-05
5.500     140    2.75000e-06    1.71900e-06    5.80300e-06    3.62700e-06    1.38990e-05
5.500     150    3.02500e-06    1.89100e-06    6.36300e-06    3.97700e-06    1.52557e-05
5.500     160    3.24900e-06    2.03100e-06    6.82000e-06    4.26200e-06    1.63620e-05
5.500     170    3.39500e-06    2.12200e-06    7.11700e-06    4.44800e-06    1.70835e-05
5.500     180    3.44600e-06    2.15400e-06    7.22100e-06    4.51300e-06    1.73343e-05

6.000     20    1.87500e-06    0.00000e-08    0.00000e-08    0.00000e-08    1.87483e-06
6.000     30    1.74500e-06    1.09100e-06    3.67500e-06    0.00000e-08    6.51086e-06
6.000     40    1.58700e-06    9.91700e-07    3.35100e-06    0.00000e-08    5.92975e-06
6.000     50    1.41800e-06    8.86200e-07    3.00800e-06    1.88000e-06    7.19153e-06
6.000     60    1.25900e-06    7.87000e-07    2.68400e-06    1.67800e-06    6.40847e-06
6.000     70    1.13000e-06    7.06100e-07    2.42100e-06    1.51300e-06    5.77010e-06
6.000     80    1.04500e-06    6.53400e-07    2.24900e-06    1.40600e-06    5.35347e-06
6.000     90    1.01600e-06    6.35000e-07    2.18900e-06    1.36800e-06    5.20886e-06
6.000     100    1.04500e-06    6.53400e-07    2.24900e-06    1.40600e-06    5.35347e-06
6.000     110    1.13000e-06    7.06100e-07    2.42100e-06    1.51300e-06    5.77010e-06
6.000     120    1.25900e-06    7.87000e-07    2.68400e-06    1.67800e-06    6.40847e-06
6.000     130    1.41800e-06    8.86200e-07    3.00800e-06    1.88000e-06    7.19153e-06
6.000     140    1.58700e-06    9.91700e-07    3.35100e-06    2.09500e-06    8.02436e-06
6.000     150    1.74500e-06    1.09100e-06    3.67500e-06    2.29700e-06    8.80746e-06
6.000     160    1.87500e-06    1.17200e-06    3.93800e-06    2.46100e-06    9.44603e-06
6.000     170    1.95900e-06    1.22500e-06    4.11000e-06    2.56900e-06    9.86251e-06
6.000     180    1.98900e-06    1.24300e-06    4.17000e-06    2.60600e-06    1.00073e-05

6.500     20    1.15000e-06    7.18700e-07    2.41700e-06    0.00000e-08    4.28525e-06
6.500     30    1.07100e-06    6.69100e-07    2.25500e-06    0.00000e-08    3.99455e-06
6.500     40    9.73200e-07    6.08300e-07    2.05700e-06    1.28500e-06    4.92338e-06
6.500     50    8.69700e-07    5.43600e-07    1.84600e-06    1.15400e-06    4.41244e-06
6.500     60    7.72400e-07    4.82700e-07    1.64700e-06    1.03000e-06    3.93204e-06
6.500     70    6.93000e-07    4.33100e-07    1.48600e-06    9.28600e-07    3.54040e-06
6.500     80    6.41200e-07    4.00700e-07    1.38000e-06    8.62600e-07    3.28480e-06
6.500     90    6.23200e-07    3.89500e-07    1.34400e-06    8.39700e-07    3.19608e-06
6.500     100    6.41200e-07    4.00700e-07    1.38000e-06    8.62600e-07    3.28480e-06
6.500     110    6.93000e-07    4.33100e-07    1.48600e-06    9.28600e-07    3.54040e-06
6.500     120    7.72400e-07    4.82700e-07    1.64700e-06    1.03000e-06    3.93204e-06
6.500     130    8.69700e-07    5.43600e-07    1.84600e-06    1.15400e-06    4.41244e-06
6.500     140    9.73200e-07    6.08300e-07    2.05700e-06    1.28500e-06    4.92338e-06
6.500     150    1.07100e-06    6.69100e-07    2.25500e-06    1.40900e-06    5.40382e-06
6.500     160    1.15000e-06    7.18700e-07    2.41700e-06    1.51000e-06    5.79558e-06
6.500     170    1.20200e-06    7.51100e-07    2.52200e-06    1.57600e-06    6.05109e-06
6.500     180    1.22000e-06    7.62300e-07    2.55900e-06    1.59900e-06    6.13990e-06

7.000     20    7.35400e-07    4.59600e-07    1.54600e-06    0.00000e-08    2.74077e-06
7.000     30    6.84700e-07    4.27900e-07    1.44200e-06    0.00000e-08    2.55485e-06
7.000     40    6.22400e-07    3.89000e-07    1.31500e-06    8.22200e-07    3.14900e-06
7.000     50    5.56200e-07    3.47600e-07    1.18100e-06    7.37900e-07    2.82221e-06
7.000     60    4.93900e-07    3.08700e-07    1.05400e-06    6.58600e-07    2.51495e-06
7.000     70    4.43200e-07    2.77000e-07    9.50300e-07    5.94000e-07    2.26447e-06
7.000     80    4.10000e-07    2.56300e-07    8.82900e-07    5.51800e-07    2.10099e-06
7.000     90    3.98600e-07    2.49100e-07    8.59400e-07    5.37200e-07    2.04425e-06
7.000     100    4.10000e-07    2.56300e-07    8.82900e-07    5.51800e-07    2.10099e-06
7.000     110    4.43200e-07    2.77000e-07    9.50300e-07    5.94000e-07    2.26447e-06
7.000     120    4.93900e-07    3.08700e-07    1.05400e-06    6.58600e-07    2.51495e-06
7.000     130    5.56200e-07    3.47600e-07    1.18100e-06    7.37900e-07    2.82221e-06
7.000     140    6.22400e-07    3.89000e-07    1.31500e-06    8.22200e-07    3.14900e-06
7.000     150    6.84700e-07    4.27900e-07    1.44200e-06    9.01400e-07    3.45628e-06
7.000     160    7.35400e-07    4.59600e-07    1.54600e-06    9.66100e-07    3.70684e-06
7.000     170    7.68500e-07    4.80300e-07    1.61300e-06    1.00800e-06    3.87026e-06
7.000     180    7.80000e-07    4.87500e-07    1.63700e-06    1.02300e-06    3.92706e-06

7.500     20    4.85800e-07    3.03600e-07    1.02100e-06    0.00000e-08    1.81074e-06
7.500     30    4.52300e-07    2.82700e-07    9.52900e-07    5.95600e-07    2.28348e-06
7.500     40    4.11200e-07    2.57000e-07    8.69100e-07    5.43200e-07    2.08047e-06
7.500     50    3.67400e-07    2.29600e-07    7.80000e-07    4.87500e-07    1.86457e-06
7.500     60    3.26300e-07    2.03900e-07    6.96200e-07    4.35100e-07    1.66158e-06
7.500     70    2.92800e-07    1.83000e-07    6.27900e-07    3.92400e-07    1.49609e-06
7.500     80    2.70900e-07    1.69300e-07    5.83300e-07    3.64600e-07    1.38808e-06
7.500     90    2.63300e-07    1.64600e-07    5.67800e-07    3.54900e-07    1.35059e-06
7.500     100    2.70900e-07    1.69300e-07    5.83300e-07    3.64600e-07    1.38808e-06
7.500     110    2.92800e-07    1.83000e-07    6.27900e-07    3.92400e-07    1.49609e-06
7.500     120    3.26300e-07    2.03900e-07    6.96200e-07    4.35100e-07    1.66158e-06
7.500     130    3.67400e-07    2.29600e-07    7.80000e-07    4.87500e-07    1.86457e-06
7.500     140    4.11200e-07    2.57000e-07    8.69100e-07    5.43200e-07    2.08047e-06
7.500     150    4.52300e-07    2.82700e-07    9.52900e-07    5.95600e-07    2.28348e-06
7.500     160    4.85800e-07    3.03600e-07    1.02100e-06    6.38300e-07    2.44902e-06
7.500     170    5.07700e-07    3.17300e-07    1.06600e-06    6.66100e-07    2.55699e-06
7.500     180    5.15300e-07    3.22100e-07    1.08100e-06    6.75800e-07    2.59452e-06

8.000     20    3.29800e-07    2.06100e-07    6.93300e-07    4.33300e-07    1.66261e-06
8.000     30    3.07000e-07    1.91900e-07    6.46900e-07    4.04300e-07    1.55023e-06
8.000     40    2.79100e-07    1.74500e-07    5.90100e-07    3.68800e-07    1.41241e-06
8.000     50    2.49400e-07    1.55900e-07    5.29500e-07    3.31000e-07    1.26584e-06
8.000     60    2.21500e-07    1.38400e-07    4.72700e-07    2.95400e-07    1.12803e-06
8.000     70    1.98700e-07    1.24200e-07    4.26300e-07    2.66400e-07    1.01568e-06
8.000     80    1.83900e-07    1.14900e-07    3.96000e-07    2.47500e-07    9.42356e-07
8.000     90    1.78700e-07    1.11700e-07    3.85500e-07    2.40900e-07    9.16905e-07
8.000     100    1.83900e-07    1.14900e-07    3.96000e-07    2.47500e-07    9.42356e-07
8.000     110    1.98700e-07    1.24200e-07    4.26300e-07    2.66400e-07    1.01568e-06
8.000     120    2.21500e-07    1.38400e-07    4.72700e-07    2.95400e-07    1.12803e-06
8.000     130    2.49400e-07    1.55900e-07    5.29500e-07    3.31000e-07    1.26584e-06
8.000     140    2.79100e-07    1.74500e-07    5.90100e-07    3.68800e-07    1.41241e-06
8.000     150    3.07000e-07    1.91900e-07    6.46900e-07    4.04300e-07    1.55023e-06
8.000     160    3.29800e-07    2.06100e-07    6.93300e-07    4.33300e-07    1.66261e-06
8.000     170    3.44700e-07    2.15400e-07    7.23600e-07    4.52200e-07    1.73591e-06
8.000     180    3.49800e-07    2.18600e-07    7.34100e-07    4.58800e-07    1.76139e-06

9.000     20    1.62700e-07    1.01700e-07    3.42100e-07    2.13800e-07    8.20220e-07
9.000     30    1.51500e-07    9.46600e-08    3.19200e-07    1.99500e-07    7.64778e-07
9.000     40    1.37700e-07    8.60600e-08    2.91100e-07    1.81900e-07    6.96787e-07
9.000     50    1.23000e-07    7.69000e-08    2.61300e-07    1.63300e-07    6.24478e-07
9.000     60    1.09300e-07    6.82900e-08    2.33200e-07    1.45700e-07    5.56491e-07
9.000     70    9.80400e-08    6.12800e-08    2.10300e-07    1.31400e-07    5.01067e-07
9.000     80    9.07100e-08    5.67000e-08    1.95400e-07    1.22100e-07    4.64894e-07
9.000     90    8.81700e-08    5.51100e-08    1.90200e-07    1.18900e-07    4.52338e-07
9.000     100    9.07100e-08    5.67000e-08    1.95400e-07    1.22100e-07    4.64894e-07
9.000     110    9.80400e-08    6.12800e-08    2.10300e-07    1.31400e-07    5.01067e-07
9.000     120    1.09300e-07    6.82900e-08    2.33200e-07    1.45700e-07    5.56491e-07
9.000     130    1.23000e-07    7.69000e-08    2.61300e-07    1.63300e-07    6.24478e-07
9.000     140    1.37700e-07    8.60600e-08    2.91100e-07    1.81900e-07    6.96787e-07
9.000     150    1.51500e-07    9.46600e-08    3.19200e-07    1.99500e-07    7.64778e-07
9.000     160    1.62700e-07    1.01700e-07    3.42100e-07    2.13800e-07    8.20220e-07
9.000     170    1.70000e-07    1.06300e-07    3.57000e-07    2.23100e-07    8.56380e-07
9.000     180    1.72600e-07    1.07900e-07    3.62200e-07    2.26400e-07    8.68949e-07

10.000     20    8.64700e-08    5.40400e-08    1.81800e-07    1.13600e-07    4.35982e-07
10.000     30    8.05000e-08    5.03100e-08    1.69700e-07    1.06000e-07    4.06512e-07
10.000     40    7.31800e-08    4.57400e-08    1.54700e-07    9.67100e-08    3.70372e-07
10.000     50    6.53900e-08    4.08700e-08    1.38900e-07    8.68000e-08    3.31936e-07
10.000     60    5.80700e-08    3.63000e-08    1.24000e-07    7.74700e-08    2.95798e-07
10.000     70    5.21100e-08    3.25700e-08    1.11800e-07    6.98700e-08    2.66338e-07
10.000     80    4.82100e-08    3.01300e-08    1.03900e-07    6.49100e-08    2.47110e-07
10.000     90    4.68600e-08    2.92900e-08    1.01100e-07    6.31900e-08    2.40437e-07
10.000     100    4.82100e-08    3.01300e-08    1.03900e-07    6.49100e-08    2.47110e-07
10.000     110    5.21100e-08    3.25700e-08    1.11800e-07    6.98700e-08    2.66338e-07
10.000     120    5.80700e-08    3.63000e-08    1.24000e-07    7.74700e-08    2.95798e-07
10.000     130    6.53900e-08    4.08700e-08    1.38900e-07    8.68000e-08    3.31936e-07
10.000     140    7.31800e-08    4.57400e-08    1.54700e-07    9.67100e-08    3.70372e-07
10.000     150    8.05000e-08    5.03100e-08    1.69700e-07    1.06000e-07    4.06512e-07
10.000     160    8.64700e-08    5.40400e-08    1.81800e-07    1.13600e-07    4.35982e-07
10.000     170    9.03600e-08    5.64800e-08    1.89800e-07    1.18600e-07    4.55202e-07
10.000     180    9.17200e-08    5.73200e-08    1.92500e-07    1.20300e-07    4.61883e-07

11.000     20    4.88200e-08    3.05100e-08    1.02700e-07    6.41700e-08    2.46168e-07
11.000     30    4.54500e-08    2.84000e-08    9.58000e-08    5.98800e-08    2.29528e-07
11.000     40    4.13100e-08    2.58200e-08    8.73800e-08    5.46100e-08    2.09122e-07
11.000     50    3.69200e-08    2.30700e-08    7.84200e-08    4.90100e-08    1.87421e-07
11.000     60    3.27900e-08    2.04900e-08    6.99900e-08    4.37500e-08    1.67016e-07
11.000     70    2.94200e-08    1.83900e-08    6.31300e-08    3.94500e-08    1.50382e-07
11.000     80    2.72200e-08    1.70100e-08    5.86400e-08    3.66500e-08    1.39525e-07
11.000     90    2.64600e-08    1.65300e-08    5.70900e-08    3.56800e-08    1.35757e-07
11.000     100    2.72200e-08    1.70100e-08    5.86400e-08    3.66500e-08    1.39525e-07
11.000     110    2.94200e-08    1.83900e-08    6.31300e-08    3.94500e-08    1.50382e-07
11.000     120    3.27900e-08    2.04900e-08    6.99900e-08    4.37500e-08    1.67016e-07
11.000     130    3.69200e-08    2.30700e-08    7.84200e-08    4.90100e-08    1.87421e-07
11.000     140    4.13100e-08    2.58200e-08    8.73800e-08    5.46100e-08    2.09122e-07
11.000     150    4.54500e-08    2.84000e-08    9.58000e-08    5.98800e-08    2.29528e-07
11.000     160    4.88200e-08    3.05100e-08    1.02700e-07    6.41700e-08    2.46168e-07
11.000     170    5.10100e-08    3.18800e-08    1.07200e-07    6.69700e-08    2.57020e-07
11.000     180    5.17800e-08    3.23600e-08    1.08700e-07    6.79400e-08    2.60793e-07

12.000     20    2.89700e-08    1.81000e-08    6.09500e-08    3.80900e-08    1.46110e-07
12.000     30    2.69700e-08    1.68500e-08    5.68700e-08    3.55400e-08    1.36234e-07
12.000     40    2.45200e-08    1.53200e-08    5.18700e-08    3.24200e-08    1.24122e-07
12.000     50    2.19100e-08    1.36900e-08    4.65500e-08    2.90900e-08    1.11241e-07
12.000     60    1.94600e-08    1.21600e-08    4.15500e-08    2.59700e-08    9.91304e-08
12.000     70    1.74600e-08    1.09100e-08    3.74700e-08    2.34200e-08    8.92573e-08
12.000     80    1.61500e-08    1.00900e-08    3.48100e-08    2.17600e-08    8.28136e-08
12.000     90    1.57000e-08    9.81200e-09    3.38900e-08    2.11800e-08    8.05770e-08
12.000     100    1.61500e-08    1.00900e-08    3.48100e-08    2.17600e-08    8.28136e-08
12.000     110    1.74600e-08    1.09100e-08    3.74700e-08    2.34200e-08    8.92573e-08
12.000     120    1.94600e-08    1.21600e-08    4.15500e-08    2.59700e-08    9.91304e-08
12.000     130    2.19100e-08    1.36900e-08    4.65500e-08    2.90900e-08    1.11241e-07
12.000     140    2.45200e-08    1.53200e-08    5.18700e-08    3.24200e-08    1.24122e-07
12.000     150    2.69700e-08    1.68500e-08    5.68700e-08    3.55400e-08    1.36234e-07
12.000     160    2.89700e-08    1.81000e-08    6.09500e-08    3.80900e-08    1.46110e-07
12.000     170    3.02700e-08    1.89200e-08    6.36100e-08    3.97500e-08    1.52552e-07
12.000     180    3.07200e-08    1.92000e-08    6.45300e-08    4.03300e-08    1.54791e-07

13.000     20    1.79200e-08    1.12000e-08    3.77300e-08    2.35800e-08    9.04441e-08
13.000     30    1.66900e-08    1.04300e-08    3.52100e-08    2.20100e-08    8.43305e-08
13.000     40    1.51700e-08    9.48100e-09    3.21100e-08    2.00700e-08    7.68331e-08
13.000     50    1.35600e-08    8.47300e-09    2.88200e-08    1.80100e-08    6.88597e-08
13.000     60    1.20400e-08    7.52400e-09    2.57200e-08    1.60800e-08    6.13628e-08
13.000     70    1.08000e-08    6.75100e-09    2.32000e-08    1.45000e-08    5.52512e-08
13.000     80    9.99500e-09    6.24700e-09    2.15500e-08    1.34700e-08    5.12624e-08
13.000     90    9.71500e-09    6.07200e-09    2.09800e-08    1.31100e-08    4.98779e-08
13.000     100    9.99500e-09    6.24700e-09    2.15500e-08    1.34700e-08    5.12624e-08
13.000     110    1.08000e-08    6.75100e-09    2.32000e-08    1.45000e-08    5.52512e-08
13.000     120    1.20400e-08    7.52400e-09    2.57200e-08    1.60800e-08    6.13628e-08
13.000     130    1.35600e-08    8.47300e-09    2.88200e-08    1.80100e-08    6.88597e-08
13.000     140    1.51700e-08    9.48100e-09    3.21100e-08    2.00700e-08    7.68331e-08
13.000     150    1.66900e-08    1.04300e-08    3.52100e-08    2.20100e-08    8.43305e-08
13.000     160    1.79200e-08    1.12000e-08    3.77300e-08    2.35800e-08    9.04441e-08
13.000     170    1.87300e-08    1.17100e-08    3.93800e-08    2.46100e-08    9.44314e-08
13.000     180    1.90100e-08    1.18800e-08    3.99500e-08    2.49700e-08    9.58174e-08

14.000     20    1.14900e-08    7.18400e-09    2.42200e-08    1.51400e-08    5.80324e-08
14.000     30    1.07000e-08    6.68800e-09    2.26000e-08    1.41200e-08    5.41097e-08
14.000     40    9.72800e-09    6.08000e-09    2.06100e-08    1.28800e-08    4.92991e-08
14.000     50    8.69400e-09    5.43400e-09    1.85000e-08    1.15600e-08    4.41830e-08
14.000     60    7.72100e-09    4.82500e-09    1.65100e-08    1.03200e-08    3.93726e-08
14.000     70    6.92700e-09    4.33000e-09    1.48900e-08    9.30500e-09    3.54511e-08
14.000     80    6.41000e-09    4.00600e-09    1.38300e-08    8.64500e-09    3.28917e-08
14.000     90    6.23000e-09    3.89400e-09    1.34600e-08    8.41500e-09    3.20034e-08
14.000     100    6.41000e-09    4.00600e-09    1.38300e-08    8.64500e-09    3.28917e-08
14.000     110    6.92700e-09    4.33000e-09    1.48900e-08    9.30500e-09    3.54511e-08
14.000     120    7.72100e-09    4.82500e-09    1.65100e-08    1.03200e-08    3.93726e-08
14.000     130    8.69400e-09    5.43400e-09    1.85000e-08    1.15600e-08    4.41830e-08
14.000     140    9.72800e-09    6.08000e-09    2.06100e-08    1.28800e-08    4.92991e-08
14.000     150    1.07000e-08    6.68800e-09    2.26000e-08    1.41200e-08    5.41097e-08
14.000     160    1.14900e-08    7.18400e-09    2.42200e-08    1.51400e-08    5.80324e-08
14.000     170    1.20100e-08    7.50800e-09    2.52700e-08    1.58000e-08    6.05908e-08
14.000     180    1.21900e-08    7.62000e-09    2.56400e-08    1.60300e-08    6.14801e-08

15.000     20    7.60300e-09    4.75200e-09    1.60400e-08    1.00200e-08    3.84114e-08
15.000     30    7.07800e-09    4.42400e-09    1.49600e-08    9.35100e-09    3.58149e-08
15.000     40    6.43400e-09    4.02200e-09    1.36500e-08    8.52900e-09    3.26307e-08
15.000     50    5.75000e-09    3.59400e-09    1.22500e-08    7.65400e-09    2.92444e-08
15.000     60    5.10700e-09    3.19200e-09    1.09300e-08    6.83200e-09    2.60604e-08
15.000     70    4.58200e-09    2.86400e-09    9.85800e-09    6.16100e-09    2.34648e-08
15.000     80    4.24000e-09    2.65000e-09    9.15800e-09    5.72400e-09    2.17707e-08
15.000     90    4.12100e-09    2.57500e-09    8.91500e-09    5.57200e-09    2.11827e-08
15.000     100    4.24000e-09    2.65000e-09    9.15800e-09    5.72400e-09    2.17707e-08
15.000     110    4.58200e-09    2.86400e-09    9.85800e-09    6.16100e-09    2.34648e-08
15.000     120    5.10700e-09    3.19200e-09    1.09300e-08    6.83200e-09    2.60604e-08
15.000     130    5.75000e-09    3.59400e-09    1.22500e-08    7.65400e-09    2.92444e-08
15.000     140    6.43400e-09    4.02200e-09    1.36500e-08    8.52900e-09    3.26307e-08
15.000     150    7.07800e-09    4.42400e-09    1.49600e-08    9.35100e-09    3.58149e-08
15.000     160    7.60300e-09    4.75200e-09    1.60400e-08    1.00200e-08    3.84114e-08
15.000     170    7.94500e-09    4.96600e-09    1.67300e-08    1.04600e-08    4.01048e-08
15.000     180    8.06400e-09    5.04000e-09    1.69800e-08    1.06100e-08    4.06934e-08

