      0.00169245      0.00000973
      0.00394905      0.00000980
      0.00620565      0.00000986
      0.00846225      0.00000992
      0.01071885      0.00000998
      0.01297545      0.00001004
      0.01523205      0.00001010
      0.01748865      0.00001017
      0.01974525      0.00001023
      0.02200185      0.00001029
      0.02425845      0.00001035
      0.02651505      0.00001042
      0.02877165      0.00001048
      0.03102825      0.00001054
      0.03328485      0.00001061
      0.03554145      0.00001067
      0.03779805      0.00001074
      0.04005465      0.00001080
      0.04231125      0.00001087
      0.04456785      0.00001093
      0.04682445      0.00001100
      0.04908105      0.00001106
      0.05133765      0.00001113
      0.05359425      0.00001120
      0.05585085      0.00001126
      0.05810745      0.00001133
      0.06036405      0.00001140
      0.06262065      0.00001146
      0.06487725      0.00001153
      0.06713385      0.00001160
      0.06939045      0.00001167
      0.07164705      0.00001173
      0.07390365      0.00001180
      0.07616025      0.00001187
      0.07841685      0.00001194
      0.08067345      0.00001201
      0.08293005      0.00001208
      0.08518665      0.00001215
      0.08744325      0.00001222
      0.08969985      0.00001229
      0.09195645      0.00001236
      0.09421305      0.00001243
      0.09646965      0.00001250
      0.09872625      0.00001257
      0.10098285      0.00001264
      0.10323945      0.00001271
      0.10549605      0.00001278
      0.10775265      0.00001286
      0.11000925      0.00001293
      0.11226585      0.00001300
      0.11452245      0.00001307
      0.11677905      0.00001315
      0.11903565      0.00001322
      0.12129225      0.00001329
      0.12354885      0.00001337
      0.12580545      0.00001344
      0.12806205      0.00001351
      0.13031865      0.00001359
      0.13257525      0.00001366
      0.13483185      0.00001374
      0.13708845      0.00001381
      0.13934505      0.00001389
      0.14160165      0.00001396
      0.14385825      0.00001404
      0.14611485      0.00001411
      0.14837145      0.00001419
      0.15062805      0.00001426
      0.15288465      0.00001434
      0.15514125      0.00001442
      0.15739785      0.00001449
      0.15965445      0.00001457
      0.16191105      0.00001465
      0.16416765      0.00001473
      0.16642425      0.00001480
      0.16868085      0.00001488
      0.17093745      0.00001496
      0.17319405      0.00001504
      0.17545065      0.00001511
      0.17770725      0.00001519
      0.17996385      0.00001527
      0.18222045      0.00001535
      0.18447705      0.00001543
      0.18673365      0.00001551
      0.18899025      0.00001559
      0.19124685      0.00001567
      0.19350345      0.00001575
      0.19576005      0.00001583
      0.19801665      0.00001591
      0.20027325      0.00001599
      0.20252985      0.00001607
      0.20478645      0.00001615
      0.20704305      0.00001623
      0.20929965      0.00001631
      0.21155625      0.00001640
      0.21381285      0.00001648
      0.21606945      0.00001656
      0.21832605      0.00001664
      0.22058265      0.00001672
      0.22283925      0.00001680
      0.22509585      0.00001689
      0.22735245      0.00001697
      0.22960905      0.00001705
      0.23186565      0.00001714
      0.23412225      0.00001722
      0.23637885      0.00001730
      0.23863545      0.00001739
      0.24089205      0.00001747
      0.24314865      0.00001755
      0.24540525      0.00001764
      0.24766185      0.00001772
      0.24991845      0.00001781
      0.25217505      0.00001789
      0.25443165      0.00001798
      0.25668825      0.00001806
      0.25894485      0.00001815
      0.26120145      0.00001823
      0.26345805      0.00001832
      0.26571465      0.00001840
      0.26797125      0.00001849
      0.27022785      0.00001857
      0.27248445      0.00001866
      0.27474105      0.00001874
      0.27699765      0.00001883
      0.27925425      0.00001892
      0.28151085      0.00001900
      0.28376745      0.00001909
      0.28602405      0.00001918
      0.28828065      0.00001926
      0.29053725      0.00001935
      0.29279385      0.00001944
      0.29505045      0.00001952
      0.29730705      0.00001961
      0.29956365      0.00001970
      0.30182025      0.00001979
      0.30407685      0.00001987
      0.30633345      0.00001996
      0.30859005      0.00002005
      0.31084665      0.00002014
      0.31310325      0.00002023
      0.31535985      0.00002031
      0.31761645      0.00002040
      0.31987305      0.00002049
      0.32212965      0.00002058
      0.32438625      0.00002067
      0.32664285      0.00002076
      0.32889945      0.00002084
      0.33115605      0.00002093
      0.33341265      0.00002102
      0.33566925      0.00002111
      0.33792585      0.00002120
      0.34018245      0.00002129
      0.34243905      0.00002138
      0.34469565      0.00002147
      0.34695225      0.00002156
      0.34920885      0.00002165
      0.35146545      0.00002174
      0.35372205      0.00002183
      0.35597865      0.00002192
      0.35823525      0.00002201
      0.36049185      0.00002210
      0.36274845      0.00002219
      0.36500505      0.00002228
      0.36726165      0.00002237
      0.36951825      0.00002246
      0.37177485      0.00002255
      0.37403145      0.00002264
      0.37628805      0.00002273
      0.37854465      0.00002282
      0.38080125      0.00002291
      0.38305785      0.00002300
      0.38531445      0.00002309
      0.38757105      0.00002318
      0.38982765      0.00002327
      0.39208425      0.00002336
      0.39434085      0.00002345
      0.39659745      0.00002354
      0.39885405      0.00002363
      0.40111065      0.00002373
      0.40336725      0.00002382
      0.40562385      0.00002391
      0.40788045      0.00002400
      0.41013705      0.00002409
      0.41239365      0.00002418
      0.41465025      0.00002427
      0.41690685      0.00002436
      0.41916345      0.00002445
      0.42142005      0.00002454
      0.42367665      0.00002463
      0.42593325      0.00002473
      0.42818985      0.00002482
      0.43044645      0.00002491
      0.43270305      0.00002500
      0.43495965      0.00002509
      0.43721625      0.00002518
      0.43947285      0.00002527
      0.44172945      0.00002536
      0.44398605      0.00002545
      0.44624265      0.00002554
      0.44849925      0.00002563
      0.45075585      0.00002573
      0.45301245      0.00002582
      0.45526905      0.00002591
      0.45752565      0.00002600
      0.45978225      0.00002609
      0.46203885      0.00002618
      0.46429545      0.00002627
      0.46655205      0.00002636
      0.46880865      0.00002645
      0.47106525      0.00002654
      0.47332185      0.00002663
      0.47557845      0.00002672
      0.47783505      0.00002681
      0.48009165      0.00002690
      0.48234825      0.00002699
      0.48460485      0.00002708
      0.48686145      0.00002717
      0.48911805      0.00002726
      0.49137465      0.00002735
      0.49363125      0.00002744
      0.49588785      0.00002753
      0.49814445      0.00002762
      0.50040105      0.00002771
      0.50265765      0.00002780
      0.50491425      0.00002789
      0.50717085      0.00002798
      0.50942745      0.00002807
      0.51168405      0.00002816
      0.51394065      0.00002825
      0.51619725      0.00002833
      0.51845385      0.00002842
      0.52071045      0.00002851
      0.52296705      0.00002860
      0.52522365      0.00002869
      0.52748025      0.00002878
      0.52973685      0.00002887
      0.53199345      0.00002895
      0.53425005      0.00002904
      0.53650665      0.00002913
      0.53876325      0.00002922
      0.54101985      0.00002930
      0.54327645      0.00002939
      0.54553305      0.00002948
      0.54778965      0.00002957
      0.55004625      0.00002965
      0.55230285      0.00002974
      0.55455945      0.00002983
      0.55681605      0.00002991
      0.55907265      0.00003000
      0.56132925      0.00003009
      0.56358585      0.00003017
      0.56584245      0.00003026
      0.56809905      0.00003034
      0.57035565      0.00003043
      0.57261225      0.00003051
      0.57486885      0.00003060
      0.57712545      0.00003068
      0.57938205      0.00003077
      0.58163865      0.00003085
      0.58389525      0.00003094
      0.58615185      0.00003102
      0.58840845      0.00003111
      0.59066505      0.00003119
      0.59292165      0.00003128
      0.59517825      0.00003136
      0.59743485      0.00003144
      0.59969145      0.00003153
      0.60194805      0.00003161
      0.60420465      0.00003169
      0.60646125      0.00003177
      0.60871785      0.00003186
      0.61097445      0.00003194
      0.61323105      0.00003202
      0.61548765      0.00003210
      0.61774425      0.00003218
      0.62000085      0.00003226
      0.62225745      0.00003235
      0.62451405      0.00003243
      0.62677065      0.00003251
      0.62902725      0.00003259
      0.63128385      0.00003267
      0.63354045      0.00003275
      0.63579705      0.00003283
      0.63805365      0.00003291
      0.64031025      0.00003298
      0.64256685      0.00003306
      0.64482345      0.00003314
      0.64708005      0.00003322
      0.64933665      0.00003330
      0.65159325      0.00003338
      0.65384985      0.00003345
      0.65610645      0.00003353
      0.65836305      0.00003361
      0.66061965      0.00003368
      0.66287625      0.00003376
      0.66513285      0.00003384
      0.66738945      0.00003391
      0.66964605      0.00003399
      0.67190265      0.00003406
      0.67415925      0.00003414
      0.67641585      0.00003421
      0.67867245      0.00003429
      0.68092905      0.00003436
      0.68318565      0.00003444
      0.68544225      0.00003451
      0.68769885      0.00003458
      0.68995545      0.00003466
      0.69221205      0.00003473
      0.69446865      0.00003480
      0.69672525      0.00003487
      0.69898185      0.00003494
      0.70123845      0.00003501
      0.70349505      0.00003509
      0.70575165      0.00003516
      0.70800825      0.00003523
      0.71026485      0.00003530
      0.71252145      0.00003537
      0.71477805      0.00003544
      0.71703465      0.00003551
      0.71929125      0.00003557
      0.72154785      0.00003564
      0.72380445      0.00003571
      0.72606105      0.00003578
      0.72831765      0.00003585
      0.73057425      0.00003591
      0.73283085      0.00003598
      0.73508745      0.00003605
      0.73734405      0.00003611
      0.73960065      0.00003618
      0.74185725      0.00003624
      0.74411385      0.00003631
      0.74637045      0.00003637
      0.74862705      0.00003644
      0.75088365      0.00003650
      0.75314025      0.00003656
      0.75539685      0.00003663
      0.75765345      0.00003669
      0.75991005      0.00003675
      0.76216665      0.00003681
      0.76442325      0.00003687
      0.76667985      0.00003693
      0.76893645      0.00003700
      0.77119305      0.00003706
      0.77344965      0.00003712
      0.77570625      0.00003718
      0.77796285      0.00003723
      0.78021945      0.00003729
      0.78247605      0.00003735
      0.78473265      0.00003741
      0.78698925      0.00003747
      0.78924585      0.00003752
      0.79150245      0.00003758
      0.79375905      0.00003764
      0.79601565      0.00003769
      0.79827225      0.00003775
      0.80052885      0.00003780
      0.80278545      0.00003786
      0.80504205      0.00003791
      0.80729865      0.00003797
      0.80955525      0.00003802
      0.81181185      0.00003807
      0.81406845      0.00003813
      0.81632505      0.00003818
      0.81858165      0.00003823
      0.82083825      0.00003828
      0.82309485      0.00003833
      0.82535145      0.00003838
      0.82760805      0.00003843
      0.82986465      0.00003848
      0.83212125      0.00003853
      0.83437785      0.00003858
      0.83663445      0.00003863
      0.83889105      0.00003868
      0.84114765      0.00003872
      0.84340425      0.00003877
      0.84566085      0.00003882
      0.84791745      0.00003886
      0.85017405      0.00003891
      0.85243065      0.00003895
      0.85468725      0.00003900
      0.85694385      0.00003904
      0.85920045      0.00003909
      0.86145705      0.00003913
      0.86371365      0.00003917
      0.86597025      0.00003922
      0.86822685      0.00003926
      0.87048345      0.00003930
      0.87274005      0.00003934
      0.87499665      0.00003938
      0.87725325      0.00003942
      0.87950985      0.00003946
      0.88176645      0.00003950
      0.88402305      0.00003954
      0.88627965      0.00003958
      0.88853625      0.00003962
      0.89079285      0.00003965
      0.89304945      0.00003969
      0.89530605      0.00003973
      0.89756265      0.00003976
      0.89981925      0.00003980
      0.90207585      0.00003983
      0.90433245      0.00003987
      0.90658905      0.00003990
      0.90884565      0.00003993
      0.91110225      0.00003997
      0.91335885      0.00004000
      0.91561545      0.00004003
      0.91787205      0.00004006
      0.92012865      0.00004010
      0.92238525      0.00004013
      0.92464185      0.00004016
      0.92689845      0.00004019
      0.92915505      0.00004022
      0.93141165      0.00004024
      0.93366825      0.00004027
      0.93592485      0.00004030
      0.93818145      0.00004033
      0.94043805      0.00004035
      0.94269465      0.00004038
      0.94495125      0.00004041
      0.94720785      0.00004043
      0.94946445      0.00004046
      0.95172105      0.00004048
      0.95397765      0.00004051
      0.95623425      0.00004053
      0.95849085      0.00004055
      0.96074745      0.00004057
      0.96300405      0.00004060
      0.96526065      0.00004062
      0.96751725      0.00004064
      0.96977385      0.00004066
      0.97203045      0.00004068
      0.97428705      0.00004070
      0.97654365      0.00004072
      0.97880025      0.00004074
      0.98105685      0.00004076
      0.98331345      0.00004077
      0.98557005      0.00004079
      0.98782665      0.00004081
      0.99008325      0.00004082
      0.99233985      0.00004084
      0.99459645      0.00004085
      0.99685305      0.00004087
      0.99910965      0.00004088
      1.00136625      0.00004090
      1.00362285      0.00004091
      1.00587945      0.00004092
      1.00813605      0.00004093
      1.01039265      0.00004095
      1.01264925      0.00004096
      1.01490585      0.00004097
      1.01716245      0.00004098
      1.01941905      0.00004099
      1.02167565      0.00004100
      1.02393225      0.00004101
      1.02618885      0.00004101
      1.02844545      0.00004102
      1.03070205      0.00004103
      1.03295865      0.00004104
      1.03521525      0.00004104
      1.03747185      0.00004105
      1.03972845      0.00004105
      1.04198505      0.00004106
      1.04424165      0.00004106
      1.04649825      0.00004107
      1.04875485      0.00004107
      1.05101145      0.00004107
      1.05326805      0.00004108
      1.05552465      0.00004108
      1.05778125      0.00004108
      1.06003785      0.00004108
      1.06229445      0.00004108
      1.06455105      0.00004108
      1.06680765      0.00004108
      1.06906425      0.00004108
      1.07132085      0.00004108
      1.07357745      0.00004108
      1.07583405      0.00004107
      1.07809065      0.00004107
      1.08034725      0.00004107
      1.08260385      0.00004106
      1.08486045      0.00004106
      1.08711705      0.00004105
      1.08937365      0.00004105
      1.09163025      0.00004104
      1.09388685      0.00004104
      1.09614345      0.00004103
      1.09840005      0.00004102
      1.10065665      0.00004102
      1.10291325      0.00004101
      1.10516985      0.00004100
      1.10742645      0.00004099
      1.10968305      0.00004098
      1.11193965      0.00004097
      1.11419625      0.00004096
      1.11645285      0.00004095
      1.11870945      0.00004094
      1.12096605      0.00004093
      1.12322265      0.00004092
      1.12547925      0.00004090
      1.12773585      0.00004089
      1.12999245      0.00004088
      1.13224905      0.00004086
      1.13450565      0.00004085
      1.13676225      0.00004083
      1.13901885      0.00004082
      1.14127545      0.00004080
      1.14353205      0.00004079
      1.14578865      0.00004077
      1.14804525      0.00004075
      1.15030185      0.00004074
      1.15255845      0.00004072
      1.15481505      0.00004070
      1.15707165      0.00004068
      1.15932825      0.00004066
      1.16158485      0.00004064
      1.16384145      0.00004062
      1.16609805      0.00004060
      1.16835465      0.00004058
      1.17061125      0.00004056
      1.17286785      0.00004054
      1.17512445      0.00004052
      1.17738105      0.00004050
      1.17963765      0.00004047
      1.18189425      0.00004045
      1.18415085      0.00004043
      1.18640745      0.00004040
      1.18866405      0.00004038
      1.19092065      0.00004035
      1.19317725      0.00004033
      1.19543385      0.00004030
      1.19769045      0.00004027
      1.19994705      0.00004025
      1.20220365      0.00004022
      1.20446025      0.00004019
      1.20671685      0.00004017
      1.20897345      0.00004014
      1.21123005      0.00004011
      1.21348665      0.00004008
      1.21574325      0.00004005
      1.21799985      0.00004002
      1.22025645      0.00003999
      1.22251305      0.00003996
      1.22476965      0.00003993
      1.22702625      0.00003990
      1.22928285      0.00003987
      1.23153945      0.00003984
      1.23379605      0.00003981
      1.23605265      0.00003977
      1.23830925      0.00003974
      1.24056585      0.00003971
      1.24282245      0.00003967
      1.24507905      0.00003964
      1.24733565      0.00003960
      1.24959225      0.00003957
      1.25184885      0.00003954
      1.25410545      0.00003950
      1.25636205      0.00003946
      1.25861865      0.00003943
      1.26087525      0.00003939
      1.26313185      0.00003936
      1.26538845      0.00003932
      1.26764505      0.00003928
      1.26990165      0.00003924
      1.27215825      0.00003921
      1.27441485      0.00003917
      1.27667145      0.00003913
      1.27892805      0.00003909
      1.28118465      0.00003905
      1.28344125      0.00003901
      1.28569785      0.00003897
      1.28795445      0.00003893
      1.29021105      0.00003889
      1.29246765      0.00003885
      1.29472425      0.00003881
      1.29698085      0.00003877
      1.29923745      0.00003873
      1.30149405      0.00003868
      1.30375065      0.00003864
      1.30600725      0.00003860
      1.30826385      0.00003856
      1.31052045      0.00003851
      1.31277705      0.00003847
      1.31503365      0.00003843
      1.31729025      0.00003838
      1.31954685      0.00003834
      1.32180345      0.00003829
      1.32406005      0.00003825
      1.32631665      0.00003820
      1.32857325      0.00003816
      1.33082985      0.00003811
      1.33308645      0.00003807
      1.33534305      0.00003802
      1.33759965      0.00003798
      1.33985625      0.00003793
      1.34211285      0.00003788
      1.34436945      0.00003784
      1.34662605      0.00003779
      1.34888265      0.00003774
      1.35113925      0.00003769
      1.35339585      0.00003765
      1.35565245      0.00003760
      1.35790905      0.00003755
      1.36016565      0.00003750
      1.36242225      0.00003745
      1.36467885      0.00003740
      1.36693545      0.00003735
      1.36919205      0.00003731
      1.37144865      0.00003726
      1.37370525      0.00003721
      1.37596185      0.00003716
      1.37821845      0.00003711
      1.38047505      0.00003706
      1.38273165      0.00003700
      1.38498825      0.00003695
      1.38724485      0.00003690
      1.38950145      0.00003685
      1.39175805      0.00003680
      1.39401465      0.00003675
      1.39627125      0.00003670
      1.39852785      0.00003665
      1.40078445      0.00003659
      1.40304105      0.00003654
      1.40529765      0.00003649
      1.40755425      0.00003644
      1.40981085      0.00003638
      1.41206745      0.00003633
      1.41432405      0.00003628
      1.41658065      0.00003623
      1.41883725      0.00003617
      1.42109385      0.00003612
      1.42335045      0.00003607
      1.42560705      0.00003601
      1.42786365      0.00003596
      1.43012025      0.00003590
      1.43237685      0.00003585
      1.43463345      0.00003580
      1.43689005      0.00003574
      1.43914665      0.00003569
      1.44140325      0.00003563
      1.44365985      0.00003558
      1.44591645      0.00003552
      1.44817305      0.00003547
      1.45042965      0.00003541
      1.45268625      0.00003536
      1.45494285      0.00003530
      1.45719945      0.00003525
      1.45945605      0.00003519
      1.46171265      0.00003514
      1.46396925      0.00003508
      1.46622585      0.00003503
      1.46848245      0.00003497
      1.47073905      0.00003492
      1.47299565      0.00003486
      1.47525225      0.00003480
      1.47750885      0.00003475
      1.47976545      0.00003469
      1.48202205      0.00003464
      1.48427865      0.00003458
      1.48653525      0.00003452
      1.48879185      0.00003447
      1.49104845      0.00003441
      1.49330505      0.00003435
      1.49556165      0.00003430
      1.49781825      0.00003424
      1.50007485      0.00003418
      1.50233145      0.00003413
      1.50458805      0.00003407
      1.50684465      0.00003401
      1.50910125      0.00003396
      1.51135785      0.00003390
      1.51361445      0.00003384
      1.51587105      0.00003379
      1.51812765      0.00003373
      1.52038425      0.00003367
      1.52264085      0.00003362
      1.52489745      0.00003356
      1.52715405      0.00003350
      1.52941065      0.00003345
      1.53166725      0.00003339
      1.53392385      0.00003333
      1.53618045      0.00003328
      1.53843705      0.00003322
      1.54069365      0.00003316
      1.54295025      0.00003310
      1.54520685      0.00003305
      1.54746345      0.00003299
      1.54972005      0.00003293
      1.55197665      0.00003288
      1.55423325      0.00003282
      1.55648985      0.00003276
      1.55874645      0.00003271
      1.56100305      0.00003265
      1.56325965      0.00003259
      1.56551625      0.00003254
      1.56777285      0.00003248
      1.57002945      0.00003242
      1.57228605      0.00003237
      1.57454265      0.00003231
      1.57679925      0.00003225
      1.57905585      0.00003220
      1.58131245      0.00003214
      1.58356905      0.00003208
      1.58582565      0.00003203
      1.58808225      0.00003197
      1.59033885      0.00003192
      1.59259545      0.00003186
      1.59485205      0.00003180
      1.59710865      0.00003175
      1.59936525      0.00003169
      1.60162185      0.00003164
      1.60387845      0.00003158
      1.60613505      0.00003152
      1.60839165      0.00003147
      1.61064825      0.00003141
      1.61290485      0.00003136
      1.61516145      0.00003130
      1.61741805      0.00003125
      1.61967465      0.00003119
      1.62193125      0.00003114
      1.62418785      0.00003108
      1.62644445      0.00003103
      1.62870105      0.00003097
      1.63095765      0.00003092
      1.63321425      0.00003086
      1.63547085      0.00003081
      1.63772745      0.00003075
      1.63998405      0.00003070
      1.64224065      0.00003064
      1.64449725      0.00003059
      1.64675385      0.00003054
      1.64901045      0.00003048
      1.65126705      0.00003043
      1.65352365      0.00003038
      1.65578025      0.00003032
      1.65803685      0.00003027
      1.66029345      0.00003021
      1.66255005      0.00003016
      1.66480665      0.00003011
      1.66706325      0.00003006
      1.66931985      0.00003000
      1.67157645      0.00002995
      1.67383305      0.00002990
      1.67608965      0.00002984
      1.67834625      0.00002979
      1.68060285      0.00002974
      1.68285945      0.00002969
      1.68511605      0.00002964
      1.68737265      0.00002958
      1.68962925      0.00002953
      1.69188585      0.00002948
      1.69414245      0.00002943
      1.69639905      0.00002938
      1.69865565      0.00002933
      1.70091225      0.00002928
      1.70316885      0.00002923
      1.70542545      0.00002918
      1.70768205      0.00002913
      1.70993865      0.00002908
      1.71219525      0.00002903
      1.71445185      0.00002898
      1.71670845      0.00002893
      1.71896505      0.00002888
      1.72122165      0.00002883
      1.72347825      0.00002878
      1.72573485      0.00002873
      1.72799145      0.00002868
      1.73024805      0.00002863
      1.73250465      0.00002858
      1.73476125      0.00002853
      1.73701785      0.00002849
      1.73927445      0.00002844
      1.74153105      0.00002839
      1.74378765      0.00002834
      1.74604425      0.00002829
      1.74830085      0.00002825
      1.75055745      0.00002820
      1.75281405      0.00002815
      1.75507065      0.00002811
      1.75732725      0.00002806
      1.75958385      0.00002801
      1.76184045      0.00002797
      1.76409705      0.00002792
      1.76635365      0.00002787
      1.76861025      0.00002783
      1.77086685      0.00002778
      1.77312345      0.00002774
      1.77538005      0.00002769
      1.77763665      0.00002765
      1.77989325      0.00002760
      1.78214985      0.00002756
      1.78440645      0.00002751
      1.78666305      0.00002747
      1.78891965      0.00002743
      1.79117625      0.00002738
      1.79343285      0.00002734
      1.79568945      0.00002730
      1.79794605      0.00002725
      1.80020265      0.00002721
      1.80245925      0.00002717
      1.80471585      0.00002712
      1.80697245      0.00002708
      1.80922905      0.00002704
      1.81148565      0.00002700
      1.81374225      0.00002696
      1.81599885      0.00002691
      1.81825545      0.00002687
      1.82051205      0.00002683
      1.82276865      0.00002679
      1.82502525      0.00002675
      1.82728185      0.00002671
      1.82953845      0.00002667
      1.83179505      0.00002663
      1.83405165      0.00002659
      1.83630825      0.00002655
      1.83856485      0.00002651
      1.84082145      0.00002647
      1.84307805      0.00002643
      1.84533465      0.00002639
      1.84759125      0.00002635
      1.84984785      0.00002632
      1.85210445      0.00002628
      1.85436105      0.00002624
      1.85661765      0.00002620
      1.85887425      0.00002617
      1.86113085      0.00002613
      1.86338745      0.00002609
      1.86564405      0.00002605
      1.86790065      0.00002602
      1.87015725      0.00002598
      1.87241385      0.00002594
      1.87467045      0.00002591
      1.87692705      0.00002587
      1.87918365      0.00002584
      1.88144025      0.00002580
      1.88369685      0.00002577
      1.88595345      0.00002573
      1.88821005      0.00002570
      1.89046665      0.00002566
      1.89272325      0.00002563
      1.89497985      0.00002559
      1.89723645      0.00002556
      1.89949305      0.00002552
      1.90174965      0.00002549
      1.90400625      0.00002546
      1.90626285      0.00002542
      1.90851945      0.00002539
      1.91077605      0.00002536
      1.91303265      0.00002533
      1.91528925      0.00002529
      1.91754585      0.00002526
      1.91980245      0.00002523
      1.92205905      0.00002520
      1.92431565      0.00002517
      1.92657225      0.00002514
      1.92882885      0.00002511
      1.93108545      0.00002507
      1.93334205      0.00002504
      1.93559865      0.00002501
      1.93785525      0.00002498
      1.94011185      0.00002495
      1.94236845      0.00002492
      1.94462505      0.00002489
      1.94688165      0.00002486
      1.94913825      0.00002484
      1.95139485      0.00002481
      1.95365145      0.00002478
      1.95590805      0.00002475
      1.95816465      0.00002472
      1.96042125      0.00002469
      1.96267785      0.00002466
      1.96493445      0.00002464
      1.96719105      0.00002461
      1.96944765      0.00002458
      1.97170425      0.00002455
      1.97396085      0.00002453
      1.97621745      0.00002450
      1.97847405      0.00002447
      1.98073065      0.00002445
      1.98298725      0.00002442
      1.98524385      0.00002440
      1.98750045      0.00002437
      1.98975705      0.00002434
      1.99201365      0.00002432
      1.99427025      0.00002429
      1.99652685      0.00002427
      1.99878345      0.00002424
      2.00104005      0.00002422
      2.00329665      0.00002419
      2.00555325      0.00002417
      2.00780985      0.00002415
      2.01006645      0.00002412
      2.01232305      0.00002410
      2.01457965      0.00002407
      2.01683625      0.00002405
      2.01909285      0.00002403
      2.02134945      0.00002400
      2.02360605      0.00002398
      2.02586265      0.00002396
      2.02811925      0.00002394
      2.03037585      0.00002391
      2.03263245      0.00002389
      2.03488905      0.00002387
      2.03714565      0.00002385
      2.03940225      0.00002383
      2.04165885      0.00002380
      2.04391545      0.00002378
      2.04617205      0.00002376
      2.04842865      0.00002374
      2.05068525      0.00002372
      2.05294185      0.00002370
      2.05519845      0.00002368
      2.05745505      0.00002366
      2.05971165      0.00002364
      2.06196825      0.00002362
      2.06422485      0.00002360
      2.06648145      0.00002358
      2.06873805      0.00002356
      2.07099465      0.00002354
      2.07325125      0.00002352
      2.07550785      0.00002350
      2.07776445      0.00002348
      2.08002105      0.00002346
      2.08227765      0.00002345
      2.08453425      0.00002343
      2.08679085      0.00002341
      2.08904745      0.00002339
      2.09130405      0.00002337
      2.09356065      0.00002335
      2.09581725      0.00002334
      2.09807385      0.00002332
      2.10033045      0.00002330
      2.10258705      0.00002328
      2.10484365      0.00002327
      2.10710025      0.00002325
      2.10935685      0.00002323
      2.11161345      0.00002322
      2.11387005      0.00002320
      2.11612665      0.00002318
      2.11838325      0.00002317
      2.12063985      0.00002315
      2.12289645      0.00002313
      2.12515305      0.00002312
      2.12740965      0.00002310
      2.12966625      0.00002309
      2.13192285      0.00002307
      2.13417945      0.00002305
      2.13643605      0.00002304
      2.13869265      0.00002302
      2.14094925      0.00002301
      2.14320585      0.00002299
      2.14546245      0.00002298
      2.14771905      0.00002296
      2.14997565      0.00002295
      2.15223225      0.00002293
      2.15448885      0.00002292
      2.15674545      0.00002290
      2.15900205      0.00002289
      2.16125865      0.00002288
      2.16351525      0.00002286
      2.16577185      0.00002285
      2.16802845      0.00002283
      2.17028505      0.00002282
      2.17254165      0.00002280
      2.17479825      0.00002279
      2.17705485      0.00002278
      2.17931145      0.00002276
      2.18156805      0.00002275
      2.18382465      0.00002274
      2.18608125      0.00002272
      2.18833785      0.00002271
      2.19059445      0.00002270
      2.19285105      0.00002268
      2.19510765      0.00002267
      2.19736425      0.00002266
      2.19962085      0.00002264
      2.20187745      0.00002263
      2.20413405      0.00002262
      2.20639065      0.00002261
      2.20864725      0.00002259
      2.21090385      0.00002258
      2.21316045      0.00002257
      2.21541705      0.00002256
      2.21767365      0.00002254
      2.21993025      0.00002253
      2.22218685      0.00002252
      2.22444345      0.00002251
      2.22670005      0.00002249
      2.22895665      0.00002248
      2.23121325      0.00002247
      2.23346985      0.00002246
      2.23572645      0.00002245
      2.23798305      0.00002243
      2.24023965      0.00002242
      2.24249625      0.00002241
      2.24475285      0.00002240
      2.24700945      0.00002239
      2.24926605      0.00002238
      2.25152265      0.00002236
      2.25377925      0.00002235
      2.25603585      0.00002234
      2.25829245      0.00002233
      2.26054905      0.00002232
      2.26280565      0.00002231
      2.26506225      0.00002229
      2.26731885      0.00002228
      2.26957545      0.00002227
      2.27183205      0.00002226
      2.27408865      0.00002225
      2.27634525      0.00002224
      2.27860185      0.00002223
      2.28085845      0.00002221
      2.28311505      0.00002220
      2.28537165      0.00002219
      2.28762825      0.00002218
      2.28988485      0.00002217
      2.29214145      0.00002216
      2.29439805      0.00002215
      2.29665465      0.00002214
      2.29891125      0.00002212
      2.30116785      0.00002211
      2.30342445      0.00002210
      2.30568105      0.00002209
      2.30793765      0.00002208
      2.31019425      0.00002207
      2.31245085      0.00002206
      2.31470745      0.00002204
      2.31696405      0.00002203
      2.31922065      0.00002202
      2.32147725      0.00002201
      2.32373385      0.00002200
      2.32599045      0.00002199
      2.32824705      0.00002198
      2.33050365      0.00002197
      2.33276025      0.00002195
      2.33501685      0.00002194
      2.33727345      0.00002193
      2.33953005      0.00002192
      2.34178665      0.00002191
      2.34404325      0.00002190
      2.34629985      0.00002189
      2.34855645      0.00002187
      2.35081305      0.00002186
      2.35306965      0.00002185
      2.35532625      0.00002184
      2.35758285      0.00002183
      2.35983945      0.00002182
      2.36209605      0.00002180
      2.36435265      0.00002179
      2.36660925      0.00002178
      2.36886585      0.00002177
      2.37112245      0.00002176
      2.37337905      0.00002174
      2.37563565      0.00002173
      2.37789225      0.00002172
      2.38014885      0.00002171
      2.38240545      0.00002170
      2.38466205      0.00002168
      2.38691865      0.00002167
      2.38917525      0.00002166
      2.39143185      0.00002165
      2.39368845      0.00002163
      2.39594505      0.00002162
      2.39820165      0.00002161
      2.40045825      0.00002160
      2.40271485      0.00002158
      2.40497145      0.00002157
      2.40722805      0.00002156
      2.40948465      0.00002155
      2.41174125      0.00002153
      2.41399785      0.00002152
      2.41625445      0.00002151
      2.41851105      0.00002149
      2.42076765      0.00002148
      2.42302425      0.00002147
      2.42528085      0.00002145
      2.42753745      0.00002144
      2.42979405      0.00002143
      2.43205065      0.00002141
      2.43430725      0.00002140
      2.43656385      0.00002139
      2.43882045      0.00002137
      2.44107705      0.00002136
      2.44333365      0.00002134
      2.44559025      0.00002133
      2.44784685      0.00002132
      2.45010345      0.00002130
      2.45236005      0.00002129
      2.45461665      0.00002127
      2.45687325      0.00002126
      2.45912985      0.00002124
      2.46138645      0.00002123
      2.46364305      0.00002122
      2.46589965      0.00002120
      2.46815625      0.00002119
      2.47041285      0.00002117
      2.47266945      0.00002116
      2.47492605      0.00002114
      2.47718265      0.00002113
      2.47943925      0.00002111
      2.48169585      0.00002109
      2.48395245      0.00002108
      2.48620905      0.00002106
      2.48846565      0.00002105
      2.49072225      0.00002103
      2.49297885      0.00002102
      2.49523545      0.00002100
      2.49749205      0.00002098
      2.49974865      0.00002097
      2.50200525      0.00002095
      2.50426185      0.00002093
      2.50651845      0.00002092
      2.50877505      0.00002090
      2.51103165      0.00002088
      2.51328825      0.00002087
      2.51554485      0.00002085
      2.51780145      0.00002083
      2.52005805      0.00002082
      2.52231465      0.00002080
      2.52457125      0.00002078
      2.52682785      0.00002076
      2.52908445      0.00002075
      2.53134105      0.00002073
      2.53359765      0.00002071
      2.53585425      0.00002069
      2.53811085      0.00002068
      2.54036745      0.00002066
      2.54262405      0.00002064
      2.54488065      0.00002062
      2.54713725      0.00002060
      2.54939385      0.00002058
      2.55165045      0.00002056
      2.55390705      0.00002055
      2.55616365      0.00002053
      2.55842025      0.00002051
      2.56067685      0.00002049
      2.56293345      0.00002047
      2.56519005      0.00002045
      2.56744665      0.00002043
      2.56970325      0.00002041
      2.57195985      0.00002039
      2.57421645      0.00002037
      2.57647305      0.00002035
      2.57872965      0.00002033
      2.58098625      0.00002031
      2.58324285      0.00002029
      2.58549945      0.00002027
      2.58775605      0.00002025
      2.59001265      0.00002023
      2.59226925      0.00002021
      2.59452585      0.00002019
      2.59678245      0.00002016
      2.59903905      0.00002014
      2.60129565      0.00002012
      2.60355225      0.00002010
      2.60580885      0.00002008
      2.60806545      0.00002006
      2.61032205      0.00002003
      2.61257865      0.00002001
      2.61483525      0.00001999
      2.61709185      0.00001997
      2.61934845      0.00001995
      2.62160505      0.00001992
      2.62386165      0.00001990
      2.62611825      0.00001988
      2.62837485      0.00001985
      2.63063145      0.00001983
      2.63288805      0.00001981
      2.63514465      0.00001978
      2.63740125      0.00001976
      2.63965785      0.00001974
      2.64191445      0.00001971
      2.64417105      0.00001969
      2.64642765      0.00001967
      2.64868425      0.00001964
      2.65094085      0.00001962
      2.65319745      0.00001959
      2.65545405      0.00001957
      2.65771065      0.00001954
      2.65996725      0.00001952
      2.66222385      0.00001949
      2.66448045      0.00001947
      2.66673705      0.00001944
      2.66899365      0.00001942
      2.67125025      0.00001939
      2.67350685      0.00001937
      2.67576345      0.00001934
      2.67802005      0.00001932
      2.68027665      0.00001929
      2.68253325      0.00001927
      2.68478985      0.00001924
      2.68704645      0.00001921
      2.68930305      0.00001919
      2.69155965      0.00001916
      2.69381625      0.00001913
      2.69607285      0.00001911
      2.69832945      0.00001908
      2.70058605      0.00001905
      2.70284265      0.00001903
      2.70509925      0.00001900
      2.70735585      0.00001897
      2.70961245      0.00001894
      2.71186905      0.00001892
      2.71412565      0.00001889
      2.71638225      0.00001886
      2.71863885      0.00001883
      2.72089545      0.00001880
      2.72315205      0.00001878
      2.72540865      0.00001875
      2.72766525      0.00001872
      2.72992185      0.00001869
      2.73217845      0.00001866
      2.73443505      0.00001863
      2.73669165      0.00001860
      2.73894825      0.00001857
      2.74120485      0.00001854
      2.74346145      0.00001852
      2.74571805      0.00001849
      2.74797465      0.00001846
      2.75023125      0.00001843
      2.75248785      0.00001840
      2.75474445      0.00001837
      2.75700105      0.00001834
      2.75925765      0.00001831
      2.76151425      0.00001828
      2.76377085      0.00001825
      2.76602745      0.00001822
      2.76828405      0.00001818
      2.77054065      0.00001815
      2.77279725      0.00001812
      2.77505385      0.00001809
      2.77731045      0.00001806
      2.77956705      0.00001803
      2.78182365      0.00001800
      2.78408025      0.00001797
      2.78633685      0.00001794
      2.78859345      0.00001790
      2.79085005      0.00001787
      2.79310665      0.00001784
      2.79536325      0.00001781
      2.79761985      0.00001778
      2.79987645      0.00001774
      2.80213305      0.00001771
      2.80438965      0.00001768
      2.80664625      0.00001765
      2.80890285      0.00001761
      2.81115945      0.00001758
      2.81341605      0.00001755
      2.81567265      0.00001752
      2.81792925      0.00001748
      2.82018585      0.00001745
      2.82244245      0.00001742
      2.82469905      0.00001738
      2.82695565      0.00001735
      2.82921225      0.00001732
      2.83146885      0.00001728
      2.83372545      0.00001725
      2.83598205      0.00001721
      2.83823865      0.00001718
      2.84049525      0.00001715
      2.84275185      0.00001711
      2.84500845      0.00001708
      2.84726505      0.00001704
      2.84952165      0.00001701
      2.85177825      0.00001698
      2.85403485      0.00001694
      2.85629145      0.00001691
      2.85854805      0.00001687
      2.86080465      0.00001684
      2.86306125      0.00001680
      2.86531785      0.00001677
      2.86757445      0.00001673
      2.86983105      0.00001670
      2.87208765      0.00001666
      2.87434425      0.00001663
      2.87660085      0.00001659
      2.87885745      0.00001655
      2.88111405      0.00001652
      2.88337065      0.00001648
      2.88562725      0.00001645
      2.88788385      0.00001641
      2.89014045      0.00001638
      2.89239705      0.00001634
      2.89465365      0.00001630
      2.89691025      0.00001627
      2.89916685      0.00001623
      2.90142345      0.00001619
      2.90368005      0.00001616
      2.90593665      0.00001612
      2.90819325      0.00001609
      2.91044985      0.00001605
      2.91270645      0.00001601
      2.91496305      0.00001598
      2.91721965      0.00001594
      2.91947625      0.00001590
      2.92173285      0.00001587
      2.92398945      0.00001583
      2.92624605      0.00001579
      2.92850265      0.00001575
      2.93075925      0.00001572
      2.93301585      0.00001568
      2.93527245      0.00001564
      2.93752905      0.00001561
      2.93978565      0.00001557
      2.94204225      0.00001553
      2.94429885      0.00001549
      2.94655545      0.00001546
      2.94881205      0.00001542
      2.95106865      0.00001538
      2.95332525      0.00001534
      2.95558185      0.00001530
      2.95783845      0.00001527
      2.96009505      0.00001523
      2.96235165      0.00001519
      2.96460825      0.00001515
      2.96686485      0.00001511
      2.96912145      0.00001508
      2.97137805      0.00001504
      2.97363465      0.00001500
      2.97589125      0.00001496
      2.97814785      0.00001492
      2.98040445      0.00001489
      2.98266105      0.00001485
      2.98491765      0.00001481
      2.98717425      0.00001477
      2.98943085      0.00001473
      2.99168745      0.00001469
      2.99394405      0.00001465
      2.99620065      0.00001462
      2.99845725      0.00001458
      3.00071385      0.00001454
      3.00297045      0.00001450
      3.00522705      0.00001446
      3.00748365      0.00001442
      3.00974025      0.00001438
      3.01199685      0.00001435
      3.01425345      0.00001431
      3.01651005      0.00001427
      3.01876665      0.00001423
      3.02102325      0.00001419
      3.02327985      0.00001415
      3.02553645      0.00001411
      3.02779305      0.00001407
      3.03004965      0.00001403
      3.03230625      0.00001400
      3.03456285      0.00001396
      3.03681945      0.00001392
      3.03907605      0.00001388
      3.04133265      0.00001384
      3.04358925      0.00001380
      3.04584585      0.00001376
      3.04810245      0.00001372
      3.05035905      0.00001368
      3.05261565      0.00001364
      3.05487225      0.00001360
      3.05712885      0.00001357
      3.05938545      0.00001353
      3.06164205      0.00001349
      3.06389865      0.00001345
      3.06615525      0.00001341
      3.06841185      0.00001337
      3.07066845      0.00001333
      3.07292505      0.00001329
      3.07518165      0.00001325
      3.07743825      0.00001321
      3.07969485      0.00001317
      3.08195145      0.00001313
      3.08420805      0.00001310
      3.08646465      0.00001306
      3.08872125      0.00001302
      3.09097785      0.00001298
      3.09323445      0.00001294
      3.09549105      0.00001290
      3.09774765      0.00001286
      3.10000425      0.00001282
      3.10226085      0.00001278
      3.10451745      0.00001274
      3.10677405      0.00001270
      3.10903065      0.00001267
      3.11128725      0.00001263
      3.11354385      0.00001259
      3.11580045      0.00001255
      3.11805705      0.00001251
      3.12031365      0.00001247
      3.12257025      0.00001243
      3.12482685      0.00001239
      3.12708345      0.00001235
      3.12934005      0.00001231
      3.13159665      0.00001227
      3.13385325      0.00001224
      3.13610985      0.00001220
      3.13836645      0.00001216
      3.14062305      0.00001212
      3.14287965      0.00001208
      3.14513625      0.00001204
      3.14739285      0.00001200
      3.14964945      0.00001196
      3.15190605      0.00001193
      3.15416265      0.00001189
      3.15641925      0.00001185
      3.15867585      0.00001181
      3.16093245      0.00001177
      3.16318905      0.00001173
      3.16544565      0.00001169
      3.16770225      0.00001166
      3.16995885      0.00001162
      3.17221545      0.00001158
      3.17447205      0.00001154
      3.17672865      0.00001150
      3.17898525      0.00001146
      3.18124185      0.00001143
      3.18349845      0.00001139
      3.18575505      0.00001135
      3.18801165      0.00001131
      3.19026825      0.00001127
      3.19252485      0.00001124
      3.19478145      0.00001120
      3.19703805      0.00001116
      3.19929465      0.00001112
      3.20155125      0.00001108
      3.20380785      0.00001105
      3.20606445      0.00001101
      3.20832105      0.00001097
      3.21057765      0.00001093
      3.21283425      0.00001089
      3.21509085      0.00001086
      3.21734745      0.00001082
      3.21960405      0.00001078
      3.22186065      0.00001074
      3.22411725      0.00001071
      3.22637385      0.00001067
      3.22863045      0.00001063
      3.23088705      0.00001060
      3.23314365      0.00001056
      3.23540025      0.00001052
      3.23765685      0.00001048
      3.23991345      0.00001045
      3.24217005      0.00001041
      3.24442665      0.00001037
      3.24668325      0.00001034
      3.24893985      0.00001030
      3.25119645      0.00001026
      3.25345305      0.00001023
      3.25570965      0.00001019
      3.25796625      0.00001015
      3.26022285      0.00001012
      3.26247945      0.00001008
      3.26473605      0.00001004
      3.26699265      0.00001001
      3.26924925      0.00000997
      3.27150585      0.00000994
      3.27376245      0.00000990
      3.27601905      0.00000986
      3.27827565      0.00000983
      3.28053225      0.00000979
      3.28278885      0.00000976
      3.28504545      0.00000972
      3.28730205      0.00000969
      3.28955865      0.00000965
      3.29181525      0.00000961
      3.29407185      0.00000958
      3.29632845      0.00000954
      3.29858505      0.00000951
      3.30084165      0.00000947
      3.30309825      0.00000944
      3.30535485      0.00000940
      3.30761145      0.00000937
      3.30986805      0.00000933
      3.31212465      0.00000930
      3.31438125      0.00000926
      3.31663785      0.00000923
      3.31889445      0.00000919
      3.32115105      0.00000916
      3.32340765      0.00000913
      3.32566425      0.00000909
      3.32792085      0.00000906
      3.33017745      0.00000902
      3.33243405      0.00000899
      3.33469065      0.00000896
      3.33694725      0.00000892
      3.33920385      0.00000889
      3.34146045      0.00000885
      3.34371705      0.00000882
      3.34597365      0.00000879
      3.34823025      0.00000875
      3.35048685      0.00000872
      3.35274345      0.00000869
      3.35500005      0.00000865
      3.35725665      0.00000862
      3.35951325      0.00000859
      3.36176985      0.00000855
      3.36402645      0.00000852
      3.36628305      0.00000849
      3.36853965      0.00000846
      3.37079625      0.00000842
      3.37305285      0.00000839
      3.37530945      0.00000836
      3.37756605      0.00000833
      3.37982265      0.00000829
      3.38207925      0.00000826
      3.38433585      0.00000823
      3.38659245      0.00000820
      3.38884905      0.00000816
      3.39110565      0.00000813
      3.39336225      0.00000810
      3.39561885      0.00000807
      3.39787545      0.00000804
      3.40013205      0.00000801
      3.40238865      0.00000797
      3.40464525      0.00000794
      3.40690185      0.00000791
      3.40915845      0.00000788
      3.41141505      0.00000785
      3.41367165      0.00000782
      3.41592825      0.00000779
      3.41818485      0.00000776
      3.42044145      0.00000773
      3.42269805      0.00000770
      3.42495465      0.00000767
      3.42721125      0.00000764
      3.42946785      0.00000761
      3.43172445      0.00000758
      3.43398105      0.00000755
      3.43623765      0.00000752
      3.43849425      0.00000749
      3.44075085      0.00000746
      3.44300745      0.00000743
      3.44526405      0.00000740
      3.44752065      0.00000737
      3.44977725      0.00000734
      3.45203385      0.00000731
      3.45429045      0.00000728
      3.45654705      0.00000725
      3.45880365      0.00000722
      3.46106025      0.00000719
      3.46331685      0.00000716
      3.46557345      0.00000713
      3.46783005      0.00000711
      3.47008665      0.00000708
      3.47234325      0.00000705
      3.47459985      0.00000702
      3.47685645      0.00000699
      3.47911305      0.00000696
      3.48136965      0.00000694
      3.48362625      0.00000691
      3.48588285      0.00000688
      3.48813945      0.00000685
      3.49039605      0.00000682
      3.49265265      0.00000680
      3.49490925      0.00000677
      3.49716585      0.00000674
      3.49942245      0.00000671
      3.50167905      0.00000669
      3.50393565      0.00000666
      3.50619225      0.00000663
      3.50844885      0.00000661
      3.51070545      0.00000658
      3.51296205      0.00000655
      3.51521865      0.00000653
      3.51747525      0.00000650
      3.51973185      0.00000647
      3.52198845      0.00000645
      3.52424505      0.00000642
      3.52650165      0.00000640
      3.52875825      0.00000637
      3.53101485      0.00000634
      3.53327145      0.00000632
      3.53552805      0.00000629
      3.53778465      0.00000627
      3.54004125      0.00000624
      3.54229785      0.00000622
      3.54455445      0.00000619
      3.54681105      0.00000617
      3.54906765      0.00000614
      3.55132425      0.00000612
      3.55358085      0.00000609
      3.55583745      0.00000607
      3.55809405      0.00000604
      3.56035065      0.00000602
      3.56260725      0.00000599
      3.56486385      0.00000597
      3.56712045      0.00000594
      3.56937705      0.00000592
      3.57163365      0.00000589
      3.57389025      0.00000587
      3.57614685      0.00000585
      3.57840345      0.00000582
      3.58066005      0.00000580
      3.58291665      0.00000578
      3.58517325      0.00000575
      3.58742985      0.00000573
      3.58968645      0.00000571
      3.59194305      0.00000568
      3.59419965      0.00000566
      3.59645625      0.00000564
      3.59871285      0.00000561
      3.60096945      0.00000559
      3.60322605      0.00000557
      3.60548265      0.00000554
      3.60773925      0.00000552
      3.60999585      0.00000550
      3.61225245      0.00000548
      3.61450905      0.00000546
      3.61676565      0.00000543
      3.61902225      0.00000541
      3.62127885      0.00000539
      3.62353545      0.00000537
      3.62579205      0.00000535
      3.62804865      0.00000532
      3.63030525      0.00000530
      3.63256185      0.00000528
      3.63481845      0.00000526
      3.63707505      0.00000524
      3.63933165      0.00000522
      3.64158825      0.00000520
      3.64384485      0.00000517
      3.64610145      0.00000515
      3.64835805      0.00000513
      3.65061465      0.00000511
      3.65287125      0.00000509
      3.65512785      0.00000507
      3.65738445      0.00000505
      3.65964105      0.00000503
      3.66189765      0.00000501
      3.66415425      0.00000499
      3.66641085      0.00000497
      3.66866745      0.00000495
      3.67092405      0.00000493
      3.67318065      0.00000491
      3.67543725      0.00000489
      3.67769385      0.00000487
      3.67995045      0.00000485
      3.68220705      0.00000483
      3.68446365      0.00000481
      3.68672025      0.00000479
      3.68897685      0.00000477
      3.69123345      0.00000475
      3.69349005      0.00000474
      3.69574665      0.00000472
      3.69800325      0.00000470
      3.70025985      0.00000468
      3.70251645      0.00000466
      3.70477305      0.00000464
      3.70702965      0.00000462
      3.70928625      0.00000460
      3.71154285      0.00000459
      3.71379945      0.00000457
      3.71605605      0.00000455
      3.71831265      0.00000453
      3.72056925      0.00000451
      3.72282585      0.00000450
      3.72508245      0.00000448
      3.72733905      0.00000446
      3.72959565      0.00000444
      3.73185225      0.00000442
      3.73410885      0.00000441
      3.73636545      0.00000439
      3.73862205      0.00000437
      3.74087865      0.00000436
      3.74313525      0.00000434
      3.74539185      0.00000432
      3.74764845      0.00000430
      3.74990505      0.00000429
      3.75216165      0.00000427
      3.75441825      0.00000425
      3.75667485      0.00000424
      3.75893145      0.00000422
      3.76118805      0.00000420
      3.76344465      0.00000419
      3.76570125      0.00000417
      3.76795785      0.00000415
      3.77021445      0.00000414
      3.77247105      0.00000412
      3.77472765      0.00000411
      3.77698425      0.00000409
      3.77924085      0.00000407
      3.78149745      0.00000406
      3.78375405      0.00000404
      3.78601065      0.00000403
      3.78826725      0.00000401
      3.79052385      0.00000400
      3.79278045      0.00000398
      3.79503705      0.00000397
      3.79729365      0.00000395
      3.79955025      0.00000394
      3.80180685      0.00000392
      3.80406345      0.00000391
      3.80632005      0.00000389
      3.80857665      0.00000388
      3.81083325      0.00000386
      3.81308985      0.00000385
      3.81534645      0.00000383
      3.81760305      0.00000382
      3.81985965      0.00000380
      3.82211625      0.00000379
      3.82437285      0.00000377
      3.82662945      0.00000376
      3.82888605      0.00000374
      3.83114265      0.00000373
      3.83339925      0.00000372
      3.83565585      0.00000370
      3.83791245      0.00000369
      3.84016905      0.00000367
      3.84242565      0.00000366
      3.84468225      0.00000365
      3.84693885      0.00000363
      3.84919545      0.00000362
      3.85145205      0.00000361
      3.85370865      0.00000359
      3.85596525      0.00000358
      3.85822185      0.00000357
      3.86047845      0.00000355
      3.86273505      0.00000354
      3.86499165      0.00000353
      3.86724825      0.00000351
      3.86950485      0.00000350
      3.87176145      0.00000349
      3.87401805      0.00000347
      3.87627465      0.00000346
      3.87853125      0.00000345
      3.88078785      0.00000344
      3.88304445      0.00000342
      3.88530105      0.00000341
      3.88755765      0.00000340
      3.88981425      0.00000339
      3.89207085      0.00000337
      3.89432745      0.00000336
      3.89658405      0.00000335
      3.89884065      0.00000334
      3.90109725      0.00000332
      3.90335385      0.00000331
      3.90561045      0.00000330
      3.90786705      0.00000329
      3.91012365      0.00000328
      3.91238025      0.00000326
      3.91463685      0.00000325
      3.91689345      0.00000324
      3.91915005      0.00000323
      3.92140665      0.00000322
      3.92366325      0.00000321
      3.92591985      0.00000319
      3.92817645      0.00000318
      3.93043305      0.00000317
      3.93268965      0.00000316
      3.93494625      0.00000315
      3.93720285      0.00000314
      3.93945945      0.00000313
      3.94171605      0.00000312
      3.94397265      0.00000310
      3.94622925      0.00000309
      3.94848585      0.00000308
      3.95074245      0.00000307
      3.95299905      0.00000306
      3.95525565      0.00000305
      3.95751225      0.00000304
      3.95976885      0.00000303
      3.96202545      0.00000302
      3.96428205      0.00000301
      3.96653865      0.00000300
      3.96879525      0.00000299
      3.97105185      0.00000298
      3.97330845      0.00000297
      3.97556505      0.00000296
      3.97782165      0.00000295
      3.98007825      0.00000293
      3.98233485      0.00000292
      3.98459145      0.00000291
      3.98684805      0.00000290
      3.98910465      0.00000289
      3.99136125      0.00000288
      3.99361785      0.00000287
      3.99587445      0.00000286
      3.99813105      0.00000285
      4.00038765      0.00000284
      4.00264425      0.00000284
      4.00490085      0.00000283
      4.00715745      0.00000282
      4.00941405      0.00000281
      4.01167065      0.00000280
      4.01392725      0.00000279
      4.01618385      0.00000278
      4.01844045      0.00000277
      4.02069705      0.00000276
      4.02295365      0.00000275
      4.02521025      0.00000274
      4.02746685      0.00000273
      4.02972345      0.00000272
      4.03198005      0.00000271
      4.03423665      0.00000270
      4.03649325      0.00000269
      4.03874985      0.00000269
      4.04100645      0.00000268
      4.04326305      0.00000267
      4.04551965      0.00000266
      4.04777625      0.00000265
      4.05003285      0.00000264
      4.05228945      0.00000263
      4.05454605      0.00000262
      4.05680265      0.00000261
      4.05905925      0.00000261
      4.06131585      0.00000260
      4.06357245      0.00000259
      4.06582905      0.00000258
      4.06808565      0.00000257
      4.07034225      0.00000256
      4.07259885      0.00000255
      4.07485545      0.00000255
      4.07711205      0.00000254
      4.07936865      0.00000253
      4.08162525      0.00000252
      4.08388185      0.00000251
      4.08613845      0.00000250
      4.08839505      0.00000250
      4.09065165      0.00000249
      4.09290825      0.00000248
      4.09516485      0.00000247
      4.09742145      0.00000246
      4.09967805      0.00000245
      4.10193465      0.00000245
      4.10419125      0.00000244
      4.10644785      0.00000243
      4.10870445      0.00000242
      4.11096105      0.00000242
      4.11321765      0.00000241
      4.11547425      0.00000240
      4.11773085      0.00000239
      4.11998745      0.00000238
      4.12224405      0.00000238
      4.12450065      0.00000237
      4.12675725      0.00000236
      4.12901385      0.00000235
      4.13127045      0.00000235
      4.13352705      0.00000234
      4.13578365      0.00000233
      4.13804025      0.00000232
      4.14029685      0.00000232
      4.14255345      0.00000231
      4.14481005      0.00000230
      4.14706665      0.00000229
      4.14932325      0.00000229
      4.15157985      0.00000228
      4.15383645      0.00000227
      4.15609305      0.00000226
      4.15834965      0.00000226
      4.16060625      0.00000225
      4.16286285      0.00000224
      4.16511945      0.00000224
      4.16737605      0.00000223
      4.16963265      0.00000222
      4.17188925      0.00000221
      4.17414585      0.00000221
      4.17640245      0.00000220
      4.17865905      0.00000219
      4.18091565      0.00000219
      4.18317225      0.00000218
      4.18542885      0.00000217
      4.18768545      0.00000217
      4.18994205      0.00000216
      4.19219865      0.00000215
      4.19445525      0.00000214
      4.19671185      0.00000214
      4.19896845      0.00000213
      4.20122505      0.00000212
      4.20348165      0.00000212
      4.20573825      0.00000211
      4.20799485      0.00000210
      4.21025145      0.00000210
      4.21250805      0.00000209
      4.21476465      0.00000208
      4.21702125      0.00000208
      4.21927785      0.00000207
      4.22153445      0.00000206
      4.22379105      0.00000206
      4.22604765      0.00000205
      4.22830425      0.00000205
      4.23056085      0.00000204
      4.23281745      0.00000203
      4.23507405      0.00000203
      4.23733065      0.00000202
      4.23958725      0.00000201
      4.24184385      0.00000201
      4.24410045      0.00000200
      4.24635705      0.00000199
      4.24861365      0.00000199
      4.25087025      0.00000198
      4.25312685      0.00000198
      4.25538345      0.00000197
      4.25764005      0.00000196
      4.25989665      0.00000196
      4.26215325      0.00000195
      4.26440985      0.00000195
      4.26666645      0.00000194
      4.26892305      0.00000193
      4.27117965      0.00000193
      4.27343625      0.00000192
      4.27569285      0.00000191
      4.27794945      0.00000191
      4.28020605      0.00000190
      4.28246265      0.00000190
      4.28471925      0.00000189
      4.28697585      0.00000188
      4.28923245      0.00000188
      4.29148905      0.00000187
      4.29374565      0.00000187
      4.29600225      0.00000186
      4.29825885      0.00000186
      4.30051545      0.00000185
      4.30277205      0.00000184
      4.30502865      0.00000184
      4.30728525      0.00000183
      4.30954185      0.00000183
      4.31179845      0.00000182
      4.31405505      0.00000182
      4.31631165      0.00000181
      4.31856825      0.00000180
      4.32082485      0.00000180
      4.32308145      0.00000179
      4.32533805      0.00000179
      4.32759465      0.00000178
      4.32985125      0.00000178
      4.33210785      0.00000177
      4.33436445      0.00000176
      4.33662105      0.00000176
      4.33887765      0.00000175
      4.34113425      0.00000175
      4.34339085      0.00000174
      4.34564745      0.00000174
      4.34790405      0.00000173
      4.35016065      0.00000173
      4.35241725      0.00000172
      4.35467385      0.00000172
      4.35693045      0.00000171
      4.35918705      0.00000170
      4.36144365      0.00000170
      4.36370025      0.00000169
      4.36595685      0.00000169
      4.36821345      0.00000168
      4.37047005      0.00000168
      4.37272665      0.00000167
      4.37498325      0.00000167
      4.37723985      0.00000166
      4.37949645      0.00000166
      4.38175305      0.00000165
      4.38400965      0.00000165
      4.38626625      0.00000164
      4.38852285      0.00000164
      4.39077945      0.00000163
      4.39303605      0.00000162
      4.39529265      0.00000162
      4.39754925      0.00000161
      4.39980585      0.00000161
      4.40206245      0.00000160
      4.40431905      0.00000160
      4.40657565      0.00000159
      4.40883225      0.00000159
      4.41108885      0.00000158
      4.41334545      0.00000158
      4.41560205      0.00000157
      4.41785865      0.00000157
      4.42011525      0.00000156
      4.42237185      0.00000156
      4.42462845      0.00000155
      4.42688505      0.00000155
      4.42914165      0.00000154
      4.43139825      0.00000154
      4.43365485      0.00000153
      4.43591145      0.00000153
      4.43816805      0.00000152
      4.44042465      0.00000152
      4.44268125      0.00000151
      4.44493785      0.00000151
      4.44719445      0.00000150
      4.44945105      0.00000150
      4.45170765      0.00000149
      4.45396425      0.00000149
      4.45622085      0.00000148
      4.45847745      0.00000148
      4.46073405      0.00000147
      4.46299065      0.00000147
      4.46524725      0.00000147
      4.46750385      0.00000146
      4.46976045      0.00000146
      4.47201705      0.00000145
      4.47427365      0.00000145
      4.47653025      0.00000144
      4.47878685      0.00000144
      4.48104345      0.00000143
      4.48330005      0.00000143
      4.48555665      0.00000142
      4.48781325      0.00000142
      4.49006985      0.00000141
      4.49232645      0.00000141
      4.49458305      0.00000140
      4.49683965      0.00000140
      4.49909625      0.00000139
      4.50135285      0.00000139
      4.50360945      0.00000139
      4.50586605      0.00000138
      4.50812265      0.00000138
      4.51037925      0.00000137
      4.51263585      0.00000137
      4.51489245      0.00000136
      4.51714905      0.00000136
      4.51940565      0.00000135
      4.52166225      0.00000135
      4.52391885      0.00000134
      4.52617545      0.00000134
      4.52843205      0.00000133
      4.53068865      0.00000133
      4.53294525      0.00000133
      4.53520185      0.00000132
      4.53745845      0.00000132
      4.53971505      0.00000131
      4.54197165      0.00000131
      4.54422825      0.00000130
      4.54648485      0.00000130
      4.54874145      0.00000129
      4.55099805      0.00000129
      4.55325465      0.00000129
      4.55551125      0.00000128
      4.55776785      0.00000128
      4.56002445      0.00000127
      4.56228105      0.00000127
      4.56453765      0.00000126
      4.56679425      0.00000126
      4.56905085      0.00000126
      4.57130745      0.00000125
      4.57356405      0.00000125
      4.57582065      0.00000124
      4.57807725      0.00000124
      4.58033385      0.00000123
      4.58259045      0.00000123
      4.58484705      0.00000122
      4.58710365      0.00000122
      4.58936025      0.00000122
      4.59161685      0.00000121
      4.59387345      0.00000121
      4.59613005      0.00000120
      4.59838665      0.00000120
      4.60064325      0.00000120
      4.60289985      0.00000119
      4.60515645      0.00000119
      4.60741305      0.00000118
      4.60966965      0.00000118
      4.61192625      0.00000117
      4.61418285      0.00000117
      4.61643945      0.00000117
      4.61869605      0.00000116
      4.62095265      0.00000116
      4.62320925      0.00000115
      4.62546585      0.00000115
      4.62772245      0.00000115
      4.62997905      0.00000114
      4.63223565      0.00000114
      4.63449225      0.00000113
      4.63674885      0.00000113
      4.63900545      0.00000113
      4.64126205      0.00000112
      4.64351865      0.00000112
      4.64577525      0.00000111
      4.64803185      0.00000111
      4.65028845      0.00000110
      4.65254505      0.00000110
      4.65480165      0.00000110
      4.65705825      0.00000109
      4.65931485      0.00000109
      4.66157145      0.00000108
      4.66382805      0.00000108
      4.66608465      0.00000108
      4.66834125      0.00000107
      4.67059785      0.00000107
      4.67285445      0.00000107
      4.67511105      0.00000106
      4.67736765      0.00000106
      4.67962425      0.00000105
      4.68188085      0.00000105
      4.68413745      0.00000105
      4.68639405      0.00000104
      4.68865065      0.00000104
      4.69090725      0.00000103
      4.69316385      0.00000103
      4.69542045      0.00000103
      4.69767705      0.00000102
      4.69993365      0.00000102
      4.70219025      0.00000101
      4.70444685      0.00000101
      4.70670345      0.00000101
      4.70896005      0.00000100
      4.71121665      0.00000100
      4.71347325      0.00000100
      4.71572985      0.00000099
      4.71798645      0.00000099
      4.72024305      0.00000098
      4.72249965      0.00000098
      4.72475625      0.00000098
      4.72701285      0.00000097
      4.72926945      0.00000097
      4.73152605      0.00000097
      4.73378265      0.00000096
      4.73603925      0.00000096
      4.73829585      0.00000095
      4.74055245      0.00000095
      4.74280905      0.00000095
      4.74506565      0.00000094
      4.74732225      0.00000094
      4.74957885      0.00000094
      4.75183545      0.00000093
      4.75409205      0.00000093
      4.75634865      0.00000093
      4.75860525      0.00000092
      4.76086185      0.00000092
      4.76311845      0.00000091
      4.76537505      0.00000091
      4.76763165      0.00000091
      4.76988825      0.00000090
      4.77214485      0.00000090
      4.77440145      0.00000090
      4.77665805      0.00000089
      4.77891465      0.00000089
      4.78117125      0.00000089
      4.78342785      0.00000088
      4.78568445      0.00000088
      4.78794105      0.00000088
      4.79019765      0.00000087
      4.79245425      0.00000087
      4.79471085      0.00000087
      4.79696745      0.00000086
      4.79922405      0.00000086
      4.80148065      0.00000085
      4.80373725      0.00000085
      4.80599385      0.00000085
      4.80825045      0.00000084
      4.81050705      0.00000084
      4.81276365      0.00000084
      4.81502025      0.00000083
      4.81727685      0.00000083
      4.81953345      0.00000083
      4.82179005      0.00000082
      4.82404665      0.00000082
      4.82630325      0.00000082
      4.82855985      0.00000081
      4.83081645      0.00000081
      4.83307305      0.00000081
      4.83532965      0.00000080
      4.83758625      0.00000080
      4.83984285      0.00000080
      4.84209945      0.00000079
      4.84435605      0.00000079
      4.84661265      0.00000079
      4.84886925      0.00000078
      4.85112585      0.00000078
      4.85338245      0.00000078
      4.85563905      0.00000077
      4.85789565      0.00000077
      4.86015225      0.00000077
      4.86240885      0.00000077
      4.86466545      0.00000076
      4.86692205      0.00000076
      4.86917865      0.00000076
      4.87143525      0.00000075
      4.87369185      0.00000075
      4.87594845      0.00000075
      4.87820505      0.00000074
      4.88046165      0.00000074
      4.88271825      0.00000074
      4.88497485      0.00000073
      4.88723145      0.00000073
      4.88948805      0.00000073
      4.89174465      0.00000072
      4.89400125      0.00000072
      4.89625785      0.00000072
      4.89851445      0.00000071
      4.90077105      0.00000071
      4.90302765      0.00000071
      4.90528425      0.00000071
      4.90754085      0.00000070
      4.90979745      0.00000070
      4.91205405      0.00000070
      4.91431065      0.00000069
      4.91656725      0.00000069
      4.91882385      0.00000069
      4.92108045      0.00000068
      4.92333705      0.00000068
      4.92559365      0.00000068
      4.92785025      0.00000068
      4.93010685      0.00000067
      4.93236345      0.00000067
      4.93462005      0.00000067
      4.93687665      0.00000066
      4.93913325      0.00000066
      4.94138985      0.00000066
      4.94364645      0.00000065
      4.94590305      0.00000065
      4.94815965      0.00000065
      4.95041625      0.00000065
      4.95267285      0.00000064
      4.95492945      0.00000064
      4.95718605      0.00000064
      4.95944265      0.00000063
      4.96169925      0.00000063
      4.96395585      0.00000063
      4.96621245      0.00000063
      4.96846905      0.00000062
      4.97072565      0.00000062
      4.97298225      0.00000062
      4.97523885      0.00000061
      4.97749545      0.00000061
      4.97975205      0.00000061
      4.98200865      0.00000061
      4.98426525      0.00000060
      4.98652185      0.00000060
      4.98877845      0.00000060
      4.99103505      0.00000060
      4.99329165      0.00000059
      4.99554825      0.00000059
      4.99780485      0.00000059
      5.00006145      0.00000058
      5.00231805      0.00000058
      5.00457465      0.00000058
      5.00683125      0.00000058
      5.00908785      0.00000057
      5.01134445      0.00000057
      5.01360105      0.00000057
      5.01585765      0.00000057
      5.01811425      0.00000056
      5.02037085      0.00000056
      5.02262745      0.00000056
      5.02488405      0.00000056
      5.02714065      0.00000055
      5.02939725      0.00000055
      5.03165385      0.00000055
      5.03391045      0.00000054
      5.03616705      0.00000054
      5.03842365      0.00000054
      5.04068025      0.00000054
      5.04293685      0.00000053
      5.04519345      0.00000053
      5.04745005      0.00000053
      5.04970665      0.00000053
      5.05196325      0.00000052
      5.05421985      0.00000052
      5.05647645      0.00000052
      5.05873305      0.00000052
      5.06098965      0.00000051
      5.06324625      0.00000051
      5.06550285      0.00000051
      5.06775945      0.00000051
      5.07001605      0.00000050
      5.07227265      0.00000050
      5.07452925      0.00000050
      5.07678585      0.00000050
      5.07904245      0.00000049
      5.08129905      0.00000049
      5.08355565      0.00000049
      5.08581225      0.00000049
      5.08806885      0.00000049
      5.09032545      0.00000048
      5.09258205      0.00000048
      5.09483865      0.00000048
      5.09709525      0.00000048
      5.09935185      0.00000047
      5.10160845      0.00000047
      5.10386505      0.00000047
      5.10612165      0.00000047
      5.10837825      0.00000046
      5.11063485      0.00000046
      5.11289145      0.00000046
      5.11514805      0.00000046
      5.11740465      0.00000045
      5.11966125      0.00000045
      5.12191785      0.00000045
      5.12417445      0.00000045
      5.12643105      0.00000045
      5.12868765      0.00000044
      5.13094425      0.00000044
      5.13320085      0.00000044
      5.13545745      0.00000044
      5.13771405      0.00000043
      5.13997065      0.00000043
      5.14222725      0.00000043
      5.14448385      0.00000043
      5.14674045      0.00000043
      5.14899705      0.00000042
      5.15125365      0.00000042
      5.15351025      0.00000042
      5.15576685      0.00000042
      5.15802345      0.00000042
      5.16028005      0.00000041
      5.16253665      0.00000041
      5.16479325      0.00000041
      5.16704985      0.00000041
      5.16930645      0.00000040
      5.17156305      0.00000040
      5.17381965      0.00000040
      5.17607625      0.00000040
      5.17833285      0.00000040
      5.18058945      0.00000039
      5.18284605      0.00000039
      5.18510265      0.00000039
      5.18735925      0.00000039
      5.18961585      0.00000039
      5.19187245      0.00000038
      5.19412905      0.00000038
      5.19638565      0.00000038
      5.19864225      0.00000038
      5.20089885      0.00000038
      5.20315545      0.00000037
      5.20541205      0.00000037
      5.20766865      0.00000037
      5.20992525      0.00000037
      5.21218185      0.00000037
      5.21443845      0.00000036
      5.21669505      0.00000036
      5.21895165      0.00000036
      5.22120825      0.00000036
      5.22346485      0.00000036
      5.22572145      0.00000035
      5.22797805      0.00000035
      5.23023465      0.00000035
      5.23249125      0.00000035
      5.23474785      0.00000035
      5.23700445      0.00000035
      5.23926105      0.00000034
      5.24151765      0.00000034
      5.24377425      0.00000034
      5.24603085      0.00000034
      5.24828745      0.00000034
      5.25054405      0.00000033
      5.25280065      0.00000033
      5.25505725      0.00000033
      5.25731385      0.00000033
      5.25957045      0.00000033
      5.26182705      0.00000033
      5.26408365      0.00000032
      5.26634025      0.00000032
      5.26859685      0.00000032
      5.27085345      0.00000032
      5.27311005      0.00000032
      5.27536665      0.00000031
      5.27762325      0.00000031
      5.27987985      0.00000031
      5.28213645      0.00000031
      5.28439305      0.00000031
      5.28664965      0.00000031
      5.28890625      0.00000030
      5.29116285      0.00000030
      5.29341945      0.00000030
      5.29567605      0.00000030
      5.29793265      0.00000030
      5.30018925      0.00000030
      5.30244585      0.00000029
      5.30470245      0.00000029
      5.30695905      0.00000029
      5.30921565      0.00000029
      5.31147225      0.00000029
      5.31372885      0.00000029
      5.31598545      0.00000028
      5.31824205      0.00000028
      5.32049865      0.00000028
      5.32275525      0.00000028
      5.32501185      0.00000028
      5.32726845      0.00000028
      5.32952505      0.00000027
      5.33178165      0.00000027
      5.33403825      0.00000027
      5.33629485      0.00000027
      5.33855145      0.00000027
      5.34080805      0.00000027
      5.34306465      0.00000027
      5.34532125      0.00000026
      5.34757785      0.00000026
      5.34983445      0.00000026
      5.35209105      0.00000026
      5.35434765      0.00000026
      5.35660425      0.00000026
      5.35886085      0.00000025
      5.36111745      0.00000025
      5.36337405      0.00000025
      5.36563065      0.00000025
      5.36788725      0.00000025
      5.37014385      0.00000025
      5.37240045      0.00000025
      5.37465705      0.00000024
      5.37691365      0.00000024
      5.37917025      0.00000024
      5.38142685      0.00000024
      5.38368345      0.00000024
      5.38594005      0.00000024
      5.38819665      0.00000024
      5.39045325      0.00000023
      5.39270985      0.00000023
      5.39496645      0.00000023
      5.39722305      0.00000023
      5.39947965      0.00000023
      5.40173625      0.00000023
      5.40399285      0.00000023
      5.40624945      0.00000023
      5.40850605      0.00000022
      5.41076265      0.00000022
      5.41301925      0.00000022
      5.41527585      0.00000022
      5.41753245      0.00000022
      5.41978905      0.00000022
      5.42204565      0.00000022
      5.42430225      0.00000021
      5.42655885      0.00000021
      5.42881545      0.00000021
      5.43107205      0.00000021
      5.43332865      0.00000021
      5.43558525      0.00000021
      5.43784185      0.00000021
      5.44009845      0.00000021
      5.44235505      0.00000020
      5.44461165      0.00000020
      5.44686825      0.00000020
      5.44912485      0.00000020
      5.45138145      0.00000020
      5.45363805      0.00000020
      5.45589465      0.00000020
      5.45815125      0.00000020
      5.46040785      0.00000019
      5.46266445      0.00000019
      5.46492105      0.00000019
      5.46717765      0.00000019
      5.46943425      0.00000019
      5.47169085      0.00000019
      5.47394745      0.00000019
      5.47620405      0.00000019
      5.47846065      0.00000018
      5.48071725      0.00000018
      5.48297385      0.00000018
      5.48523045      0.00000018
      5.48748705      0.00000018
      5.48974365      0.00000018
      5.49200025      0.00000018
      5.49425685      0.00000018
      5.49651345      0.00000018
      5.49877005      0.00000017
      5.50102665      0.00000017
      5.50328325      0.00000017
      5.50553985      0.00000017
      5.50779645      0.00000017
      5.51005305      0.00000017
      5.51230965      0.00000017
      5.51456625      0.00000017
      5.51682285      0.00000017
      5.51907945      0.00000016
      5.52133605      0.00000016
      5.52359265      0.00000016
      5.52584925      0.00000016
      5.52810585      0.00000016
      5.53036245      0.00000016
      5.53261905      0.00000016
      5.53487565      0.00000016
      5.53713225      0.00000016
      5.53938885      0.00000016
      5.54164545      0.00000015
      5.54390205      0.00000015
      5.54615865      0.00000015
      5.54841525      0.00000015
      5.55067185      0.00000015
      5.55292845      0.00000015
      5.55518505      0.00000015
      5.55744165      0.00000015
      5.55969825      0.00000015
      5.56195485      0.00000015
      5.56421145      0.00000014
      5.56646805      0.00000014
      5.56872465      0.00000014
      5.57098125      0.00000014
      5.57323785      0.00000014
      5.57549445      0.00000014
      5.57775105      0.00000014
      5.58000765      0.00000014
      5.58226425      0.00000014
      5.58452085      0.00000014
      5.58677745      0.00000014
      5.58903405      0.00000013
      5.59129065      0.00000013
      5.59354725      0.00000013
      5.59580385      0.00000013
      5.59806045      0.00000013
      5.60031705      0.00000013
      5.60257365      0.00000013
      5.60483025      0.00000013
      5.60708685      0.00000013
      5.60934345      0.00000013
      5.61160005      0.00000013
      5.61385665      0.00000013
      5.61611325      0.00000012
