0.002    0.0    5.147e-06      0.0    1.05196e-05
0.008    0.0    5.05977e-06    0.0    1.03413e-05
0.013    0.0    2.48587e-06    0.0    5.08068e-06
0.176    0.0    2.88946e-06    0.0    5.90555e-06
0.178    0.0    2.87605e-07    0.0    5.87816e-07
0.18     0.0    2.84964e-06    0.0    5.82418e-06
0.184    0.0    2.80926e-06    0.0    5.74164e-06
0.186    0.0    1.3985e-06     0.0    2.85829e-06
0.194    0.0    2.71956e-06    0.0    5.55831e-06
0.389    0.0    1.30978e-06    0.0    2.67697e-06
0.392    0.0    1.29566e-06    0.0    2.6481e-06
0.397    0.0    1.26779e-06    0.0    2.59114e-06
0.444    0.0    1.04853e-06    0.0    2.14301e-06
0.447    0.0    1.03802e-06    0.0    2.12154e-06
0.454    0.0    1.00701e-06    0.0    2.05815e-06
0.471    0.0    4.69025e-07    0.0    9.58606e-07
0.483    0.0    4.45578e-07    0.0    9.10685e-07
0.488    0.0    8.71753e-07    0.0    1.78171e-06
0.527    0.0    7.36783e-07    0.0    1.50586e-06
0.534    0.0    7.17208e-07    0.0    1.46585e-06
0.568    0.0    3.08008e-07    0.0    6.29516e-07
0.575    0.0    5.9558e-07     0.0    1.21726e-06
0.592    0.0    2.75926e-07    0.0    5.63945e-07
0.594    0.0    2.73691e-07    0.0    5.59378e-07
0.595    0.0    5.42961e-07    0.0    1.10972e-06
0.603    0.0    7.86583e-07    0.0    1.60764e-06
0.605    0.0    5.18916e-07    0.0    1.06058e-06
0.609    0.0    5.10724e-07    0.0    1.04383e-06
0.639    0.0    2.21141e-07    0.0    4.51975e-07
0.644    0.0    4.32397e-07    0.0    8.83744e-07
0.646    0.0    2.14557e-07    0.0    4.38517e-07
0.669    0.0    1.91391e-07    0.0    3.91171e-07
0.672    0.0    1.89077e-07    0.0    3.8644e-07
0.676    0.0    3.70125e-07    0.0    7.56471e-07
0.679    0.0    1.82406e-07    0.0    3.72807e-07
0.695    0.0    1.68278e-07    0.0    3.4393e-07
0.697    0.0    3.34242e-07    0.0    6.83132e-07
0.7    0.0    6.59281e-07    0.0    1.34746e-06
0.734    0.0    1.38696e-07    0.0    2.8347e-07
0.747    0.0    2.58173e-07    0.0    5.2766e-07
0.75    0.0    2.54408e-07    0.0    5.19967e-07
0.752    0.0    2.52815e-07    0.0    5.1671e-07
0.764    0.0    2.36221e-08    0.0    4.82796e-08
0.768    0.0    1.15963e-07    0.0    2.37007e-07
0.769    0.0    1.15258e-07    0.0    2.35568e-07
0.774    0.0    2.24556e-07    0.0    4.58954e-07
0.776    0.0    2.21867e-07    0.0    4.53459e-07
0.803    0.0    1.91719e-07    0.0    3.91841e-07
0.811    0.0    1.83286e-07    0.0    3.74605e-07
0.817    0.0    1.77893e-07    0.0    3.63583e-07
0.827    0.0    8.41424e-08    0.0    1.71973e-07
0.833    0.0    1.62681e-07    0.0    3.32493e-07
0.84    0.0    1.56131e-07    0.0    3.19106e-07
0.853    0.0    7.25379e-08    0.0    1.48255e-07
0.855    0.0    1.4308e-07    0.0    2.92432e-07
0.86    0.0    1.39651e-07    0.0    2.85422e-07
0.875    0.0    1.2754e-07    0.0    2.6067e-07
0.877    0.0    1.26263e-07    0.0    2.5806e-07
0.882    0.0    1.22741e-07    0.0    2.50861e-07
0.893    0.0    1.14896e-07    0.0    2.34827e-07
0.901    0.0    1.09396e-07    0.0    2.23587e-07
0.904    0.0    8.06878e-08    0.0    1.649122e-07
0.905    0.0    1.605287e-07    0.0    3.28092e-07
0.907    0.0    1.05524e-07    0.0    2.15673e-07
0.91    0.0    5.17833e-08    0.0    1.05836e-07
0.918    0.0    9.89145e-08    0.0    2.02164e-07
0.921    0.0    9.69845e-08    0.0    1.9822e-07
0.922    0.0    9.65362e-08    0.0    1.97303e-07
0.923    0.0    4.77633e-08    0.0    9.76199e-08
0.926    0.0    9.39439e-08    0.0    1.92005e-07
0.939    0.0    8.68723e-08    0.0    1.77552e-07
0.946    0.0    8.30731e-08    0.0    1.69787e-07
0.949    0.0    4.08297e-08    0.0    8.34489e-08
0.95    0.0    2.427563e-07    0.0    4.96152e-07
0.955    0.0    3.91734e-08    0.0    8.00636e-08
0.967    0.0    7.27787e-08    0.0    1.48747e-07
0.972    0.0    7.04417e-08    0.0    1.43971e-07
0.974    0.0    3.46489e-08    0.0    7.08164e-08
0.975    0.0    6.92126e-08    0.0    1.41459e-07
0.977    0.0    6.82818e-08    0.0    1.39556e-07
0.99    0.0    1.253517e-07    0.0    2.56198e-07
1.002    0.0    1.15334e-07    0.0    2.35723e-07
1.005    0.0    5.67842e-08    0.0    1.16057e-07
1.007    0.0    2.79627e-08    0.0    5.71509e-08
1.012    0.0    5.38862e-08    0.0    1.10134e-07
1.013    0.0    5.34807e-08    0.0    1.09305e-07
1.024    0.0    7.47133e-08    0.0    1.52701e-07
1.033    0.0    4.66922e-08    0.0    9.54309e-08
1.04    0.0    4.44409e-08    0.0    9.08296e-08
1.044    0.0    1.299008e-07    0.0    2.654949e-07
1.045    0.0    4.29661e-08    0.0    8.78153e-08
1.053    0.0    4.06763e-09    0.0    8.31352e-09
1.055    0.0    4.02148e-08    0.0    8.21921e-08
1.059    0.0    1.94226e-08    0.0    3.96964e-08
1.06    0.0    3.87148e-08    0.0    7.91264e-08
1.062    0.0    3.8031e-08    0.0    7.77288e-08
1.064    0.0    3.77388e-08    0.0    7.71317e-08
1.067    0.0    3.69062e-08    0.0    7.543e-08
1.072    0.0    3.5536e-08    0.0    7.26294e-08
1.087    0.0    3.18836e-08    0.0    6.51646e-08
1.088    0.0    1.58419e-08    0.0    3.2378e-08
1.089    0.0    4.70846e-08    0.0    9.62328e-08
1.09    0.0    3.11294e-08    0.0    6.36231e-08
1.106    0.0    5.51461e-08    0.0    1.127092e-07
1.107    0.0    4.11861e-08    0.0    8.41772e-08
1.112    0.0    2.63737e-08    0.0    5.39034e-08
1.114    0.0    5.19265e-08    0.0    1.061288e-07
1.115    0.0    5.16743e-08    0.0    1.056135e-07
1.123    0.0    2.4327e-08    0.0    4.97201e-08
1.129    0.0    8.11105e-08    0.0    1.657758e-07
1.13    0.0    3.44016e-08    0.0    7.03108e-08
1.136    0.0    1.09309e-08    0.0    2.23408e-08
1.137    0.0    4.36004e-08    0.0    8.91116e-08
1.138    0.0    2.15582e-08    0.0    4.40612e-08
1.143    0.0    2.06974e-08    0.0    4.23018e-08
1.149    0.0    1.97013e-08    0.0    4.02661e-08
1.151    0.0    3.89471e-08    0.0    7.96011e-08
1.155    0.0    9.4332e-09    0.0    1.92798e-08
1.156    0.0    9.3588e-09    0.0    1.91278e-08
1.158    0.0    1.84575e-08    0.0    3.77239e-08
1.159    0.0    1.83114e-08    0.0    3.74253e-08
1.163    0.0    5.30656e-08    0.0    1.08457e-07
1.164    0.0    1.75725e-08    0.0    3.59151e-08
1.181    0.0    2.27537e-08    0.0    4.65046e-08
1.182    0.0    1.51319e-08    0.0    3.0927e-08
1.193    0.0    1.37225e-08    0.0    2.80465e-08
1.199    0.0    2.619646e-08    0.0    5.35411e-08
1.209    0.0    2.39283e-08    0.0    4.89052e-08
1.21    0.0    4.75937e-08    0.0    9.72734e-08
1.215    0.0    1.13623e-08    0.0    2.32226e-08
1.216    0.0    1.13291e-08    0.0    2.31547e-08
1.224    0.0    3.14337e-08    0.0    6.42451e-08
1.225    0.0    2.184927e-08    0.0    4.465626e-08
1.229    0.0    5.01889e-09    0.0    1.02577e-08
1.234    0.0    2.405036e-08    0.0    4.91548e-08
1.239    0.0    4.59829e-09    0.0    9.39812e-09
1.24    0.0    2.052082e-08    0.0    4.194098e-08
1.244    0.0    8.80162e-09    0.0    1.7989e-08
1.248    0.0    3.38998e-08    0.0    6.92854e-08
1.253    0.0    2.424366e-08    0.0    4.954984e-08
1.254    0.0    4.01486e-09    0.0    8.20568e-09
1.269    0.0    2.090811e-08    0.0    4.27326e-08
1.273    0.0    3.346e-09    0.0    6.83864e-09
1.274    0.0    3.32718e-09    0.0    6.80018e-09
1.285    0.0    1.191785e-08    0.0    2.43581e-08
1.289    0.0    2.86257e-09    0.0    5.8506e-09
1.29    0.0    2.84225e-09    0.0    5.80906e-09
1.292    0.0    1.113597e-08    0.0    2.276e-08
1.299    0.0    2.081425e-08    0.0    4.254064e-08
1.309    0.0    1.641057e-08    0.0    3.35404e-08
1.318    0.0    4.26748e-09    0.0    8.72198e-09
1.319    0.0    2.11937e-08    0.0    4.331627e-08
1.332    0.0    3.71404e-09    0.0    7.59085e-09
1.337    0.0    7.00352e-09    0.0    1.431401e-08
1.338    0.0    3.45562e-10    0.0    7.0627e-10
1.345    0.0    1.60822e-09    0.0    3.28692e-09
1.346    0.0    4.78698e-09    0.0    9.78376e-09
1.353    0.0    1.469e-09    0.0    3.00237e-09
1.354    0.0    2.91922e-09    0.0    5.96637e-09
1.383    0.0    2.10136e-09    0.0    4.29483e-09
1.419    0.0    1.35764e-10    0.0    2.77478e-10
0.0      0.0 0.0 0.0 0.0
0.0      0.0 0.0 0.0 0.0
0.0      0.0 0.0 0.0 0.0
0.0      0.0 0.0 0.0 0.0
0.0      0.0 0.0 0.0 0.0
0.0      0.0 0.0 0.0 0.0
0.0      0.0 0.0 0.0 0.0
0.0      0.0 0.0 0.0 0.0
0.0      0.0 0.0 0.0 0.0
0.0      0.0 0.0 0.0 0.0
0.0      0.0 0.0 0.0 0.0
0.0      0.0 0.0 0.0 0.0
0.0      0.0 0.0 0.0 0.0
0.0      0.0 0.0 0.0 0.0
0.0      0.0 0.0 0.0 0.0
0.0      0.0 0.0 0.0 0.0
0.0      0.0 0.0 0.0 0.0
0.0      0.0 0.0 0.0 0.0
0.0      0.0 0.0 0.0 0.0
0.0      0.0 0.0 0.0 0.0
0.0      0.0 0.0 0.0 0.0
0.0      0.0 0.0 0.0 0.0
0.0      0.0 0.0 0.0 0.0
0.0      0.0 0.0 0.0 0.0
0.0      0.0 0.0 0.0 0.0
0.0      0.0 0.0 0.0 0.0
0.0      0.0 0.0 0.0 0.0
0.0      0.0 0.0 0.0 0.0
0.0      0.0 0.0 0.0 0.0
