0.343    7.33902979351e-06    0.0    0.0    0.0
0.776    1.86265160802e-06    0.0    0.0    0.0
0.867    0.0    4.86171606754e-05    1.50185197345e-05    0.0
1.033    6.99417713301e-07    0.0    0.0    0.0
1.209    6.7701871109e-07    0.0    0.0    0.0
1.339    6.86883057987e-08    0.0    0.0    0.0
1.44    3.03285741893e-07    0.0    0.0    0.0
1.522    4.33948742353e-08    0.0    0.0    0.0
1.589    1.18713402846e-07    0.0    0.0    0.0
1.646    6.2195168782e-08    0.0    0.0    0.0
1.695    3.42448075958e-08    0.0    0.0    0.0
1.738    2.69738932133e-08    0.0    0.0    0.0
1.776    6.82045823403e-08    0.0    0.0    0.0
1.839    2.67553540771e-08    0.0    0.0    0.0
1.843    0.0    1.1742450682e-05    3.61847970267e-06    0.0
1.867    5.88207657024e-09    0.0    0.0    0.0
1.892    1.77619206713e-08    0.0    0.0    0.0
1.914    9.19808780197e-09    0.0    0.0    0.0
1.935    1.76251890585e-08    0.0    0.0    0.0
1.955    5.44592368044e-09    0.0    0.0    0.0
1.973    7.94884320324e-09    0.0    0.0    0.0
1.989    3.388336189e-09    0.0    0.0    0.0
2.005    5.69574548201e-09    0.0    0.0    0.0
2.02    8.13852436918e-10    0.0    0.0    0.0
2.033    7.60726499502e-09    0.0    0.0    0.0
2.046    1.55291586573e-09    0.0    0.0    0.0
2.059    6.24808510954e-09    0.0    0.0    0.0
2.07    2.68904115344e-09    0.0    0.0    0.0
2.081    9.94093992286e-10    0.0    0.0    0.0
2.101    3.2833683479e-09    0.0    0.0    0.0
2.111    2.53078408916e-10    0.0    0.0    0.0
2.12    2.50109038947e-09    0.0    0.0    0.0
2.128    1.08668954261e-09    0.0    0.0    0.0
2.137    1.02731149714e-09    0.0    0.0    0.0
2.145    6.38782134555e-10    0.0    0.0    0.0
2.152    1.75238024088e-09    0.0    0.0    0.0
2.159    3.02762479947e-10    0.0    0.0    0.0
2.166    5.26960698398e-10    0.0    0.0    0.0
2.173    1.99305238154e-10    0.0    0.0    0.0
2.179    2.22920583619e-10    0.0    0.0    0.0
2.186    3.17987012687e-10    0.0    0.0    0.0
2.192    4.89696246026e-10    0.0    0.0    0.0
2.198    1.53040034411e-10    0.0    0.0    0.0
2.203    4.73963187478e-10    0.0    0.0    0.0
2.214    1.74975614464e-10    0.0    0.0    0.0
2.219    8.40677251864e-11    0.0    0.0    0.0
2.224    1.5906324081e-10    0.0    0.0    0.0
2.229    5.58177079733e-11    0.0    0.0    0.0
2.233    5.08054854335e-11    0.0    0.0    0.0
2.238    8.07365897387e-11    0.0    0.0    0.0
2.259    4.50153155043e-11    0.0    0.0    0.0
2.276    0.0    2.98024166559e-06    9.20091559279e-07    0.0
2.283    4.78350703687e-12    0.0    0.0    0.0
2.367    0.0    0.0    0.0    2.40296332676e-05
2.533    0.0    1.11906811715e-06    3.44298697324e-07    0.0
2.709    0.0    1.08323006592e-06    3.33421373573e-07    0.0
2.839    0.0    1.09901283169e-07    3.39939534346e-08    0.0
2.94    0.0    4.85257218371e-07    1.49856405311e-07    0.0
3.022    0.0    6.94318155522e-08    2.13620204613e-08    0.0
3.089    0.0    1.89941434705e-07    5.86097379517e-08    0.0
3.146    0.0    9.95122936945e-08    3.06913192363e-08    0.0
3.195    0.0    5.4791694797e-08    1.69560956455e-08    0.0
3.238    0.0    4.31582238227e-08    1.33507732981e-08    0.0
3.276    0.0    1.0912732756e-07    3.37263376275e-08    0.0
3.339    0.0    4.28085736049e-08    1.32428740703e-08    0.0
3.343    0.0    0.0    0.0    5.78957011707e-06
3.367    0.0    9.41131988446e-09    2.90970985831e-09    0.0
3.392    0.0    2.84190715759e-08    8.79620369263e-09    0.0
3.414    0.0    1.47169390747e-08    4.5559300403e-09    0.0
3.435    0.0    2.82003008783e-08    8.73361937456e-09    0.0
3.455    0.0    8.7134763132e-09    2.69610029534e-09    0.0
3.473    0.0    1.27181488985e-08    3.94130321341e-09    0.0
3.489    0.0    5.42133784146e-09    1.68019985369e-09    0.0
3.505    0.0    9.11319115144e-09    2.82482239911e-09    0.0
3.52    0.0    1.30216378117e-09    4.03856386354e-10    0.0
3.533    0.0    1.21716208401e-08    3.7734813885e-09    0.0
3.546    0.0    2.48466510155e-09    7.712503126e-10    0.0
3.559    0.0    9.99693556022e-09    3.10072714824e-09    0.0
3.57    0.0    4.3024668051e-09    1.33499684311e-09    0.0
3.581    0.0    1.59055025621e-09    4.93808802959e-10    0.0
3.601    0.0    5.25338858094e-09    1.63118121594e-09    0.0
3.611    0.0    4.04926155842e-10    1.25489097669e-10    0.0
3.62    0.0    4.00174502375e-09    1.24268068205e-09    0.0
3.628    0.0    1.73870318239e-09    5.39971893394e-10    0.0
3.637    0.0    1.64369837973e-09    5.10565914409e-10    0.0
3.645    0.0    1.02205164905e-09    3.17460825453e-10    0.0
3.652    0.0    2.80380913122e-09    8.71241283484e-10    0.0
3.659    0.0    4.84419990033e-10    1.50614665993e-10    0.0
3.666    0.0    8.43137341432e-10    2.62135573122e-10    0.0
3.673    0.0    3.18888392924e-10    9.91767614233e-11    0.0
3.679    0.0    3.56673203487e-10    1.10813212432e-10    0.0
3.686    0.0    5.0877912816e-10    1.58214644184e-10    0.0
3.692    0.0    7.83513695588e-10    2.4368802432e-10    0.0
3.698    0.0    2.44864042928e-10    7.61281762536e-11    0.0
3.703    0.0    7.58341113742e-10    2.35844526451e-10    0.0
3.714    0.0    2.79960773236e-10    8.71005603077e-11    0.0
3.719    0.0    1.34508392275e-10    4.18084706478e-11    0.0
3.724    0.0    2.54501231143e-10    7.91818037252e-11    0.0
3.729    0.0    8.93083326551e-11    2.78023051369e-11    0.0
3.733    0.0    8.12887845085e-11    2.53030523692e-11    0.0
3.738    0.0    1.29178533428e-10    4.02088878894e-11    0.0
3.759    0.0    7.20245326965e-11    2.24285474303e-11    0.0
3.776    0.0    0.0    0.0    1.47214682245e-06
3.783    0.0    7.65362165736e-12    2.38411901317e-12    0.0
4.033    0.0    0.0    0.0    5.5087808339e-07
4.209    0.0    0.0    0.0    5.33474398824e-07
4.339    0.0    0.0    0.0    5.43903059227e-08
4.44    0.0    0.0    0.0    2.39770226089e-07
4.522    0.0    0.0    0.0    3.4179206944e-08
4.589    0.0    0.0    0.0    9.37756210307e-08
4.646    0.0    0.0    0.0    4.91061085865e-08
4.695    0.0    0.0    0.0    2.71297473147e-08
4.738    0.0    0.0    0.0    2.13612392711e-08
4.776    0.0    0.0    0.0    5.39621488994e-08
4.839    0.0    0.0    0.0    2.11885944105e-08
4.867    0.0    0.0    0.0    4.65553799518e-09
4.892    0.0    0.0    0.0    1.40739295056e-08
4.914    0.0    0.0    0.0    7.28949006739e-09
4.935    0.0    0.0    0.0    1.39737933791e-08
4.955    0.0    0.0    0.0    4.31376042375e-09
4.973    0.0    0.0    0.0    6.30608557385e-09
4.989    0.0    0.0    0.0    2.68831972775e-09
5.005    0.0    0.0    0.0    4.51971529857e-09
5.02    0.0    0.0    0.0    6.46170167806e-10
5.033    0.0    0.0    0.0    6.03757111978e-09
5.046    0.0    0.0    0.0    1.23400032612e-09
5.059    0.0    0.0    0.0    4.96116327196e-09
5.07    0.0    0.0    0.0    2.13599536981e-09
5.081    0.0    0.0    0.0    7.90094691143e-10
5.101    0.0    0.0    0.0    2.6098890123e-09
5.111    0.0    0.0    0.0    2.00782490356e-10
5.12    0.0    0.0    0.0    1.98828947576e-09
5.128    0.0    0.0    0.0    8.63955427237e-10
5.137    0.0    0.0    0.0    8.16905300937e-10
5.145    0.0    0.0    0.0    5.07937287019e-10
5.152    0.0    0.0    0.0    1.39398602108e-09
5.159    0.0    0.0    0.0    2.40983439662e-10
5.166    0.0    0.0    0.0    4.19416893193e-10
5.173    0.0    0.0    0.0    1.58682812331e-10
5.179    0.0    0.0    0.0    1.77301167904e-10
5.186    0.0    0.0    0.0    2.53143532185e-10
5.192    0.0    0.0    0.0    3.89900867053e-10
5.198    0.0    0.0    0.0    1.21805083951e-10
5.203    0.0    0.0    0.0    3.77351298005e-10
5.214    0.0    0.0    0.0    1.3936088248e-10
5.219    0.0    0.0    0.0    6.68935491355e-11
5.224    0.0    0.0    0.0    1.26690872738e-10
5.229    0.0    0.0    0.0    4.44836602657e-11
5.233    0.0    0.0    0.0    4.04848597357e-11
5.238    0.0    0.0    0.0    6.43342347559e-11
5.259    0.0    0.0    0.0    3.58856819398e-11
5.283    0.0    0.0    0.0    3.81458901701e-12
