      0.00182585      0.00001364
      0.00426032      0.00001377
      0.00669480      0.00001391
      0.00912927      0.00001404
      0.01156374      0.00001418
      0.01399821      0.00001431
      0.01643268      0.00001445
      0.01886715      0.00001459
      0.02130162      0.00001473
      0.02373609      0.00001487
      0.02617057      0.00001501
      0.02860504      0.00001515
      0.03103951      0.00001530
      0.03347398      0.00001544
      0.03590845      0.00001559
      0.03834292      0.00001573
      0.04077739      0.00001588
      0.04321187      0.00001603
      0.04564634      0.00001618
      0.04808081      0.00001633
      0.05051528      0.00001648
      0.05294975      0.00001663
      0.05538422      0.00001679
      0.05781869      0.00001694
      0.06025316      0.00001710
      0.06268764      0.00001725
      0.06512211      0.00001741
      0.06755658      0.00001757
      0.06999105      0.00001773
      0.07242552      0.00001789
      0.07485999      0.00001805
      0.07729446      0.00001822
      0.07972893      0.00001838
      0.08216341      0.00001854
      0.08459788      0.00001871
      0.08703235      0.00001888
      0.08946682      0.00001905
      0.09190129      0.00001922
      0.09433576      0.00001939
      0.09677023      0.00001956
      0.09920470      0.00001973
      0.10163918      0.00001990
      0.10407365      0.00002008
      0.10650812      0.00002026
      0.10894259      0.00002043
      0.11137706      0.00002061
      0.11381153      0.00002079
      0.11624600      0.00002097
      0.11868047      0.00002115
      0.12111495      0.00002133
      0.12354942      0.00002152
      0.12598389      0.00002170
      0.12841836      0.00002189
      0.13085283      0.00002207
      0.13328730      0.00002226
      0.13572177      0.00002245
      0.13815625      0.00002264
      0.14059072      0.00002283
      0.14302519      0.00002302
      0.14545966      0.00002322
      0.14789413      0.00002341
      0.15032860      0.00002361
      0.15276307      0.00002380
      0.15519754      0.00002400
      0.15763202      0.00002420
      0.16006649      0.00002440
      0.16250096      0.00002460
      0.16493543      0.00002480
      0.16736990      0.00002501
      0.16980437      0.00002521
      0.17223884      0.00002542
      0.17467331      0.00002562
      0.17710779      0.00002583
      0.17954226      0.00002604
      0.18197673      0.00002625
      0.18441120      0.00002646
      0.18684567      0.00002667
      0.18928014      0.00002688
      0.19171461      0.00002710
      0.19414908      0.00002731
      0.19658356      0.00002753
      0.19901803      0.00002775
      0.20145250      0.00002797
      0.20388697      0.00002819
      0.20632144      0.00002841
      0.20875591      0.00002863
      0.21119038      0.00002885
      0.21362485      0.00002907
      0.21605933      0.00002930
      0.21849380      0.00002952
      0.22092827      0.00002975
      0.22336274      0.00002998
      0.22579721      0.00003021
      0.22823168      0.00003044
      0.23066615      0.00003067
      0.23310063      0.00003090
      0.23553510      0.00003114
      0.23796957      0.00003137
      0.24040404      0.00003161
      0.24283851      0.00003184
      0.24527298      0.00003208
      0.24770745      0.00003232
      0.25014192      0.00003256
      0.25257640      0.00003280
      0.25501087      0.00003304
      0.25744534      0.00003328
      0.25987981      0.00003353
      0.26231428      0.00003377
      0.26474875      0.00003402
      0.26718322      0.00003426
      0.26961769      0.00003451
      0.27205217      0.00003476
      0.27448664      0.00003501
      0.27692111      0.00003526
      0.27935558      0.00003551
      0.28179005      0.00003576
      0.28422452      0.00003602
      0.28665899      0.00003627
      0.28909346      0.00003653
      0.29152794      0.00003678
      0.29396241      0.00003704
      0.29639688      0.00003730
      0.29883135      0.00003756
      0.30126582      0.00003782
      0.30370029      0.00003808
      0.30613476      0.00003834
      0.30856923      0.00003861
      0.31100371      0.00003887
      0.31343818      0.00003914
      0.31587265      0.00003940
      0.31830712      0.00003967
      0.32074159      0.00003994
      0.32317606      0.00004020
      0.32561053      0.00004047
      0.32804501      0.00004074
      0.33047948      0.00004101
      0.33291395      0.00004129
      0.33534842      0.00004156
      0.33778289      0.00004183
      0.34021736      0.00004211
      0.34265183      0.00004238
      0.34508630      0.00004266
      0.34752078      0.00004293
      0.34995525      0.00004321
      0.35238972      0.00004349
      0.35482419      0.00004377
      0.35725866      0.00004405
      0.35969313      0.00004433
      0.36212760      0.00004461
      0.36456207      0.00004490
      0.36699655      0.00004518
      0.36943102      0.00004546
      0.37186549      0.00004575
      0.37429996      0.00004603
      0.37673443      0.00004632
      0.37916890      0.00004660
      0.38160337      0.00004689
      0.38403784      0.00004718
      0.38647232      0.00004747
      0.38890679      0.00004776
      0.39134126      0.00004805
      0.39377573      0.00004834
      0.39621020      0.00004863
      0.39864467      0.00004892
      0.40107914      0.00004921
      0.40351361      0.00004951
      0.40594809      0.00004980
      0.40838256      0.00005010
      0.41081703      0.00005039
      0.41325150      0.00005069
      0.41568597      0.00005098
      0.41812044      0.00005128
      0.42055491      0.00005158
      0.42298938      0.00005187
      0.42542386      0.00005217
      0.42785833      0.00005247
      0.43029280      0.00005277
      0.43272727      0.00005307
      0.43516174      0.00005337
      0.43759621      0.00005367
      0.44003068      0.00005397
      0.44246516      0.00005427
      0.44489963      0.00005458
      0.44733410      0.00005488
      0.44976857      0.00005518
      0.45220304      0.00005548
      0.45463751      0.00005579
      0.45707198      0.00005609
      0.45950645      0.00005640
      0.46194093      0.00005670
      0.46437540      0.00005701
      0.46680987      0.00005731
      0.46924434      0.00005762
      0.47167881      0.00005792
      0.47411328      0.00005823
      0.47654775      0.00005853
      0.47898222      0.00005884
      0.48141670      0.00005915
      0.48385117      0.00005945
      0.48628564      0.00005976
      0.48872011      0.00006007
      0.49115458      0.00006038
      0.49358905      0.00006068
      0.49602352      0.00006099
      0.49845799      0.00006130
      0.50089247      0.00006161
      0.50332694      0.00006192
      0.50576141      0.00006223
      0.50819588      0.00006253
      0.51063035      0.00006284
      0.51306482      0.00006315
      0.51549929      0.00006346
      0.51793376      0.00006377
      0.52036824      0.00006408
      0.52280271      0.00006439
      0.52523718      0.00006470
      0.52767165      0.00006500
      0.53010612      0.00006531
      0.53254059      0.00006562
      0.53497506      0.00006593
      0.53740954      0.00006624
      0.53984401      0.00006655
      0.54227848      0.00006686
      0.54471295      0.00006716
      0.54714742      0.00006747
      0.54958189      0.00006778
      0.55201636      0.00006809
      0.55445083      0.00006840
      0.55688531      0.00006870
      0.55931978      0.00006901
      0.56175425      0.00006932
      0.56418872      0.00006962
      0.56662319      0.00006993
      0.56905766      0.00007024
      0.57149213      0.00007054
      0.57392660      0.00007085
      0.57636108      0.00007115
      0.57879555      0.00007146
      0.58123002      0.00007176
      0.58366449      0.00007207
      0.58609896      0.00007237
      0.58853343      0.00007267
      0.59096790      0.00007298
      0.59340237      0.00007328
      0.59583685      0.00007358
      0.59827132      0.00007388
      0.60070579      0.00007418
      0.60314026      0.00007448
      0.60557473      0.00007478
      0.60800920      0.00007508
      0.61044367      0.00007538
      0.61287814      0.00007568
      0.61531262      0.00007598
      0.61774709      0.00007628
      0.62018156      0.00007657
      0.62261603      0.00007687
      0.62505050      0.00007716
      0.62748497      0.00007746
      0.62991944      0.00007775
      0.63235392      0.00007804
      0.63478839      0.00007834
      0.63722286      0.00007863
      0.63965733      0.00007892
      0.64209180      0.00007921
      0.64452627      0.00007950
      0.64696074      0.00007979
      0.64939521      0.00008008
      0.65182969      0.00008036
      0.65426416      0.00008065
      0.65669863      0.00008094
      0.65913310      0.00008122
      0.66156757      0.00008150
      0.66400204      0.00008179
      0.66643651      0.00008207
      0.66887098      0.00008235
      0.67130546      0.00008263
      0.67373993      0.00008291
      0.67617440      0.00008319
      0.67860887      0.00008346
      0.68104334      0.00008374
      0.68347781      0.00008401
      0.68591228      0.00008429
      0.68834675      0.00008456
      0.69078123      0.00008483
      0.69321570      0.00008510
      0.69565017      0.00008537
      0.69808464      0.00008564
      0.70051911      0.00008591
      0.70295358      0.00008618
      0.70538805      0.00008644
      0.70782252      0.00008670
      0.71025700      0.00008697
      0.71269147      0.00008723
      0.71512594      0.00008749
      0.71756041      0.00008775
      0.71999488      0.00008800
      0.72242935      0.00008826
      0.72486382      0.00008852
      0.72729830      0.00008877
      0.72973277      0.00008902
      0.73216724      0.00008927
      0.73460171      0.00008952
      0.73703618      0.00008977
      0.73947065      0.00009002
      0.74190512      0.00009026
      0.74433959      0.00009051
      0.74677407      0.00009075
      0.74920854      0.00009099
      0.75164301      0.00009123
      0.75407748      0.00009147
      0.75651195      0.00009170
      0.75894642      0.00009194
      0.76138089      0.00009217
      0.76381536      0.00009240
      0.76624984      0.00009264
      0.76868431      0.00009286
      0.77111878      0.00009309
      0.77355325      0.00009332
      0.77598772      0.00009354
      0.77842219      0.00009376
      0.78085666      0.00009398
      0.78329113      0.00009420
      0.78572561      0.00009442
      0.78816008      0.00009464
      0.79059455      0.00009485
      0.79302902      0.00009506
      0.79546349      0.00009527
      0.79789796      0.00009548
      0.80033243      0.00009569
      0.80276690      0.00009590
      0.80520138      0.00009610
      0.80763585      0.00009630
      0.81007032      0.00009650
      0.81250479      0.00009670
      0.81493926      0.00009690
      0.81737373      0.00009709
      0.81980820      0.00009728
      0.82224267      0.00009748
      0.82467715      0.00009767
      0.82711162      0.00009785
      0.82954609      0.00009804
      0.83198056      0.00009822
      0.83441503      0.00009840
      0.83684950      0.00009858
      0.83928397      0.00009876
      0.84171845      0.00009894
      0.84415292      0.00009911
      0.84658739      0.00009928
      0.84902186      0.00009945
      0.85145633      0.00009962
      0.85389080      0.00009978
      0.85632527      0.00009995
      0.85875974      0.00010011
      0.86119422      0.00010027
      0.86362869      0.00010043
      0.86606316      0.00010058
      0.86849763      0.00010074
      0.87093210      0.00010089
      0.87336657      0.00010104
      0.87580104      0.00010118
      0.87823551      0.00010133
      0.88066999      0.00010147
      0.88310446      0.00010161
      0.88553893      0.00010175
      0.88797340      0.00010189
      0.89040787      0.00010202
      0.89284234      0.00010216
      0.89527681      0.00010229
      0.89771128      0.00010241
      0.90014576      0.00010254
      0.90258023      0.00010266
      0.90501470      0.00010278
      0.90744917      0.00010290
      0.90988364      0.00010302
      0.91231811      0.00010314
      0.91475258      0.00010325
      0.91718705      0.00010336
      0.91962153      0.00010347
      0.92205600      0.00010357
      0.92449047      0.00010368
      0.92692494      0.00010378
      0.92935941      0.00010388
      0.93179388      0.00010397
      0.93422835      0.00010407
      0.93666283      0.00010416
      0.93909730      0.00010425
      0.94153177      0.00010434
      0.94396624      0.00010442
      0.94640071      0.00010451
      0.94883518      0.00010459
      0.95126965      0.00010467
      0.95370412      0.00010474
      0.95613860      0.00010482
      0.95857307      0.00010489
      0.96100754      0.00010496
      0.96344201      0.00010503
      0.96587648      0.00010509
      0.96831095      0.00010515
      0.97074542      0.00010521
      0.97317989      0.00010527
      0.97561437      0.00010533
      0.97804884      0.00010538
      0.98048331      0.00010543
      0.98291778      0.00010548
      0.98535225      0.00010552
      0.98778672      0.00010557
      0.99022119      0.00010561
      0.99265566      0.00010565
      0.99509014      0.00010569
      0.99752461      0.00010572
      0.99995908      0.00010575
      1.00239355      0.00010578
      1.00482802      0.00010581
      1.00726249      0.00010583
      1.00969696      0.00010586
      1.01213143      0.00010588
      1.01456591      0.00010589
      1.01700038      0.00010591
      1.01943485      0.00010592
      1.02186932      0.00010593
      1.02430379      0.00010594
      1.02673826      0.00010595
      1.02917273      0.00010595
      1.03160721      0.00010595
      1.03404168      0.00010595
      1.03647615      0.00010595
      1.03891062      0.00010594
      1.04134509      0.00010594
      1.04377956      0.00010593
      1.04621403      0.00010591
      1.04864850      0.00010590
      1.05108298      0.00010588
      1.05351745      0.00010586
      1.05595192      0.00010584
      1.05838639      0.00010582
      1.06082086      0.00010579
      1.06325533      0.00010576
      1.06568980      0.00010573
      1.06812427      0.00010570
      1.07055875      0.00010566
      1.07299322      0.00010562
      1.07542769      0.00010558
      1.07786216      0.00010554
      1.08029663      0.00010550
      1.08273110      0.00010545
      1.08516557      0.00010540
      1.08760004      0.00010535
      1.09003452      0.00010529
      1.09246899      0.00010524
      1.09490346      0.00010518
      1.09733793      0.00010512
      1.09977240      0.00010506
      1.10220687      0.00010499
      1.10464134      0.00010493
      1.10707581      0.00010486
      1.10951029      0.00010478
      1.11194476      0.00010471
      1.11437923      0.00010463
      1.11681370      0.00010456
      1.11924817      0.00010448
      1.12168264      0.00010439
      1.12411711      0.00010431
      1.12655159      0.00010422
      1.12898606      0.00010413
      1.13142053      0.00010404
      1.13385500      0.00010395
      1.13628947      0.00010386
      1.13872394      0.00010376
      1.14115841      0.00010366
      1.14359288      0.00010356
      1.14602736      0.00010346
      1.14846183      0.00010335
      1.15089630      0.00010324
      1.15333077      0.00010313
      1.15576524      0.00010302
      1.15819971      0.00010291
      1.16063418      0.00010279
      1.16306865      0.00010268
      1.16550313      0.00010256
      1.16793760      0.00010243
      1.17037207      0.00010231
      1.17280654      0.00010219
      1.17524101      0.00010206
      1.17767548      0.00010193
      1.18010995      0.00010180
      1.18254442      0.00010167
      1.18497890      0.00010153
      1.18741337      0.00010139
      1.18984784      0.00010126
      1.19228231      0.00010112
      1.19471678      0.00010097
      1.19715125      0.00010083
      1.19958572      0.00010068
      1.20202019      0.00010054
      1.20445467      0.00010039
      1.20688914      0.00010024
      1.20932361      0.00010008
      1.21175808      0.00009993
      1.21419255      0.00009977
      1.21662702      0.00009961
      1.21906149      0.00009945
      1.22149596      0.00009929
      1.22393044      0.00009913
      1.22636491      0.00009897
      1.22879938      0.00009880
      1.23123385      0.00009863
      1.23366832      0.00009846
      1.23610279      0.00009829
      1.23853726      0.00009812
      1.24097174      0.00009794
      1.24340621      0.00009777
      1.24584068      0.00009759
      1.24827515      0.00009741
      1.25070962      0.00009723
      1.25314409      0.00009705
      1.25557856      0.00009686
      1.25801303      0.00009668
      1.26044751      0.00009649
      1.26288198      0.00009631
      1.26531645      0.00009612
      1.26775092      0.00009593
      1.27018539      0.00009573
      1.27261986      0.00009554
      1.27505433      0.00009535
      1.27748880      0.00009515
      1.27992328      0.00009495
      1.28235775      0.00009475
      1.28479222      0.00009456
      1.28722669      0.00009435
      1.28966116      0.00009415
      1.29209563      0.00009395
      1.29453010      0.00009374
      1.29696457      0.00009354
      1.29939905      0.00009333
      1.30183352      0.00009312
      1.30426799      0.00009291
      1.30670246      0.00009270
      1.30913693      0.00009249
      1.31157140      0.00009228
      1.31400587      0.00009206
      1.31644034      0.00009185
      1.31887482      0.00009163
      1.32130929      0.00009142
      1.32374376      0.00009120
      1.32617823      0.00009098
      1.32861270      0.00009076
      1.33104717      0.00009054
      1.33348164      0.00009032
      1.33591612      0.00009010
      1.33835059      0.00008987
      1.34078506      0.00008965
      1.34321953      0.00008942
      1.34565400      0.00008920
      1.34808847      0.00008897
      1.35052294      0.00008874
      1.35295741      0.00008851
      1.35539189      0.00008828
      1.35782636      0.00008805
      1.36026083      0.00008782
      1.36269530      0.00008759
      1.36512977      0.00008736
      1.36756424      0.00008713
      1.36999871      0.00008689
      1.37243318      0.00008666
      1.37486766      0.00008642
      1.37730213      0.00008619
      1.37973660      0.00008595
      1.38217107      0.00008572
      1.38460554      0.00008548
      1.38704001      0.00008524
      1.38947448      0.00008500
      1.39190895      0.00008477
      1.39434343      0.00008453
      1.39677790      0.00008429
      1.39921237      0.00008405
      1.40164684      0.00008381
      1.40408131      0.00008357
      1.40651578      0.00008333
      1.40895025      0.00008308
      1.41138472      0.00008284
      1.41381920      0.00008260
      1.41625367      0.00008236
      1.41868814      0.00008211
      1.42112261      0.00008187
      1.42355708      0.00008163
      1.42599155      0.00008139
      1.42842602      0.00008114
      1.43086050      0.00008090
      1.43329497      0.00008065
      1.43572944      0.00008041
      1.43816391      0.00008016
      1.44059838      0.00007992
      1.44303285      0.00007968
      1.44546732      0.00007943
      1.44790179      0.00007919
      1.45033627      0.00007894
      1.45277074      0.00007870
      1.45520521      0.00007845
      1.45763968      0.00007821
      1.46007415      0.00007796
      1.46250862      0.00007772
      1.46494309      0.00007747
      1.46737756      0.00007723
      1.46981204      0.00007698
      1.47224651      0.00007674
      1.47468098      0.00007649
      1.47711545      0.00007625
      1.47954992      0.00007600
      1.48198439      0.00007576
      1.48441886      0.00007552
      1.48685333      0.00007527
      1.48928781      0.00007503
      1.49172228      0.00007479
      1.49415675      0.00007454
      1.49659122      0.00007430
      1.49902569      0.00007406
      1.50146016      0.00007382
      1.50389463      0.00007357
      1.50632910      0.00007333
      1.50876358      0.00007309
      1.51119805      0.00007285
      1.51363252      0.00007261
      1.51606699      0.00007237
      1.51850146      0.00007213
      1.52093593      0.00007189
      1.52337040      0.00007165
      1.52580488      0.00007142
      1.52823935      0.00007118
      1.53067382      0.00007094
      1.53310829      0.00007070
      1.53554276      0.00007047
      1.53797723      0.00007023
      1.54041170      0.00007000
      1.54284617      0.00006976
      1.54528065      0.00006953
      1.54771512      0.00006929
      1.55014959      0.00006906
      1.55258406      0.00006883
      1.55501853      0.00006860
      1.55745300      0.00006837
      1.55988747      0.00006814
      1.56232194      0.00006791
      1.56475642      0.00006768
      1.56719089      0.00006745
      1.56962536      0.00006722
      1.57205983      0.00006700
      1.57449430      0.00006677
      1.57692877      0.00006655
      1.57936324      0.00006632
      1.58179771      0.00006610
      1.58423219      0.00006587
      1.58666666      0.00006565
      1.58910113      0.00006543
      1.59153560      0.00006521
      1.59397007      0.00006499
      1.59640454      0.00006477
      1.59883901      0.00006456
      1.60127348      0.00006434
      1.60370796      0.00006412
      1.60614243      0.00006391
      1.60857690      0.00006369
      1.61101137      0.00006348
      1.61344584      0.00006327
      1.61588031      0.00006306
      1.61831478      0.00006285
      1.62074925      0.00006264
      1.62318373      0.00006243
      1.62561820      0.00006222
      1.62805267      0.00006202
      1.63048714      0.00006181
      1.63292161      0.00006161
      1.63535608      0.00006140
      1.63779055      0.00006120
      1.64022503      0.00006100
      1.64265950      0.00006080
      1.64509397      0.00006060
      1.64752844      0.00006040
      1.64996291      0.00006021
      1.65239738      0.00006001
      1.65483185      0.00005982
      1.65726632      0.00005962
      1.65970080      0.00005943
      1.66213527      0.00005924
      1.66456974      0.00005905
      1.66700421      0.00005886
      1.66943868      0.00005867
      1.67187315      0.00005849
      1.67430762      0.00005830
      1.67674209      0.00005812
      1.67917657      0.00005794
      1.68161104      0.00005775
      1.68404551      0.00005757
      1.68647998      0.00005739
      1.68891445      0.00005722
      1.69134892      0.00005704
      1.69378339      0.00005687
      1.69621786      0.00005669
      1.69865234      0.00005652
      1.70108681      0.00005635
      1.70352128      0.00005618
      1.70595575      0.00005601
      1.70839022      0.00005584
      1.71082469      0.00005567
      1.71325916      0.00005551
      1.71569363      0.00005534
      1.71812811      0.00005518
      1.72056258      0.00005502
      1.72299705      0.00005486
      1.72543152      0.00005470
      1.72786599      0.00005455
      1.73030046      0.00005439
      1.73273493      0.00005424
      1.73516941      0.00005408
      1.73760388      0.00005393
      1.74003835      0.00005378
      1.74247282      0.00005363
      1.74490729      0.00005348
      1.74734176      0.00005334
      1.74977623      0.00005319
      1.75221070      0.00005305
      1.75464518      0.00005291
      1.75707965      0.00005277
      1.75951412      0.00005263
      1.76194859      0.00005249
      1.76438306      0.00005235
      1.76681753      0.00005222
      1.76925200      0.00005208
      1.77168647      0.00005195
      1.77412095      0.00005182
      1.77655542      0.00005169
      1.77898989      0.00005156
      1.78142436      0.00005143
      1.78385883      0.00005131
      1.78629330      0.00005118
      1.78872777      0.00005106
      1.79116224      0.00005094
      1.79359672      0.00005082
      1.79603119      0.00005070
      1.79846566      0.00005058
      1.80090013      0.00005047
      1.80333460      0.00005035
      1.80576907      0.00005024
      1.80820354      0.00005013
      1.81063801      0.00005002
      1.81307249      0.00004991
      1.81550696      0.00004980
      1.81794143      0.00004970
      1.82037590      0.00004959
      1.82281037      0.00004949
      1.82524484      0.00004939
      1.82767931      0.00004929
      1.83011379      0.00004919
      1.83254826      0.00004909
      1.83498273      0.00004900
      1.83741720      0.00004890
      1.83985167      0.00004881
      1.84228614      0.00004872
      1.84472061      0.00004863
      1.84715508      0.00004854
      1.84958956      0.00004845
      1.85202403      0.00004837
      1.85445850      0.00004828
      1.85689297      0.00004820
      1.85932744      0.00004812
      1.86176191      0.00004803
      1.86419638      0.00004796
      1.86663085      0.00004788
      1.86906533      0.00004780
      1.87149980      0.00004773
      1.87393427      0.00004765
      1.87636874      0.00004758
      1.87880321      0.00004751
      1.88123768      0.00004744
      1.88367215      0.00004737
      1.88610662      0.00004730
      1.88854110      0.00004724
      1.89097557      0.00004717
      1.89341004      0.00004711
      1.89584451      0.00004705
      1.89827898      0.00004699
      1.90071345      0.00004693
      1.90314792      0.00004687
      1.90558239      0.00004681
      1.90801687      0.00004676
      1.91045134      0.00004670
      1.91288581      0.00004665
      1.91532028      0.00004660
      1.91775475      0.00004655
      1.92018922      0.00004650
      1.92262369      0.00004645
      1.92505817      0.00004641
      1.92749264      0.00004636
      1.92992711      0.00004632
      1.93236158      0.00004628
      1.93479605      0.00004624
      1.93723052      0.00004620
      1.93966499      0.00004616
      1.94209946      0.00004612
      1.94453394      0.00004608
      1.94696841      0.00004605
      1.94940288      0.00004601
      1.95183735      0.00004598
      1.95427182      0.00004595
      1.95670629      0.00004592
      1.95914076      0.00004589
      1.96157523      0.00004586
      1.96400971      0.00004583
      1.96644418      0.00004581
      1.96887865      0.00004578
      1.97131312      0.00004576
      1.97374759      0.00004574
      1.97618206      0.00004571
      1.97861653      0.00004569
      1.98105100      0.00004567
      1.98348548      0.00004566
      1.98591995      0.00004564
      1.98835442      0.00004562
      1.99078889      0.00004561
      1.99322336      0.00004559
      1.99565783      0.00004558
      1.99809230      0.00004557
      2.00052677      0.00004556
      2.00296125      0.00004555
      2.00539572      0.00004554
      2.00783019      0.00004553
      2.01026466      0.00004552
      2.01269913      0.00004552
      2.01513360      0.00004551
      2.01756807      0.00004551
      2.02000254      0.00004551
      2.02243702      0.00004550
      2.02487149      0.00004550
      2.02730596      0.00004550
      2.02974043      0.00004550
      2.03217490      0.00004551
      2.03460937      0.00004551
      2.03704384      0.00004551
      2.03947832      0.00004552
      2.04191279      0.00004552
      2.04434726      0.00004553
      2.04678173      0.00004553
      2.04921620      0.00004554
      2.05165067      0.00004555
      2.05408514      0.00004556
      2.05651961      0.00004557
      2.05895409      0.00004558
      2.06138856      0.00004559
      2.06382303      0.00004560
      2.06625750      0.00004562
      2.06869197      0.00004563
      2.07112644      0.00004564
      2.07356091      0.00004566
      2.07599538      0.00004568
      2.07842986      0.00004569
      2.08086433      0.00004571
      2.08329880      0.00004573
      2.08573327      0.00004575
      2.08816774      0.00004577
      2.09060221      0.00004579
      2.09303668      0.00004581
      2.09547115      0.00004583
      2.09790563      0.00004585
      2.10034010      0.00004587
      2.10277457      0.00004590
      2.10520904      0.00004592
      2.10764351      0.00004594
      2.11007798      0.00004597
      2.11251245      0.00004599
      2.11494692      0.00004602
      2.11738140      0.00004605
      2.11981587      0.00004607
      2.12225034      0.00004610
      2.12468481      0.00004613
      2.12711928      0.00004616
      2.12955375      0.00004619
      2.13198822      0.00004621
      2.13442270      0.00004624
      2.13685717      0.00004627
      2.13929164      0.00004631
      2.14172611      0.00004634
      2.14416058      0.00004637
      2.14659505      0.00004640
      2.14902952      0.00004643
      2.15146399      0.00004646
      2.15389847      0.00004650
      2.15633294      0.00004653
      2.15876741      0.00004657
      2.16120188      0.00004660
      2.16363635      0.00004663
      2.16607082      0.00004667
      2.16850529      0.00004670
      2.17093976      0.00004674
      2.17337424      0.00004677
      2.17580871      0.00004681
      2.17824318      0.00004685
      2.18067765      0.00004688
      2.18311212      0.00004692
      2.18554659      0.00004695
      2.18798106      0.00004699
      2.19041553      0.00004703
      2.19285001      0.00004707
      2.19528448      0.00004710
      2.19771895      0.00004714
      2.20015342      0.00004718
      2.20258789      0.00004722
      2.20502236      0.00004725
      2.20745683      0.00004729
      2.20989130      0.00004733
      2.21232578      0.00004737
      2.21476025      0.00004741
      2.21719472      0.00004744
      2.21962919      0.00004748
      2.22206366      0.00004752
      2.22449813      0.00004756
      2.22693260      0.00004760
      2.22936708      0.00004764
      2.23180155      0.00004768
      2.23423602      0.00004771
      2.23667049      0.00004775
      2.23910496      0.00004779
      2.24153943      0.00004783
      2.24397390      0.00004787
      2.24640837      0.00004791
      2.24884285      0.00004794
      2.25127732      0.00004798
      2.25371179      0.00004802
      2.25614626      0.00004806
      2.25858073      0.00004810
      2.26101520      0.00004813
      2.26344967      0.00004817
      2.26588414      0.00004821
      2.26831862      0.00004825
      2.27075309      0.00004828
      2.27318756      0.00004832
      2.27562203      0.00004836
      2.27805650      0.00004839
      2.28049097      0.00004843
      2.28292544      0.00004847
      2.28535991      0.00004850
      2.28779439      0.00004854
      2.29022886      0.00004857
      2.29266333      0.00004861
      2.29509780      0.00004864
      2.29753227      0.00004868
      2.29996674      0.00004871
      2.30240121      0.00004874
      2.30483568      0.00004878
      2.30727016      0.00004881
      2.30970463      0.00004885
      2.31213910      0.00004888
      2.31457357      0.00004891
      2.31700804      0.00004894
      2.31944251      0.00004897
      2.32187698      0.00004901
      2.32431146      0.00004904
      2.32674593      0.00004907
      2.32918040      0.00004910
      2.33161487      0.00004913
      2.33404934      0.00004916
      2.33648381      0.00004918
      2.33891828      0.00004921
      2.34135275      0.00004924
      2.34378723      0.00004927
      2.34622170      0.00004930
      2.34865617      0.00004932
      2.35109064      0.00004935
      2.35352511      0.00004937
      2.35595958      0.00004940
      2.35839405      0.00004942
      2.36082852      0.00004945
      2.36326300      0.00004947
      2.36569747      0.00004950
      2.36813194      0.00004952
      2.37056641      0.00004954
      2.37300088      0.00004956
      2.37543535      0.00004958
      2.37786982      0.00004960
      2.38030429      0.00004962
      2.38273877      0.00004964
      2.38517324      0.00004966
      2.38760771      0.00004968
      2.39004218      0.00004970
      2.39247665      0.00004971
      2.39491112      0.00004973
      2.39734559      0.00004975
      2.39978006      0.00004976
      2.40221454      0.00004978
      2.40464901      0.00004979
      2.40708348      0.00004980
      2.40951795      0.00004982
      2.41195242      0.00004983
      2.41438689      0.00004984
      2.41682136      0.00004985
      2.41925583      0.00004986
      2.42169031      0.00004987
      2.42412478      0.00004988
      2.42655925      0.00004989
      2.42899372      0.00004989
      2.43142819      0.00004990
      2.43386266      0.00004991
      2.43629713      0.00004991
      2.43873161      0.00004992
      2.44116608      0.00004992
      2.44360055      0.00004992
      2.44603502      0.00004993
      2.44846949      0.00004993
      2.45090396      0.00004993
      2.45333843      0.00004993
      2.45577290      0.00004993
      2.45820738      0.00004993
      2.46064185      0.00004992
      2.46307632      0.00004992
      2.46551079      0.00004992
      2.46794526      0.00004991
      2.47037973      0.00004991
      2.47281420      0.00004990
      2.47524867      0.00004989
      2.47768315      0.00004989
      2.48011762      0.00004988
      2.48255209      0.00004987
      2.48498656      0.00004986
      2.48742103      0.00004985
      2.48985550      0.00004984
      2.49228997      0.00004983
      2.49472444      0.00004981
      2.49715892      0.00004980
      2.49959339      0.00004978
      2.50202786      0.00004977
      2.50446233      0.00004975
      2.50689680      0.00004974
      2.50933127      0.00004972
      2.51176574      0.00004970
      2.51420021      0.00004968
      2.51663469      0.00004966
      2.51906916      0.00004964
      2.52150363      0.00004962
      2.52393810      0.00004959
      2.52637257      0.00004957
      2.52880704      0.00004955
      2.53124151      0.00004952
      2.53367599      0.00004949
      2.53611046      0.00004947
      2.53854493      0.00004944
      2.54097940      0.00004941
      2.54341387      0.00004938
      2.54584834      0.00004935
      2.54828281      0.00004932
      2.55071728      0.00004929
      2.55315176      0.00004925
      2.55558623      0.00004922
      2.55802070      0.00004919
      2.56045517      0.00004915
      2.56288964      0.00004911
      2.56532411      0.00004908
      2.56775858      0.00004904
      2.57019305      0.00004900
      2.57262753      0.00004896
      2.57506200      0.00004892
      2.57749647      0.00004888
      2.57993094      0.00004884
      2.58236541      0.00004879
      2.58479988      0.00004875
      2.58723435      0.00004870
      2.58966882      0.00004866
      2.59210330      0.00004861
      2.59453777      0.00004856
      2.59697224      0.00004852
      2.59940671      0.00004847
      2.60184118      0.00004842
      2.60427565      0.00004837
      2.60671012      0.00004831
      2.60914459      0.00004826
      2.61157907      0.00004821
      2.61401354      0.00004815
      2.61644801      0.00004810
      2.61888248      0.00004804
      2.62131695      0.00004799
      2.62375142      0.00004793
      2.62618589      0.00004787
      2.62862037      0.00004781
      2.63105484      0.00004775
      2.63348931      0.00004769
      2.63592378      0.00004763
      2.63835825      0.00004757
      2.64079272      0.00004750
      2.64322719      0.00004744
      2.64566166      0.00004738
      2.64809614      0.00004731
      2.65053061      0.00004724
      2.65296508      0.00004718
      2.65539955      0.00004711
      2.65783402      0.00004704
      2.66026849      0.00004697
      2.66270296      0.00004690
      2.66513743      0.00004683
      2.66757191      0.00004676
      2.67000638      0.00004668
      2.67244085      0.00004661
      2.67487532      0.00004654
      2.67730979      0.00004646
      2.67974426      0.00004638
      2.68217873      0.00004631
      2.68461320      0.00004623
      2.68704768      0.00004615
      2.68948215      0.00004607
      2.69191662      0.00004599
      2.69435109      0.00004591
      2.69678556      0.00004583
      2.69922003      0.00004575
      2.70165450      0.00004567
      2.70408897      0.00004558
      2.70652345      0.00004550
      2.70895792      0.00004541
      2.71139239      0.00004533
      2.71382686      0.00004524
      2.71626133      0.00004516
      2.71869580      0.00004507
      2.72113027      0.00004498
      2.72356475      0.00004489
      2.72599922      0.00004480
      2.72843369      0.00004471
      2.73086816      0.00004462
      2.73330263      0.00004453
      2.73573710      0.00004443
      2.73817157      0.00004434
      2.74060604      0.00004425
      2.74304052      0.00004415
      2.74547499      0.00004406
      2.74790946      0.00004396
      2.75034393      0.00004387
      2.75277840      0.00004377
      2.75521287      0.00004367
      2.75764734      0.00004357
      2.76008181      0.00004347
      2.76251629      0.00004337
      2.76495076      0.00004327
      2.76738523      0.00004317
      2.76981970      0.00004307
      2.77225417      0.00004297
      2.77468864      0.00004287
      2.77712311      0.00004276
      2.77955758      0.00004266
      2.78199206      0.00004256
      2.78442653      0.00004245
      2.78686100      0.00004234
      2.78929547      0.00004224
      2.79172994      0.00004213
      2.79416441      0.00004202
      2.79659888      0.00004192
      2.79903335      0.00004181
      2.80146783      0.00004170
      2.80390230      0.00004159
      2.80633677      0.00004148
      2.80877124      0.00004137
      2.81120571      0.00004126
      2.81364018      0.00004115
      2.81607465      0.00004104
      2.81850913      0.00004092
      2.82094360      0.00004081
      2.82337807      0.00004070
      2.82581254      0.00004059
      2.82824701      0.00004047
      2.83068148      0.00004036
      2.83311595      0.00004024
      2.83555042      0.00004013
      2.83798490      0.00004001
      2.84041937      0.00003989
      2.84285384      0.00003978
      2.84528831      0.00003966
      2.84772278      0.00003954
      2.85015725      0.00003942
      2.85259172      0.00003931
      2.85502619      0.00003919
      2.85746067      0.00003907
      2.85989514      0.00003895
      2.86232961      0.00003883
      2.86476408      0.00003871
      2.86719855      0.00003859
      2.86963302      0.00003847
      2.87206749      0.00003834
      2.87450196      0.00003822
      2.87693644      0.00003810
      2.87937091      0.00003798
      2.88180538      0.00003786
      2.88423985      0.00003773
      2.88667432      0.00003761
      2.88910879      0.00003749
      2.89154326      0.00003736
      2.89397773      0.00003724
      2.89641221      0.00003711
      2.89884668      0.00003699
      2.90128115      0.00003686
      2.90371562      0.00003674
      2.90615009      0.00003661
      2.90858456      0.00003649
      2.91101903      0.00003636
      2.91345350      0.00003624
      2.91588798      0.00003611
      2.91832245      0.00003598
      2.92075692      0.00003586
      2.92319139      0.00003573
      2.92562586      0.00003560
      2.92806033      0.00003547
      2.93049480      0.00003535
      2.93292928      0.00003522
      2.93536375      0.00003509
      2.93779822      0.00003496
      2.94023269      0.00003483
      2.94266716      0.00003471
      2.94510163      0.00003458
      2.94753610      0.00003445
      2.94997057      0.00003432
      2.95240505      0.00003419
      2.95483952      0.00003406
      2.95727399      0.00003393
      2.95970846      0.00003380
      2.96214293      0.00003367
      2.96457740      0.00003354
      2.96701187      0.00003341
      2.96944634      0.00003328
      2.97188082      0.00003315
      2.97431529      0.00003302
      2.97674976      0.00003289
      2.97918423      0.00003276
      2.98161870      0.00003263
      2.98405317      0.00003250
      2.98648764      0.00003237
      2.98892211      0.00003224
      2.99135659      0.00003211
      2.99379106      0.00003198
      2.99622553      0.00003185
      2.99866000      0.00003172
      3.00109447      0.00003159
      3.00352894      0.00003146
      3.00596341      0.00003133
      3.00839788      0.00003120
      3.01083236      0.00003107
      3.01326683      0.00003094
      3.01570130      0.00003081
      3.01813577      0.00003068
      3.02057024      0.00003055
      3.02300471      0.00003042
      3.02543918      0.00003029
      3.02787366      0.00003016
      3.03030813      0.00003003
      3.03274260      0.00002990
      3.03517707      0.00002977
      3.03761154      0.00002964
      3.04004601      0.00002951
      3.04248048      0.00002938
      3.04491495      0.00002926
      3.04734943      0.00002913
      3.04978390      0.00002900
      3.05221837      0.00002887
      3.05465284      0.00002874
      3.05708731      0.00002861
      3.05952178      0.00002848
      3.06195625      0.00002835
      3.06439072      0.00002823
      3.06682520      0.00002810
      3.06925967      0.00002797
      3.07169414      0.00002784
      3.07412861      0.00002771
      3.07656308      0.00002759
      3.07899755      0.00002746
      3.08143202      0.00002733
      3.08386649      0.00002721
      3.08630097      0.00002708
      3.08873544      0.00002695
      3.09116991      0.00002683
      3.09360438      0.00002670
      3.09603885      0.00002657
      3.09847332      0.00002645
      3.10090779      0.00002632
      3.10334226      0.00002620
      3.10577674      0.00002607
      3.10821121      0.00002595
      3.11064568      0.00002582
      3.11308015      0.00002570
      3.11551462      0.00002558
      3.11794909      0.00002545
      3.12038356      0.00002533
      3.12281804      0.00002520
      3.12525251      0.00002508
      3.12768698      0.00002496
      3.13012145      0.00002484
      3.13255592      0.00002471
      3.13499039      0.00002459
      3.13742486      0.00002447
      3.13985933      0.00002435
      3.14229381      0.00002423
      3.14472828      0.00002411
      3.14716275      0.00002399
      3.14959722      0.00002387
      3.15203169      0.00002375
      3.15446616      0.00002363
      3.15690063      0.00002351
      3.15933510      0.00002339
      3.16176958      0.00002327
      3.16420405      0.00002315
      3.16663852      0.00002303
      3.16907299      0.00002292
      3.17150746      0.00002280
      3.17394193      0.00002268
      3.17637640      0.00002257
      3.17881087      0.00002245
      3.18124535      0.00002233
      3.18367982      0.00002222
      3.18611429      0.00002210
      3.18854876      0.00002199
      3.19098323      0.00002187
      3.19341770      0.00002176
      3.19585217      0.00002165
      3.19828664      0.00002153
      3.20072112      0.00002142
      3.20315559      0.00002131
      3.20559006      0.00002120
      3.20802453      0.00002108
      3.21045900      0.00002097
      3.21289347      0.00002086
      3.21532794      0.00002075
      3.21776242      0.00002064
      3.22019689      0.00002053
      3.22263136      0.00002042
      3.22506583      0.00002031
      3.22750030      0.00002020
      3.22993477      0.00002010
      3.23236924      0.00001999
      3.23480371      0.00001988
      3.23723819      0.00001977
      3.23967266      0.00001967
      3.24210713      0.00001956
      3.24454160      0.00001945
      3.24697607      0.00001935
      3.24941054      0.00001924
      3.25184501      0.00001914
      3.25427948      0.00001904
      3.25671396      0.00001893
      3.25914843      0.00001883
      3.26158290      0.00001873
      3.26401737      0.00001862
      3.26645184      0.00001852
      3.26888631      0.00001842
      3.27132078      0.00001832
      3.27375525      0.00001822
      3.27618973      0.00001812
      3.27862420      0.00001802
      3.28105867      0.00001792
      3.28349314      0.00001782
      3.28592761      0.00001772
      3.28836208      0.00001762
      3.29079655      0.00001753
      3.29323102      0.00001743
      3.29566550      0.00001733
      3.29809997      0.00001724
      3.30053444      0.00001714
      3.30296891      0.00001705
      3.30540338      0.00001695
      3.30783785      0.00001686
      3.31027232      0.00001676
      3.31270679      0.00001667
      3.31514127      0.00001658
      3.31757574      0.00001649
      3.32001021      0.00001639
      3.32244468      0.00001630
      3.32487915      0.00001621
      3.32731362      0.00001612
      3.32974809      0.00001603
      3.33218257      0.00001594
      3.33461704      0.00001585
      3.33705151      0.00001576
      3.33948598      0.00001567
      3.34192045      0.00001559
      3.34435492      0.00001550
      3.34678939      0.00001541
      3.34922386      0.00001532
      3.35165834      0.00001524
      3.35409281      0.00001515
      3.35652728      0.00001507
      3.35896175      0.00001498
      3.36139622      0.00001490
      3.36383069      0.00001482
      3.36626516      0.00001473
      3.36869963      0.00001465
      3.37113411      0.00001457
      3.37356858      0.00001449
      3.37600305      0.00001440
      3.37843752      0.00001432
      3.38087199      0.00001424
      3.38330646      0.00001416
      3.38574093      0.00001408
      3.38817540      0.00001400
      3.39060988      0.00001393
      3.39304435      0.00001385
      3.39547882      0.00001377
      3.39791329      0.00001369
      3.40034776      0.00001362
      3.40278223      0.00001354
      3.40521670      0.00001346
      3.40765117      0.00001339
      3.41008565      0.00001331
      3.41252012      0.00001324
      3.41495459      0.00001317
      3.41738906      0.00001309
      3.41982353      0.00001302
      3.42225800      0.00001295
      3.42469247      0.00001287
      3.42712695      0.00001280
      3.42956142      0.00001273
      3.43199589      0.00001266
      3.43443036      0.00001259
      3.43686483      0.00001252
      3.43929930      0.00001245
      3.44173377      0.00001238
      3.44416824      0.00001231
      3.44660272      0.00001225
      3.44903719      0.00001218
      3.45147166      0.00001211
      3.45390613      0.00001204
      3.45634060      0.00001198
      3.45877507      0.00001191
      3.46120954      0.00001185
      3.46364401      0.00001178
      3.46607849      0.00001172
      3.46851296      0.00001165
      3.47094743      0.00001159
      3.47338190      0.00001153
      3.47581637      0.00001146
      3.47825084      0.00001140
      3.48068531      0.00001134
      3.48311978      0.00001128
      3.48555426      0.00001122
      3.48798873      0.00001116
      3.49042320      0.00001110
      3.49285767      0.00001104
      3.49529214      0.00001098
      3.49772661      0.00001092
      3.50016108      0.00001086
      3.50259555      0.00001080
      3.50503003      0.00001074
      3.50746450      0.00001069
      3.50989897      0.00001063
      3.51233344      0.00001057
      3.51476791      0.00001052
      3.51720238      0.00001046
      3.51963685      0.00001040
      3.52207133      0.00001035
      3.52450580      0.00001030
      3.52694027      0.00001024
      3.52937474      0.00001019
      3.53180921      0.00001013
      3.53424368      0.00001008
      3.53667815      0.00001003
      3.53911262      0.00000998
      3.54154710      0.00000992
      3.54398157      0.00000987
      3.54641604      0.00000982
      3.54885051      0.00000977
      3.55128498      0.00000972
      3.55371945      0.00000967
      3.55615392      0.00000962
      3.55858839      0.00000957
      3.56102287      0.00000952
      3.56345734      0.00000948
      3.56589181      0.00000943
      3.56832628      0.00000938
      3.57076075      0.00000933
      3.57319522      0.00000929
      3.57562969      0.00000924
      3.57806416      0.00000919
      3.58049864      0.00000915
      3.58293311      0.00000910
      3.58536758      0.00000906
      3.58780205      0.00000901
      3.59023652      0.00000897
      3.59267099      0.00000892
      3.59510546      0.00000888
      3.59753993      0.00000884
      3.59997441      0.00000879
      3.60240888      0.00000875
      3.60484335      0.00000871
      3.60727782      0.00000867
      3.60971229      0.00000863
      3.61214676      0.00000858
      3.61458123      0.00000854
      3.61701571      0.00000850
      3.61945018      0.00000846
      3.62188465      0.00000842
      3.62431912      0.00000838
      3.62675359      0.00000834
      3.62918806      0.00000830
      3.63162253      0.00000827
      3.63405700      0.00000823
      3.63649148      0.00000819
      3.63892595      0.00000815
      3.64136042      0.00000811
      3.64379489      0.00000808
      3.64622936      0.00000804
      3.64866383      0.00000800
      3.65109830      0.00000797
      3.65353277      0.00000793
      3.65596725      0.00000790
      3.65840172      0.00000786
      3.66083619      0.00000783
      3.66327066      0.00000779
      3.66570513      0.00000776
      3.66813960      0.00000772
      3.67057407      0.00000769
      3.67300854      0.00000765
      3.67544302      0.00000762
      3.67787749      0.00000759
      3.68031196      0.00000755
      3.68274643      0.00000752
      3.68518090      0.00000749
      3.68761537      0.00000746
      3.69004984      0.00000743
      3.69248431      0.00000739
      3.69491879      0.00000736
      3.69735326      0.00000733
      3.69978773      0.00000730
      3.70222220      0.00000727
      3.70465667      0.00000724
      3.70709114      0.00000721
      3.70952561      0.00000718
      3.71196008      0.00000715
      3.71439456      0.00000712
      3.71682903      0.00000709
      3.71926350      0.00000706
      3.72169797      0.00000703
      3.72413244      0.00000701
      3.72656691      0.00000698
      3.72900138      0.00000695
      3.73143586      0.00000692
      3.73387033      0.00000690
      3.73630480      0.00000687
      3.73873927      0.00000684
      3.74117374      0.00000681
      3.74360821      0.00000679
      3.74604268      0.00000676
      3.74847715      0.00000674
      3.75091163      0.00000671
      3.75334610      0.00000668
      3.75578057      0.00000666
      3.75821504      0.00000663
      3.76064951      0.00000661
      3.76308398      0.00000658
      3.76551845      0.00000656
      3.76795292      0.00000653
      3.77038740      0.00000651
      3.77282187      0.00000649
      3.77525634      0.00000646
      3.77769081      0.00000644
      3.78012528      0.00000641
      3.78255975      0.00000639
      3.78499422      0.00000637
      3.78742869      0.00000634
      3.78986317      0.00000632
      3.79229764      0.00000630
      3.79473211      0.00000628
      3.79716658      0.00000625
      3.79960105      0.00000623
      3.80203552      0.00000621
      3.80446999      0.00000619
      3.80690446      0.00000617
      3.80933894      0.00000615
      3.81177341      0.00000612
      3.81420788      0.00000610
      3.81664235      0.00000608
      3.81907682      0.00000606
      3.82151129      0.00000604
      3.82394576      0.00000602
      3.82638024      0.00000600
      3.82881471      0.00000598
      3.83124918      0.00000596
      3.83368365      0.00000594
      3.83611812      0.00000592
      3.83855259      0.00000590
      3.84098706      0.00000588
      3.84342153      0.00000586
      3.84585601      0.00000584
      3.84829048      0.00000582
      3.85072495      0.00000580
      3.85315942      0.00000579
      3.85559389      0.00000577
      3.85802836      0.00000575
      3.86046283      0.00000573
      3.86289730      0.00000571
      3.86533178      0.00000569
      3.86776625      0.00000568
      3.87020072      0.00000566
      3.87263519      0.00000564
      3.87506966      0.00000562
      3.87750413      0.00000561
      3.87993860      0.00000559
      3.88237307      0.00000557
      3.88480755      0.00000555
      3.88724202      0.00000554
      3.88967649      0.00000552
      3.89211096      0.00000550
      3.89454543      0.00000549
      3.89697990      0.00000547
      3.89941437      0.00000545
      3.90184884      0.00000544
      3.90428332      0.00000542
      3.90671779      0.00000540
      3.90915226      0.00000539
      3.91158673      0.00000537
      3.91402120      0.00000536
      3.91645567      0.00000534
      3.91889014      0.00000532
      3.92132462      0.00000531
      3.92375909      0.00000529
      3.92619356      0.00000528
      3.92862803      0.00000526
      3.93106250      0.00000525
      3.93349697      0.00000523
      3.93593144      0.00000522
      3.93836591      0.00000520
      3.94080039      0.00000519
      3.94323486      0.00000517
      3.94566933      0.00000516
      3.94810380      0.00000514
      3.95053827      0.00000513
      3.95297274      0.00000511
      3.95540721      0.00000510
      3.95784168      0.00000508
      3.96027616      0.00000507
      3.96271063      0.00000506
      3.96514510      0.00000504
      3.96757957      0.00000503
      3.97001404      0.00000501
      3.97244851      0.00000500
      3.97488298      0.00000499
      3.97731745      0.00000497
      3.97975193      0.00000496
      3.98218640      0.00000494
      3.98462087      0.00000493
      3.98705534      0.00000492
      3.98948981      0.00000490
      3.99192428      0.00000489
      3.99435875      0.00000488
      3.99679322      0.00000486
      3.99922770      0.00000485
      4.00166217      0.00000484
      4.00409664      0.00000482
      4.00653111      0.00000481
      4.00896558      0.00000480
      4.01140005      0.00000478
      4.01383452      0.00000477
      4.01626900      0.00000476
      4.01870347      0.00000474
      4.02113794      0.00000473
      4.02357241      0.00000472
      4.02600688      0.00000471
      4.02844135      0.00000469
      4.03087582      0.00000468
      4.03331029      0.00000467
      4.03574477      0.00000466
      4.03817924      0.00000464
      4.04061371      0.00000463
      4.04304818      0.00000462
      4.04548265      0.00000461
      4.04791712      0.00000459
      4.05035159      0.00000458
      4.05278606      0.00000457
      4.05522054      0.00000456
      4.05765501      0.00000454
      4.06008948      0.00000453
      4.06252395      0.00000452
      4.06495842      0.00000451
      4.06739289      0.00000449
      4.06982736      0.00000448
      4.07226183      0.00000447
      4.07469631      0.00000446
      4.07713078      0.00000445
      4.07956525      0.00000443
      4.08199972      0.00000442
      4.08443419      0.00000441
      4.08686866      0.00000440
      4.08930313      0.00000439
      4.09173760      0.00000437
      4.09417208      0.00000436
      4.09660655      0.00000435
      4.09904102      0.00000434
      4.10147549      0.00000433
      4.10390996      0.00000432
      4.10634443      0.00000430
      4.10877890      0.00000429
      4.11121337      0.00000428
      4.11364785      0.00000427
      4.11608232      0.00000426
      4.11851679      0.00000425
      4.12095126      0.00000423
      4.12338573      0.00000422
      4.12582020      0.00000421
      4.12825467      0.00000420
      4.13068915      0.00000419
      4.13312362      0.00000418
      4.13555809      0.00000417
      4.13799256      0.00000415
      4.14042703      0.00000414
      4.14286150      0.00000413
      4.14529597      0.00000412
      4.14773044      0.00000411
      4.15016492      0.00000410
      4.15259939      0.00000409
      4.15503386      0.00000407
      4.15746833      0.00000406
      4.15990280      0.00000405
      4.16233727      0.00000404
      4.16477174      0.00000403
      4.16720621      0.00000402
      4.16964069      0.00000401
      4.17207516      0.00000399
      4.17450963      0.00000398
      4.17694410      0.00000397
      4.17937857      0.00000396
      4.18181304      0.00000395
      4.18424751      0.00000394
      4.18668198      0.00000393
      4.18911646      0.00000392
      4.19155093      0.00000390
      4.19398540      0.00000389
      4.19641987      0.00000388
      4.19885434      0.00000387
      4.20128881      0.00000386
      4.20372328      0.00000385
      4.20615775      0.00000384
      4.20859223      0.00000383
      4.21102670      0.00000382
      4.21346117      0.00000380
      4.21589564      0.00000379
      4.21833011      0.00000378
      4.22076458      0.00000377
      4.22319905      0.00000376
      4.22563353      0.00000375
      4.22806800      0.00000374
      4.23050247      0.00000373
      4.23293694      0.00000372
      4.23537141      0.00000370
      4.23780588      0.00000369
      4.24024035      0.00000368
      4.24267482      0.00000367
      4.24510930      0.00000366
      4.24754377      0.00000365
      4.24997824      0.00000364
      4.25241271      0.00000363
      4.25484718      0.00000362
      4.25728165      0.00000361
      4.25971612      0.00000359
      4.26215059      0.00000358
      4.26458507      0.00000357
      4.26701954      0.00000356
      4.26945401      0.00000355
      4.27188848      0.00000354
      4.27432295      0.00000353
      4.27675742      0.00000352
      4.27919189      0.00000351
      4.28162636      0.00000350
      4.28406084      0.00000349
      4.28649531      0.00000347
      4.28892978      0.00000346
      4.29136425      0.00000345
      4.29379872      0.00000344
      4.29623319      0.00000343
      4.29866766      0.00000342
      4.30110213      0.00000341
      4.30353661      0.00000340
      4.30597108      0.00000339
      4.30840555      0.00000338
      4.31084002      0.00000337
      4.31327449      0.00000335
      4.31570896      0.00000334
      4.31814343      0.00000333
      4.32057791      0.00000332
      4.32301238      0.00000331
      4.32544685      0.00000330
      4.32788132      0.00000329
      4.33031579      0.00000328
      4.33275026      0.00000327
      4.33518473      0.00000326
      4.33761920      0.00000325
      4.34005368      0.00000323
      4.34248815      0.00000322
      4.34492262      0.00000321
      4.34735709      0.00000320
      4.34979156      0.00000319
      4.35222603      0.00000318
      4.35466050      0.00000317
      4.35709497      0.00000316
      4.35952945      0.00000315
      4.36196392      0.00000314
      4.36439839      0.00000313
      4.36683286      0.00000312
      4.36926733      0.00000311
      4.37170180      0.00000309
      4.37413627      0.00000308
      4.37657074      0.00000307
      4.37900522      0.00000306
      4.38143969      0.00000305
      4.38387416      0.00000304
      4.38630863      0.00000303
      4.38874310      0.00000302
      4.39117757      0.00000301
      4.39361204      0.00000300
      4.39604651      0.00000299
      4.39848099      0.00000298
      4.40091546      0.00000297
      4.40334993      0.00000296
      4.40578440      0.00000294
      4.40821887      0.00000293
      4.41065334      0.00000292
      4.41308781      0.00000291
      4.41552229      0.00000290
      4.41795676      0.00000289
      4.42039123      0.00000288
      4.42282570      0.00000287
      4.42526017      0.00000286
      4.42769464      0.00000285
      4.43012911      0.00000284
      4.43256358      0.00000283
      4.43499806      0.00000282
      4.43743253      0.00000281
      4.43986700      0.00000280
      4.44230147      0.00000279
      4.44473594      0.00000278
      4.44717041      0.00000276
      4.44960488      0.00000275
      4.45203935      0.00000274
      4.45447383      0.00000273
      4.45690830      0.00000272
      4.45934277      0.00000271
      4.46177724      0.00000270
      4.46421171      0.00000269
      4.46664618      0.00000268
      4.46908065      0.00000267
      4.47151512      0.00000266
      4.47394960      0.00000265
      4.47638407      0.00000264
      4.47881854      0.00000263
      4.48125301      0.00000262
      4.48368748      0.00000261
      4.48612195      0.00000260
      4.48855642      0.00000259
      4.49099089      0.00000258
      4.49342537      0.00000257
      4.49585984      0.00000256
      4.49829431      0.00000255
      4.50072878      0.00000254
      4.50316325      0.00000253
      4.50559772      0.00000252
      4.50803219      0.00000251
      4.51046666      0.00000250
      4.51290114      0.00000249
      4.51533561      0.00000247
      4.51777008      0.00000246
      4.52020455      0.00000245
      4.52263902      0.00000244
      4.52507349      0.00000243
      4.52750796      0.00000242
      4.52994244      0.00000241
      4.53237691      0.00000240
      4.53481138      0.00000239
      4.53724585      0.00000238
      4.53968032      0.00000237
      4.54211479      0.00000236
      4.54454926      0.00000235
      4.54698373      0.00000234
      4.54941821      0.00000233
      4.55185268      0.00000232
      4.55428715      0.00000231
      4.55672162      0.00000230
      4.55915609      0.00000229
      4.56159056      0.00000228
      4.56402503      0.00000227
      4.56645950      0.00000226
      4.56889398      0.00000225
      4.57132845      0.00000224
      4.57376292      0.00000224
      4.57619739      0.00000223
      4.57863186      0.00000222
      4.58106633      0.00000221
      4.58350080      0.00000220
      4.58593527      0.00000219
      4.58836975      0.00000218
      4.59080422      0.00000217
      4.59323869      0.00000216
      4.59567316      0.00000215
      4.59810763      0.00000214
      4.60054210      0.00000213
      4.60297657      0.00000212
      4.60541104      0.00000211
      4.60784552      0.00000210
      4.61027999      0.00000209
      4.61271446      0.00000208
      4.61514893      0.00000207
      4.61758340      0.00000206
      4.62001787      0.00000205
      4.62245234      0.00000204
      4.62488682      0.00000203
      4.62732129      0.00000202
      4.62975576      0.00000201
      4.63219023      0.00000201
      4.63462470      0.00000200
      4.63705917      0.00000199
      4.63949364      0.00000198
      4.64192811      0.00000197
      4.64436259      0.00000196
      4.64679706      0.00000195
      4.64923153      0.00000194
      4.65166600      0.00000193
      4.65410047      0.00000192
      4.65653494      0.00000191
      4.65896941      0.00000190
      4.66140388      0.00000189
      4.66383836      0.00000189
      4.66627283      0.00000188
      4.66870730      0.00000187
      4.67114177      0.00000186
      4.67357624      0.00000185
      4.67601071      0.00000184
      4.67844518      0.00000183
      4.68087965      0.00000182
      4.68331413      0.00000181
      4.68574860      0.00000180
      4.68818307      0.00000180
      4.69061754      0.00000179
      4.69305201      0.00000178
      4.69548648      0.00000177
      4.69792095      0.00000176
      4.70035542      0.00000175
      4.70278990      0.00000174
      4.70522437      0.00000173
      4.70765884      0.00000173
      4.71009331      0.00000172
      4.71252778      0.00000171
      4.71496225      0.00000170
      4.71739672      0.00000169
      4.71983120      0.00000168
      4.72226567      0.00000167
      4.72470014      0.00000167
      4.72713461      0.00000166
      4.72956908      0.00000165
      4.73200355      0.00000164
      4.73443802      0.00000163
      4.73687249      0.00000162
      4.73930697      0.00000161
      4.74174144      0.00000161
      4.74417591      0.00000160
      4.74661038      0.00000159
      4.74904485      0.00000158
      4.75147932      0.00000157
      4.75391379      0.00000157
      4.75634826      0.00000156
      4.75878274      0.00000155
      4.76121721      0.00000154
      4.76365168      0.00000153
      4.76608615      0.00000152
      4.76852062      0.00000152
      4.77095509      0.00000151
      4.77338956      0.00000150
      4.77582403      0.00000149
      4.77825851      0.00000148
      4.78069298      0.00000148
      4.78312745      0.00000147
      4.78556192      0.00000146
      4.78799639      0.00000145
      4.79043086      0.00000144
      4.79286533      0.00000144
      4.79529980      0.00000143
      4.79773428      0.00000142
      4.80016875      0.00000141
      4.80260322      0.00000141
      4.80503769      0.00000140
      4.80747216      0.00000139
      4.80990663      0.00000138
      4.81234110      0.00000138
      4.81477558      0.00000137
      4.81721005      0.00000136
      4.81964452      0.00000135
      4.82207899      0.00000135
      4.82451346      0.00000134
      4.82694793      0.00000133
      4.82938240      0.00000132
      4.83181687      0.00000132
      4.83425135      0.00000131
      4.83668582      0.00000130
      4.83912029      0.00000129
      4.84155476      0.00000129
      4.84398923      0.00000128
      4.84642370      0.00000127
      4.84885817      0.00000126
      4.85129264      0.00000126
      4.85372712      0.00000125
      4.85616159      0.00000124
      4.85859606      0.00000124
      4.86103053      0.00000123
      4.86346500      0.00000122
      4.86589947      0.00000121
      4.86833394      0.00000121
      4.87076841      0.00000120
      4.87320289      0.00000119
      4.87563736      0.00000119
      4.87807183      0.00000118
      4.88050630      0.00000117
      4.88294077      0.00000117
      4.88537524      0.00000116
      4.88780971      0.00000115
      4.89024418      0.00000115
      4.89267866      0.00000114
      4.89511313      0.00000113
      4.89754760      0.00000113
      4.89998207      0.00000112
      4.90241654      0.00000111
      4.90485101      0.00000111
      4.90728548      0.00000110
      4.90971995      0.00000109
      4.91215443      0.00000109
      4.91458890      0.00000108
      4.91702337      0.00000107
      4.91945784      0.00000107
      4.92189231      0.00000106
      4.92432678      0.00000105
      4.92676125      0.00000105
      4.92919573      0.00000104
      4.93163020      0.00000103
      4.93406467      0.00000103
      4.93649914      0.00000102
      4.93893361      0.00000102
      4.94136808      0.00000101
      4.94380255      0.00000100
      4.94623702      0.00000100
      4.94867150      0.00000099
      4.95110597      0.00000098
      4.95354044      0.00000098
      4.95597491      0.00000097
      4.95840938      0.00000097
      4.96084385      0.00000096
      4.96327832      0.00000095
      4.96571279      0.00000095
      4.96814727      0.00000094
      4.97058174      0.00000094
      4.97301621      0.00000093
      4.97545068      0.00000092
      4.97788515      0.00000092
      4.98031962      0.00000091
      4.98275409      0.00000091
      4.98518856      0.00000090
      4.98762304      0.00000090
      4.99005751      0.00000089
      4.99249198      0.00000088
      4.99492645      0.00000088
      4.99736092      0.00000087
      4.99979539      0.00000087
      5.00222986      0.00000086
      5.00466433      0.00000086
      5.00709881      0.00000085
      5.00953328      0.00000085
      5.01196775      0.00000084
      5.01440222      0.00000083
      5.01683669      0.00000083
      5.01927116      0.00000082
      5.02170563      0.00000082
      5.02414011      0.00000081
      5.02657458      0.00000081
      5.02900905      0.00000080
      5.03144352      0.00000080
      5.03387799      0.00000079
      5.03631246      0.00000079
      5.03874693      0.00000078
      5.04118140      0.00000078
      5.04361588      0.00000077
      5.04605035      0.00000077
      5.04848482      0.00000076
      5.05091929      0.00000076
      5.05335376      0.00000075
      5.05578823      0.00000075
      5.05822270      0.00000074
      5.06065717      0.00000074
      5.06309165      0.00000073
      5.06552612      0.00000073
      5.06796059      0.00000072
      5.07039506      0.00000072
      5.07282953      0.00000071
      5.07526400      0.00000071
      5.07769847      0.00000070
      5.08013294      0.00000070
      5.08256742      0.00000069
      5.08500189      0.00000069
      5.08743636      0.00000068
      5.08987083      0.00000068
      5.09230530      0.00000067
      5.09473977      0.00000067
      5.09717424      0.00000066
      5.09960871      0.00000066
      5.10204319      0.00000065
      5.10447766      0.00000065
      5.10691213      0.00000065
      5.10934660      0.00000064
      5.11178107      0.00000064
      5.11421554      0.00000063
      5.11665001      0.00000063
      5.11908449      0.00000062
      5.12151896      0.00000062
      5.12395343      0.00000061
      5.12638790      0.00000061
      5.12882237      0.00000061
      5.13125684      0.00000060
      5.13369131      0.00000060
      5.13612578      0.00000059
      5.13856026      0.00000059
      5.14099473      0.00000059
      5.14342920      0.00000058
      5.14586367      0.00000058
      5.14829814      0.00000057
      5.15073261      0.00000057
      5.15316708      0.00000056
      5.15560155      0.00000056
      5.15803603      0.00000056
      5.16047050      0.00000055
      5.16290497      0.00000055
      5.16533944      0.00000054
      5.16777391      0.00000054
      5.17020838      0.00000054
      5.17264285      0.00000053
      5.17507732      0.00000053
      5.17751180      0.00000052
      5.17994627      0.00000052
      5.18238074      0.00000052
      5.18481521      0.00000051
      5.18724968      0.00000051
      5.18968415      0.00000051
      5.19211862      0.00000050
      5.19455309      0.00000050
      5.19698757      0.00000049
      5.19942204      0.00000049
      5.20185651      0.00000049
      5.20429098      0.00000048
      5.20672545      0.00000048
      5.20915992      0.00000048
      5.21159439      0.00000047
      5.21402887      0.00000047
      5.21646334      0.00000047
      5.21889781      0.00000046
      5.22133228      0.00000046
      5.22376675      0.00000046
      5.22620122      0.00000045
      5.22863569      0.00000045
      5.23107016      0.00000044
      5.23350464      0.00000044
      5.23593911      0.00000044
      5.23837358      0.00000043
      5.24080805      0.00000043
      5.24324252      0.00000043
      5.24567699      0.00000042
      5.24811146      0.00000042
      5.25054593      0.00000042
      5.25298041      0.00000042
      5.25541488      0.00000041
      5.25784935      0.00000041
      5.26028382      0.00000041
      5.26271829      0.00000040
      5.26515276      0.00000040
      5.26758723      0.00000040
      5.27002170      0.00000039
      5.27245618      0.00000039
      5.27489065      0.00000039
      5.27732512      0.00000038
      5.27975959      0.00000038
      5.28219406      0.00000038
      5.28462853      0.00000037
      5.28706300      0.00000037
      5.28949747      0.00000037
      5.29193195      0.00000037
      5.29436642      0.00000036
      5.29680089      0.00000036
      5.29923536      0.00000036
      5.30166983      0.00000035
      5.30410430      0.00000035
      5.30653877      0.00000035
      5.30897324      0.00000035
      5.31140772      0.00000034
      5.31384219      0.00000034
      5.31627666      0.00000034
      5.31871113      0.00000034
      5.32114560      0.00000033
      5.32358007      0.00000033
      5.32601454      0.00000033
      5.32844902      0.00000032
      5.33088349      0.00000032
      5.33331796      0.00000032
      5.33575243      0.00000032
      5.33818690      0.00000031
      5.34062137      0.00000031
      5.34305584      0.00000031
      5.34549031      0.00000031
      5.34792479      0.00000030
      5.35035926      0.00000030
      5.35279373      0.00000030
      5.35522820      0.00000030
      5.35766267      0.00000029
      5.36009714      0.00000029
      5.36253161      0.00000029
      5.36496608      0.00000029
      5.36740056      0.00000028
      5.36983503      0.00000028
      5.37226950      0.00000028
      5.37470397      0.00000028
      5.37713844      0.00000027
      5.37957291      0.00000027
      5.38200738      0.00000027
      5.38444185      0.00000027
      5.38687633      0.00000027
      5.38931080      0.00000026
      5.39174527      0.00000026
      5.39417974      0.00000026
      5.39661421      0.00000026
      5.39904868      0.00000025
      5.40148315      0.00000025
      5.40391762      0.00000025
      5.40635210      0.00000025
      5.40878657      0.00000025
      5.41122104      0.00000024
      5.41365551      0.00000024
      5.41608998      0.00000024
      5.41852445      0.00000024
      5.42095892      0.00000024
      5.42339340      0.00000023
      5.42582787      0.00000023
      5.42826234      0.00000023
      5.43069681      0.00000023
      5.43313128      0.00000023
      5.43556575      0.00000022
      5.43800022      0.00000022
      5.44043469      0.00000022
      5.44286917      0.00000022
      5.44530364      0.00000022
      5.44773811      0.00000021
      5.45017258      0.00000021
      5.45260705      0.00000021
      5.45504152      0.00000021
      5.45747599      0.00000021
      5.45991046      0.00000020
      5.46234494      0.00000020
      5.46477941      0.00000020
      5.46721388      0.00000020
      5.46964835      0.00000020
      5.47208282      0.00000020
      5.47451729      0.00000019
      5.47695176      0.00000019
      5.47938623      0.00000019
      5.48182071      0.00000019
      5.48425518      0.00000019
      5.48668965      0.00000018
      5.48912412      0.00000018
      5.49155859      0.00000018
      5.49399306      0.00000018
      5.49642753      0.00000018
      5.49886200      0.00000018
      5.50129648      0.00000017
      5.50373095      0.00000017
      5.50616542      0.00000017
      5.50859989      0.00000017
      5.51103436      0.00000017
      5.51346883      0.00000017
      5.51590330      0.00000017
      5.51833778      0.00000016
      5.52077225      0.00000016
      5.52320672      0.00000016
      5.52564119      0.00000016
      5.52807566      0.00000016
      5.53051013      0.00000016
      5.53294460      0.00000016
      5.53537907      0.00000015
      5.53781355      0.00000015
      5.54024802      0.00000015
      5.54268249      0.00000015
      5.54511696      0.00000015
      5.54755143      0.00000015
      5.54998590      0.00000015
      5.55242037      0.00000014
      5.55485484      0.00000014
      5.55728932      0.00000014
      5.55972379      0.00000014
      5.56215826      0.00000014
      5.56459273      0.00000014
      5.56702720      0.00000014
      5.56946167      0.00000013
      5.57189614      0.00000013
      5.57433061      0.00000013
      5.57676509      0.00000013
      5.57919956      0.00000013
      5.58163403      0.00000013
      5.58406850      0.00000013
      5.58650297      0.00000013
