      0.00226248      0.00008505
      0.00527911      0.00008533
      0.00829575      0.00008562
      0.01131239      0.00008591
      0.01432902      0.00008620
      0.01734566      0.00008649
      0.02036230      0.00008678
      0.02337893      0.00008707
      0.02639557      0.00008736
      0.02941221      0.00008765
      0.03242884      0.00008795
      0.03544548      0.00008824
      0.03846212      0.00008853
      0.04147875      0.00008883
      0.04449539      0.00008912
      0.04751203      0.00008942
      0.05052866      0.00008971
      0.05354530      0.00009001
      0.05656194      0.00009031
      0.05957857      0.00009061
      0.06259521      0.00009091
      0.06561184      0.00009121
      0.06862848      0.00009151
      0.07164512      0.00009181
      0.07466175      0.00009211
      0.07767839      0.00009241
      0.08069503      0.00009271
      0.08371166      0.00009301
      0.08672830      0.00009332
      0.08974494      0.00009362
      0.09276157      0.00009393
      0.09577821      0.00009423
      0.09879485      0.00009454
      0.10181148      0.00009485
      0.10482812      0.00009515
      0.10784476      0.00009546
      0.11086139      0.00009577
      0.11387803      0.00009608
      0.11689467      0.00009639
      0.11991130      0.00009670
      0.12292794      0.00009701
      0.12594458      0.00009732
      0.12896121      0.00009763
      0.13197785      0.00009795
      0.13499449      0.00009826
      0.13801112      0.00009857
      0.14102776      0.00009889
      0.14404440      0.00009920
      0.14706103      0.00009952
      0.15007767      0.00009983
      0.15309430      0.00010015
      0.15611094      0.00010047
      0.15912758      0.00010079
      0.16214421      0.00010110
      0.16516085      0.00010142
      0.16817749      0.00010174
      0.17119412      0.00010206
      0.17421076      0.00010238
      0.17722740      0.00010270
      0.18024403      0.00010303
      0.18326067      0.00010335
      0.18627731      0.00010367
      0.18929394      0.00010400
      0.19231058      0.00010432
      0.19532722      0.00010464
      0.19834385      0.00010497
      0.20136049      0.00010529
      0.20437713      0.00010562
      0.20739376      0.00010595
      0.21041040      0.00010627
      0.21342704      0.00010660
      0.21644367      0.00010693
      0.21946031      0.00010726
      0.22247695      0.00010759
      0.22549358      0.00010792
      0.22851022      0.00010825
      0.23152685      0.00010858
      0.23454349      0.00010891
      0.23756013      0.00010924
      0.24057676      0.00010957
      0.24359340      0.00010990
      0.24661004      0.00011023
      0.24962667      0.00011057
      0.25264331      0.00011090
      0.25565995      0.00011123
      0.25867658      0.00011157
      0.26169322      0.00011190
      0.26470986      0.00011224
      0.26772649      0.00011257
      0.27074313      0.00011291
      0.27375977      0.00011324
      0.27677640      0.00011358
      0.27979304      0.00011392
      0.28280968      0.00011425
      0.28582631      0.00011459
      0.28884295      0.00011493
      0.29185959      0.00011527
      0.29487622      0.00011560
      0.29789286      0.00011594
      0.30090950      0.00011628
      0.30392613      0.00011662
      0.30694277      0.00011696
      0.30995941      0.00011730
      0.31297604      0.00011764
      0.31599268      0.00011798
      0.31900931      0.00011832
      0.32202595      0.00011866
      0.32504259      0.00011900
      0.32805922      0.00011934
      0.33107586      0.00011968
      0.33409250      0.00012002
      0.33710913      0.00012036
      0.34012577      0.00012070
      0.34314241      0.00012104
      0.34615904      0.00012138
      0.34917568      0.00012172
      0.35219232      0.00012206
      0.35520895      0.00012240
      0.35822559      0.00012274
      0.36124223      0.00012309
      0.36425886      0.00012343
      0.36727550      0.00012377
      0.37029214      0.00012411
      0.37330877      0.00012445
      0.37632541      0.00012479
      0.37934205      0.00012513
      0.38235868      0.00012547
      0.38537532      0.00012581
      0.38839196      0.00012615
      0.39140859      0.00012649
      0.39442523      0.00012683
      0.39744186      0.00012717
      0.40045850      0.00012751
      0.40347514      0.00012785
      0.40649177      0.00012819
      0.40950841      0.00012853
      0.41252505      0.00012887
      0.41554168      0.00012920
      0.41855832      0.00012954
      0.42157496      0.00012988
      0.42459159      0.00013022
      0.42760823      0.00013055
      0.43062487      0.00013089
      0.43364150      0.00013122
      0.43665814      0.00013156
      0.43967478      0.00013189
      0.44269141      0.00013223
      0.44570805      0.00013256
      0.44872469      0.00013290
      0.45174132      0.00013323
      0.45475796      0.00013356
      0.45777460      0.00013389
      0.46079123      0.00013422
      0.46380787      0.00013455
      0.46682451      0.00013488
      0.46984114      0.00013521
      0.47285778      0.00013554
      0.47587442      0.00013587
      0.47889105      0.00013620
      0.48190769      0.00013652
      0.48492432      0.00013685
      0.48794096      0.00013717
      0.49095760      0.00013750
      0.49397423      0.00013782
      0.49699087      0.00013814
      0.50000751      0.00013846
      0.50302414      0.00013878
      0.50604078      0.00013910
      0.50905742      0.00013942
      0.51207405      0.00013974
      0.51509069      0.00014006
      0.51810733      0.00014037
      0.52112396      0.00014069
      0.52414060      0.00014100
      0.52715724      0.00014131
      0.53017387      0.00014162
      0.53319051      0.00014193
      0.53620715      0.00014224
      0.53922378      0.00014255
      0.54224042      0.00014285
      0.54525706      0.00014316
      0.54827369      0.00014346
      0.55129033      0.00014377
      0.55430697      0.00014407
      0.55732360      0.00014437
      0.56034024      0.00014467
      0.56335688      0.00014496
      0.56637351      0.00014526
      0.56939015      0.00014555
      0.57240678      0.00014584
      0.57542342      0.00014614
      0.57844006      0.00014643
      0.58145669      0.00014671
      0.58447333      0.00014700
      0.58748997      0.00014729
      0.59050660      0.00014757
      0.59352324      0.00014785
      0.59653988      0.00014813
      0.59955651      0.00014841
      0.60257315      0.00014868
      0.60558979      0.00014896
      0.60860642      0.00014923
      0.61162306      0.00014950
      0.61463970      0.00014977
      0.61765633      0.00015004
      0.62067297      0.00015031
      0.62368961      0.00015057
      0.62670624      0.00015083
      0.62972288      0.00015109
      0.63273952      0.00015135
      0.63575615      0.00015160
      0.63877279      0.00015186
      0.64178943      0.00015211
      0.64480606      0.00015236
      0.64782270      0.00015261
      0.65083933      0.00015285
      0.65385597      0.00015309
      0.65687261      0.00015333
      0.65988924      0.00015357
      0.66290588      0.00015381
      0.66592252      0.00015404
      0.66893915      0.00015427
      0.67195579      0.00015450
      0.67497243      0.00015473
      0.67798906      0.00015496
      0.68100570      0.00015518
      0.68402234      0.00015540
      0.68703897      0.00015561
      0.69005561      0.00015583
      0.69307225      0.00015604
      0.69608888      0.00015625
      0.69910552      0.00015646
      0.70212216      0.00015666
      0.70513879      0.00015687
      0.70815543      0.00015706
      0.71117207      0.00015726
      0.71418870      0.00015746
      0.71720534      0.00015765
      0.72022198      0.00015784
      0.72323861      0.00015802
      0.72625525      0.00015820
      0.72927189      0.00015838
      0.73228852      0.00015856
      0.73530516      0.00015874
      0.73832179      0.00015891
      0.74133843      0.00015908
      0.74435507      0.00015924
      0.74737170      0.00015940
      0.75038834      0.00015956
      0.75340498      0.00015972
      0.75642161      0.00015988
      0.75943825      0.00016003
      0.76245489      0.00016017
      0.76547152      0.00016032
      0.76848816      0.00016046
      0.77150480      0.00016060
      0.77452143      0.00016073
      0.77753807      0.00016087
      0.78055471      0.00016100
      0.78357134      0.00016112
      0.78658798      0.00016124
      0.78960462      0.00016136
      0.79262125      0.00016148
      0.79563789      0.00016159
      0.79865453      0.00016170
      0.80167116      0.00016181
      0.80468780      0.00016191
      0.80770444      0.00016201
      0.81072107      0.00016211
      0.81373771      0.00016220
      0.81675434      0.00016229
      0.81977098      0.00016237
      0.82278762      0.00016246
      0.82580425      0.00016254
      0.82882089      0.00016261
      0.83183753      0.00016268
      0.83485416      0.00016275
      0.83787080      0.00016282
      0.84088744      0.00016288
      0.84390407      0.00016294
      0.84692071      0.00016299
      0.84993735      0.00016304
      0.85295398      0.00016309
      0.85597062      0.00016313
      0.85898726      0.00016317
      0.86200389      0.00016321
      0.86502053      0.00016324
      0.86803717      0.00016327
      0.87105380      0.00016330
      0.87407044      0.00016332
      0.87708708      0.00016334
      0.88010371      0.00016335
      0.88312035      0.00016336
      0.88613699      0.00016337
      0.88915362      0.00016337
      0.89217026      0.00016337
      0.89518690      0.00016336
      0.89820353      0.00016336
      0.90122017      0.00016334
      0.90423680      0.00016333
      0.90725344      0.00016331
      0.91027008      0.00016329
      0.91328671      0.00016326
      0.91630335      0.00016323
      0.91931999      0.00016319
      0.92233662      0.00016315
      0.92535326      0.00016311
      0.92836990      0.00016307
      0.93138653      0.00016302
      0.93440317      0.00016296
      0.93741981      0.00016290
      0.94043644      0.00016284
      0.94345308      0.00016278
      0.94646972      0.00016271
      0.94948635      0.00016263
      0.95250299      0.00016256
      0.95551963      0.00016248
      0.95853626      0.00016239
      0.96155290      0.00016230
      0.96456954      0.00016221
      0.96758617      0.00016211
      0.97060281      0.00016201
      0.97361945      0.00016191
      0.97663608      0.00016180
      0.97965272      0.00016169
      0.98266935      0.00016157
      0.98568599      0.00016145
      0.98870263      0.00016133
      0.99171926      0.00016120
      0.99473590      0.00016107
      0.99775254      0.00016094
      1.00076917      0.00016080
      1.00378581      0.00016066
      1.00680245      0.00016051
      1.00981908      0.00016036
      1.01283572      0.00016021
      1.01585236      0.00016005
      1.01886899      0.00015989
      1.02188563      0.00015972
      1.02490227      0.00015955
      1.02791890      0.00015938
      1.03093554      0.00015920
      1.03395218      0.00015902
      1.03696881      0.00015884
      1.03998545      0.00015865
      1.04300209      0.00015846
      1.04601872      0.00015826
      1.04903536      0.00015806
      1.05205200      0.00015786
      1.05506863      0.00015765
      1.05808527      0.00015744
      1.06110191      0.00015723
      1.06411854      0.00015701
      1.06713518      0.00015679
      1.07015181      0.00015657
      1.07316845      0.00015634
      1.07618509      0.00015611
      1.07920172      0.00015587
      1.08221836      0.00015563
      1.08523500      0.00015539
      1.08825163      0.00015515
      1.09126827      0.00015490
      1.09428491      0.00015464
      1.09730154      0.00015439
      1.10031818      0.00015413
      1.10333482      0.00015386
      1.10635145      0.00015360
      1.10936809      0.00015333
      1.11238473      0.00015305
      1.11540136      0.00015278
      1.11841800      0.00015250
      1.12143464      0.00015221
      1.12445127      0.00015193
      1.12746791      0.00015164
      1.13048455      0.00015134
      1.13350118      0.00015105
      1.13651782      0.00015075
      1.13953446      0.00015044
      1.14255109      0.00015014
      1.14556773      0.00014983
      1.14858437      0.00014952
      1.15160100      0.00014920
      1.15461764      0.00014888
      1.15763427      0.00014856
      1.16065091      0.00014824
      1.16366755      0.00014791
      1.16668418      0.00014758
      1.16970082      0.00014725
      1.17271746      0.00014691
      1.17573409      0.00014657
      1.17875073      0.00014623
      1.18176737      0.00014589
      1.18478400      0.00014554
      1.18780064      0.00014519
      1.19081728      0.00014484
      1.19383391      0.00014448
      1.19685055      0.00014412
      1.19986719      0.00014376
      1.20288382      0.00014340
      1.20590046      0.00014303
      1.20891710      0.00014266
      1.21193373      0.00014229
      1.21495037      0.00014192
      1.21796701      0.00014154
      1.22098364      0.00014116
      1.22400028      0.00014078
      1.22701692      0.00014040
      1.23003355      0.00014001
      1.23305019      0.00013963
      1.23606682      0.00013924
      1.23908346      0.00013884
      1.24210010      0.00013845
      1.24511673      0.00013805
      1.24813337      0.00013765
      1.25115001      0.00013725
      1.25416664      0.00013685
      1.25718328      0.00013644
      1.26019992      0.00013604
      1.26321655      0.00013563
      1.26623319      0.00013522
      1.26924983      0.00013480
      1.27226646      0.00013439
      1.27528310      0.00013397
      1.27829974      0.00013355
      1.28131637      0.00013313
      1.28433301      0.00013271
      1.28734965      0.00013229
      1.29036628      0.00013186
      1.29338292      0.00013144
      1.29639956      0.00013101
      1.29941619      0.00013058
      1.30243283      0.00013015
      1.30544947      0.00012972
      1.30846610      0.00012928
      1.31148274      0.00012885
      1.31449938      0.00012841
      1.31751601      0.00012797
      1.32053265      0.00012753
      1.32354928      0.00012709
      1.32656592      0.00012665
      1.32958256      0.00012620
      1.33259919      0.00012576
      1.33561583      0.00012531
      1.33863247      0.00012487
      1.34164910      0.00012442
      1.34466574      0.00012397
      1.34768238      0.00012352
      1.35069901      0.00012307
      1.35371565      0.00012262
      1.35673229      0.00012217
      1.35974892      0.00012172
      1.36276556      0.00012126
      1.36578220      0.00012081
      1.36879883      0.00012035
      1.37181547      0.00011990
      1.37483211      0.00011944
      1.37784874      0.00011898
      1.38086538      0.00011853
      1.38388202      0.00011807
      1.38689865      0.00011761
      1.38991529      0.00011715
      1.39293193      0.00011669
      1.39594856      0.00011623
      1.39896520      0.00011577
      1.40198183      0.00011531
      1.40499847      0.00011485
      1.40801511      0.00011439
      1.41103174      0.00011393
      1.41404838      0.00011347
      1.41706502      0.00011301
      1.42008165      0.00011255
      1.42309829      0.00011209
      1.42611493      0.00011163
      1.42913156      0.00011117
      1.43214820      0.00011071
      1.43516484      0.00011025
      1.43818147      0.00010979
      1.44119811      0.00010933
      1.44421475      0.00010887
      1.44723138      0.00010841
      1.45024802      0.00010795
      1.45326466      0.00010749
      1.45628129      0.00010703
      1.45929793      0.00010657
      1.46231457      0.00010611
      1.46533120      0.00010566
      1.46834784      0.00010520
      1.47136448      0.00010474
      1.47438111      0.00010429
      1.47739775      0.00010383
      1.48041439      0.00010338
      1.48343102      0.00010293
      1.48644766      0.00010247
      1.48946429      0.00010202
      1.49248093      0.00010157
      1.49549757      0.00010112
      1.49851420      0.00010067
      1.50153084      0.00010022
      1.50454748      0.00009978
      1.50756411      0.00009933
      1.51058075      0.00009888
      1.51359739      0.00009844
      1.51661402      0.00009800
      1.51963066      0.00009755
      1.52264730      0.00009711
      1.52566393      0.00009667
      1.52868057      0.00009623
      1.53169721      0.00009580
      1.53471384      0.00009536
      1.53773048      0.00009492
      1.54074712      0.00009449
      1.54376375      0.00009406
      1.54678039      0.00009363
      1.54979703      0.00009320
      1.55281366      0.00009277
      1.55583030      0.00009234
      1.55884694      0.00009192
      1.56186357      0.00009149
      1.56488021      0.00009107
      1.56789684      0.00009065
      1.57091348      0.00009023
      1.57393012      0.00008982
      1.57694675      0.00008940
      1.57996339      0.00008899
      1.58298003      0.00008857
      1.58599666      0.00008816
      1.58901330      0.00008775
      1.59202994      0.00008735
      1.59504657      0.00008694
      1.59806321      0.00008654
      1.60107985      0.00008614
      1.60409648      0.00008574
      1.60711312      0.00008534
      1.61012976      0.00008494
      1.61314639      0.00008455
      1.61616303      0.00008416
      1.61917967      0.00008377
      1.62219630      0.00008338
      1.62521294      0.00008299
      1.62822958      0.00008261
      1.63124621      0.00008223
      1.63426285      0.00008185
      1.63727949      0.00008147
      1.64029612      0.00008110
      1.64331276      0.00008072
      1.64632940      0.00008035
      1.64934603      0.00007998
      1.65236267      0.00007962
      1.65537930      0.00007925
      1.65839594      0.00007889
      1.66141258      0.00007853
      1.66442921      0.00007817
      1.66744585      0.00007782
      1.67046249      0.00007746
      1.67347912      0.00007711
      1.67649576      0.00007676
      1.67951240      0.00007642
      1.68252903      0.00007607
      1.68554567      0.00007573
      1.68856231      0.00007539
      1.69157894      0.00007506
      1.69459558      0.00007472
      1.69761222      0.00007439
      1.70062885      0.00007406
      1.70364549      0.00007374
      1.70666213      0.00007341
      1.70967876      0.00007309
      1.71269540      0.00007277
      1.71571204      0.00007245
      1.71872867      0.00007214
      1.72174531      0.00007183
      1.72476195      0.00007152
      1.72777858      0.00007121
      1.73079522      0.00007091
      1.73381186      0.00007061
      1.73682849      0.00007031
      1.73984513      0.00007001
      1.74286176      0.00006972
      1.74587840      0.00006943
      1.74889504      0.00006914
      1.75191167      0.00006885
      1.75492831      0.00006857
      1.75794495      0.00006829
      1.76096158      0.00006801
      1.76397822      0.00006774
      1.76699486      0.00006746
      1.77001149      0.00006719
      1.77302813      0.00006693
      1.77604477      0.00006666
      1.77906140      0.00006640
      1.78207804      0.00006614
      1.78509468      0.00006588
      1.78811131      0.00006563
      1.79112795      0.00006538
      1.79414459      0.00006513
      1.79716122      0.00006488
      1.80017786      0.00006464
      1.80319450      0.00006440
      1.80621113      0.00006416
      1.80922777      0.00006392
      1.81224441      0.00006369
      1.81526104      0.00006346
      1.81827768      0.00006323
      1.82129431      0.00006301
      1.82431095      0.00006279
      1.82732759      0.00006257
      1.83034422      0.00006235
      1.83336086      0.00006213
      1.83637750      0.00006192
      1.83939413      0.00006171
      1.84241077      0.00006151
      1.84542741      0.00006130
      1.84844404      0.00006110
      1.85146068      0.00006090
      1.85447732      0.00006071
      1.85749395      0.00006051
      1.86051059      0.00006032
      1.86352723      0.00006013
      1.86654386      0.00005995
      1.86956050      0.00005977
      1.87257714      0.00005959
      1.87559377      0.00005941
      1.87861041      0.00005923
      1.88162705      0.00005906
      1.88464368      0.00005889
      1.88766032      0.00005872
      1.89067696      0.00005856
      1.89369359      0.00005839
      1.89671023      0.00005823
      1.89972687      0.00005808
      1.90274350      0.00005792
      1.90576014      0.00005777
      1.90877677      0.00005762
      1.91179341      0.00005747
      1.91481005      0.00005732
      1.91782668      0.00005718
      1.92084332      0.00005704
      1.92385996      0.00005690
      1.92687659      0.00005677
      1.92989323      0.00005663
      1.93290987      0.00005650
      1.93592650      0.00005637
      1.93894314      0.00005625
      1.94195978      0.00005612
      1.94497641      0.00005600
      1.94799305      0.00005588
      1.95100969      0.00005576
      1.95402632      0.00005565
      1.95704296      0.00005553
      1.96005960      0.00005542
      1.96307623      0.00005532
      1.96609287      0.00005521
      1.96910951      0.00005511
      1.97212614      0.00005500
      1.97514278      0.00005490
      1.97815942      0.00005481
      1.98117605      0.00005471
      1.98419269      0.00005462
      1.98720932      0.00005453
      1.99022596      0.00005444
      1.99324260      0.00005435
      1.99625923      0.00005426
      1.99927587      0.00005418
      2.00229251      0.00005410
      2.00530914      0.00005402
      2.00832578      0.00005394
      2.01134242      0.00005387
      2.01435905      0.00005379
      2.01737569      0.00005372
      2.02039233      0.00005365
      2.02340896      0.00005358
      2.02642560      0.00005352
      2.02944224      0.00005345
      2.03245887      0.00005339
      2.03547551      0.00005333
      2.03849215      0.00005327
      2.04150878      0.00005322
      2.04452542      0.00005316
      2.04754206      0.00005311
      2.05055869      0.00005305
      2.05357533      0.00005300
      2.05659197      0.00005295
      2.05960860      0.00005291
      2.06262524      0.00005286
      2.06564188      0.00005282
      2.06865851      0.00005277
      2.07167515      0.00005273
      2.07469178      0.00005269
      2.07770842      0.00005266
      2.08072506      0.00005262
      2.08374169      0.00005258
      2.08675833      0.00005255
      2.08977497      0.00005252
      2.09279160      0.00005249
      2.09580824      0.00005246
      2.09882488      0.00005243
      2.10184151      0.00005240
      2.10485815      0.00005238
      2.10787479      0.00005235
      2.11089142      0.00005233
      2.11390806      0.00005231
      2.11692470      0.00005229
      2.11994133      0.00005227
      2.12295797      0.00005225
      2.12597461      0.00005223
      2.12899124      0.00005221
      2.13200788      0.00005220
      2.13502452      0.00005218
      2.13804115      0.00005217
      2.14105779      0.00005216
      2.14407443      0.00005215
      2.14709106      0.00005214
      2.15010770      0.00005213
      2.15312434      0.00005212
      2.15614097      0.00005211
      2.15915761      0.00005210
      2.16217424      0.00005210
      2.16519088      0.00005209
      2.16820752      0.00005209
      2.17122415      0.00005208
      2.17424079      0.00005208
      2.17725743      0.00005208
      2.18027406      0.00005208
      2.18329070      0.00005208
      2.18630734      0.00005208
      2.18932397      0.00005208
      2.19234061      0.00005208
      2.19535725      0.00005208
      2.19837388      0.00005208
      2.20139052      0.00005209
      2.20440716      0.00005209
      2.20742379      0.00005209
      2.21044043      0.00005210
      2.21345707      0.00005210
      2.21647370      0.00005211
      2.21949034      0.00005211
      2.22250698      0.00005212
      2.22552361      0.00005212
      2.22854025      0.00005213
      2.23155689      0.00005214
      2.23457352      0.00005215
      2.23759016      0.00005215
      2.24060679      0.00005216
      2.24362343      0.00005217
      2.24664007      0.00005218
      2.24965670      0.00005219
      2.25267334      0.00005219
      2.25568998      0.00005220
      2.25870661      0.00005221
      2.26172325      0.00005222
      2.26473989      0.00005223
      2.26775652      0.00005224
      2.27077316      0.00005225
      2.27378980      0.00005226
      2.27680643      0.00005226
      2.27982307      0.00005227
      2.28283971      0.00005228
      2.28585634      0.00005229
      2.28887298      0.00005230
      2.29188962      0.00005231
      2.29490625      0.00005232
      2.29792289      0.00005233
      2.30093953      0.00005233
      2.30395616      0.00005234
      2.30697280      0.00005235
      2.30998944      0.00005236
      2.31300607      0.00005236
      2.31602271      0.00005237
      2.31903935      0.00005238
      2.32205598      0.00005238
      2.32507262      0.00005239
      2.32808925      0.00005240
      2.33110589      0.00005240
      2.33412253      0.00005241
      2.33713916      0.00005241
      2.34015580      0.00005242
      2.34317244      0.00005242
      2.34618907      0.00005242
      2.34920571      0.00005243
      2.35222235      0.00005243
      2.35523898      0.00005243
      2.35825562      0.00005243
      2.36127226      0.00005243
      2.36428889      0.00005243
      2.36730553      0.00005243
      2.37032217      0.00005243
      2.37333880      0.00005243
      2.37635544      0.00005243
      2.37937208      0.00005243
      2.38238871      0.00005242
      2.38540535      0.00005242
      2.38842199      0.00005241
      2.39143862      0.00005241
      2.39445526      0.00005240
      2.39747190      0.00005240
      2.40048853      0.00005239
      2.40350517      0.00005238
      2.40652180      0.00005237
      2.40953844      0.00005236
      2.41255508      0.00005235
      2.41557171      0.00005234
      2.41858835      0.00005233
      2.42160499      0.00005232
      2.42462162      0.00005230
      2.42763826      0.00005229
      2.43065490      0.00005227
      2.43367153      0.00005226
      2.43668817      0.00005224
      2.43970481      0.00005222
      2.44272144      0.00005220
      2.44573808      0.00005218
      2.44875472      0.00005216
      2.45177135      0.00005214
      2.45478799      0.00005212
      2.45780463      0.00005209
      2.46082126      0.00005207
      2.46383790      0.00005204
      2.46685454      0.00005202
      2.46987117      0.00005199
      2.47288781      0.00005196
      2.47590445      0.00005193
      2.47892108      0.00005190
      2.48193772      0.00005187
      2.48495436      0.00005184
      2.48797099      0.00005180
      2.49098763      0.00005177
      2.49400426      0.00005173
      2.49702090      0.00005169
      2.50003754      0.00005166
      2.50305417      0.00005162
      2.50607081      0.00005158
      2.50908745      0.00005154
      2.51210408      0.00005150
      2.51512072      0.00005145
      2.51813736      0.00005141
      2.52115399      0.00005136
      2.52417063      0.00005132
      2.52718727      0.00005127
      2.53020390      0.00005122
      2.53322054      0.00005117
      2.53623718      0.00005112
      2.53925381      0.00005107
      2.54227045      0.00005101
      2.54528709      0.00005096
      2.54830372      0.00005090
      2.55132036      0.00005085
      2.55433700      0.00005079
      2.55735363      0.00005073
      2.56037027      0.00005067
      2.56338691      0.00005061
      2.56640354      0.00005055
      2.56942018      0.00005048
      2.57243681      0.00005042
      2.57545345      0.00005035
      2.57847009      0.00005028
      2.58148672      0.00005022
      2.58450336      0.00005015
      2.58752000      0.00005008
      2.59053663      0.00005000
      2.59355327      0.00004993
      2.59656991      0.00004986
      2.59958654      0.00004978
      2.60260318      0.00004971
      2.60561982      0.00004963
      2.60863645      0.00004955
      2.61165309      0.00004947
      2.61466973      0.00004939
      2.61768636      0.00004931
      2.62070300      0.00004922
      2.62371964      0.00004914
      2.62673627      0.00004905
      2.62975291      0.00004897
      2.63276955      0.00004888
      2.63578618      0.00004879
      2.63880282      0.00004870
      2.64181946      0.00004861
      2.64483609      0.00004852
      2.64785273      0.00004842
      2.65086937      0.00004833
      2.65388600      0.00004823
      2.65690264      0.00004814
      2.65991927      0.00004804
      2.66293591      0.00004794
      2.66595255      0.00004784
      2.66896918      0.00004774
      2.67198582      0.00004763
      2.67500246      0.00004753
      2.67801909      0.00004743
      2.68103573      0.00004732
      2.68405237      0.00004721
      2.68706900      0.00004711
      2.69008564      0.00004700
      2.69310228      0.00004689
      2.69611891      0.00004678
      2.69913555      0.00004667
      2.70215219      0.00004655
      2.70516882      0.00004644
      2.70818546      0.00004632
      2.71120210      0.00004621
      2.71421873      0.00004609
      2.71723537      0.00004597
      2.72025201      0.00004585
      2.72326864      0.00004573
      2.72628528      0.00004561
      2.72930192      0.00004549
      2.73231855      0.00004537
      2.73533519      0.00004525
      2.73835183      0.00004512
      2.74136846      0.00004500
      2.74438510      0.00004487
      2.74740173      0.00004474
      2.75041837      0.00004461
      2.75343501      0.00004448
      2.75645164      0.00004435
      2.75946828      0.00004422
      2.76248492      0.00004409
      2.76550155      0.00004396
      2.76851819      0.00004383
      2.77153483      0.00004369
      2.77455146      0.00004356
      2.77756810      0.00004342
      2.78058474      0.00004328
      2.78360137      0.00004315
      2.78661801      0.00004301
      2.78963465      0.00004287
      2.79265128      0.00004273
      2.79566792      0.00004259
      2.79868456      0.00004245
      2.80170119      0.00004230
      2.80471783      0.00004216
      2.80773447      0.00004202
      2.81075110      0.00004187
      2.81376774      0.00004173
      2.81678438      0.00004158
      2.81980101      0.00004144
      2.82281765      0.00004129
      2.82583428      0.00004114
      2.82885092      0.00004099
      2.83186756      0.00004084
      2.83488419      0.00004070
      2.83790083      0.00004055
      2.84091747      0.00004039
      2.84393410      0.00004024
      2.84695074      0.00004009
      2.84996738      0.00003994
      2.85298401      0.00003979
      2.85600065      0.00003963
      2.85901729      0.00003948
      2.86203392      0.00003932
      2.86505056      0.00003917
      2.86806720      0.00003901
      2.87108383      0.00003886
      2.87410047      0.00003870
      2.87711711      0.00003855
      2.88013374      0.00003839
      2.88315038      0.00003823
      2.88616702      0.00003807
      2.88918365      0.00003791
      2.89220029      0.00003776
      2.89521693      0.00003760
      2.89823356      0.00003744
      2.90125020      0.00003728
      2.90426684      0.00003712
      2.90728347      0.00003696
      2.91030011      0.00003679
      2.91331674      0.00003663
      2.91633338      0.00003647
      2.91935002      0.00003631
      2.92236665      0.00003615
      2.92538329      0.00003599
      2.92839993      0.00003582
      2.93141656      0.00003566
      2.93443320      0.00003550
      2.93744984      0.00003533
      2.94046647      0.00003517
      2.94348311      0.00003501
      2.94649975      0.00003484
      2.94951638      0.00003468
      2.95253302      0.00003452
      2.95554966      0.00003435
      2.95856629      0.00003419
      2.96158293      0.00003402
      2.96459957      0.00003386
      2.96761620      0.00003369
      2.97063284      0.00003353
      2.97364948      0.00003336
      2.97666611      0.00003320
      2.97968275      0.00003303
      2.98269939      0.00003287
      2.98571602      0.00003270
      2.98873266      0.00003254
      2.99174929      0.00003237
      2.99476593      0.00003221
      2.99778257      0.00003204
      3.00079920      0.00003188
      3.00381584      0.00003171
      3.00683248      0.00003155
      3.00984911      0.00003138
      3.01286575      0.00003122
      3.01588239      0.00003106
      3.01889902      0.00003089
      3.02191566      0.00003073
      3.02493230      0.00003056
      3.02794893      0.00003040
      3.03096557      0.00003023
      3.03398221      0.00003007
      3.03699884      0.00002991
      3.04001548      0.00002974
      3.04303212      0.00002958
      3.04604875      0.00002942
      3.04906539      0.00002925
      3.05208203      0.00002909
      3.05509866      0.00002893
      3.05811530      0.00002877
      3.06113194      0.00002861
      3.06414857      0.00002844
      3.06716521      0.00002828
      3.07018185      0.00002812
      3.07319848      0.00002796
      3.07621512      0.00002780
      3.07923175      0.00002764
      3.08224839      0.00002748
      3.08526503      0.00002732
      3.08828166      0.00002716
      3.09129830      0.00002700
      3.09431494      0.00002684
      3.09733157      0.00002668
      3.10034821      0.00002653
      3.10336485      0.00002637
      3.10638148      0.00002621
      3.10939812      0.00002606
      3.11241476      0.00002590
      3.11543139      0.00002574
      3.11844803      0.00002559
      3.12146467      0.00002543
      3.12448130      0.00002528
      3.12749794      0.00002512
      3.13051458      0.00002497
      3.13353121      0.00002482
      3.13654785      0.00002466
      3.13956449      0.00002451
      3.14258112      0.00002436
      3.14559776      0.00002421
      3.14861440      0.00002406
      3.15163103      0.00002391
      3.15464767      0.00002376
      3.15766430      0.00002361
      3.16068094      0.00002346
      3.16369758      0.00002331
      3.16671421      0.00002316
      3.16973085      0.00002301
      3.17274749      0.00002287
      3.17576412      0.00002272
      3.17878076      0.00002257
      3.18179740      0.00002243
      3.18481403      0.00002228
      3.18783067      0.00002214
      3.19084731      0.00002200
      3.19386394      0.00002185
      3.19688058      0.00002171
      3.19989722      0.00002157
      3.20291385      0.00002143
      3.20593049      0.00002129
      3.20894713      0.00002115
      3.21196376      0.00002101
      3.21498040      0.00002087
      3.21799704      0.00002073
      3.22101367      0.00002060
      3.22403031      0.00002046
      3.22704695      0.00002032
      3.23006358      0.00002019
      3.23308022      0.00002005
      3.23609686      0.00001992
      3.23911349      0.00001978
      3.24213013      0.00001965
      3.24514676      0.00001952
      3.24816340      0.00001939
      3.25118004      0.00001926
      3.25419667      0.00001913
      3.25721331      0.00001900
      3.26022995      0.00001887
      3.26324658      0.00001874
      3.26626322      0.00001861
      3.26927986      0.00001848
      3.27229649      0.00001836
      3.27531313      0.00001823
      3.27832977      0.00001811
      3.28134640      0.00001798
      3.28436304      0.00001786
      3.28737968      0.00001774
      3.29039631      0.00001762
      3.29341295      0.00001749
      3.29642959      0.00001737
      3.29944622      0.00001725
      3.30246286      0.00001714
      3.30547950      0.00001702
      3.30849613      0.00001690
      3.31151277      0.00001678
      3.31452941      0.00001667
      3.31754604      0.00001655
      3.32056268      0.00001644
      3.32357932      0.00001632
      3.32659595      0.00001621
      3.32961259      0.00001609
      3.33262922      0.00001598
      3.33564586      0.00001587
      3.33866250      0.00001576
      3.34167913      0.00001565
      3.34469577      0.00001554
      3.34771241      0.00001543
      3.35072904      0.00001533
      3.35374568      0.00001522
      3.35676232      0.00001511
      3.35977895      0.00001501
      3.36279559      0.00001490
      3.36581223      0.00001480
      3.36882886      0.00001470
      3.37184550      0.00001459
      3.37486214      0.00001449
      3.37787877      0.00001439
      3.38089541      0.00001429
      3.38391205      0.00001419
      3.38692868      0.00001409
      3.38994532      0.00001399
      3.39296196      0.00001389
      3.39597859      0.00001380
      3.39899523      0.00001370
      3.40201187      0.00001361
      3.40502850      0.00001351
      3.40804514      0.00001342
      3.41106177      0.00001332
      3.41407841      0.00001323
      3.41709505      0.00001314
      3.42011168      0.00001305
      3.42312832      0.00001296
      3.42614496      0.00001287
      3.42916159      0.00001278
      3.43217823      0.00001269
      3.43519487      0.00001260
      3.43821150      0.00001252
      3.44122814      0.00001243
      3.44424478      0.00001235
      3.44726141      0.00001226
      3.45027805      0.00001218
      3.45329469      0.00001209
      3.45631132      0.00001201
      3.45932796      0.00001193
      3.46234460      0.00001185
      3.46536123      0.00001177
      3.46837787      0.00001169
      3.47139451      0.00001161
      3.47441114      0.00001153
      3.47742778      0.00001145
      3.48044442      0.00001137
      3.48346105      0.00001130
      3.48647769      0.00001122
      3.48949433      0.00001115
      3.49251096      0.00001107
      3.49552760      0.00001100
      3.49854423      0.00001092
      3.50156087      0.00001085
      3.50457751      0.00001078
      3.50759414      0.00001071
      3.51061078      0.00001064
      3.51362742      0.00001057
      3.51664405      0.00001050
      3.51966069      0.00001043
      3.52267733      0.00001036
      3.52569396      0.00001029
      3.52871060      0.00001022
      3.53172724      0.00001016
      3.53474387      0.00001009
      3.53776051      0.00001003
      3.54077715      0.00000996
      3.54379378      0.00000990
      3.54681042      0.00000983
      3.54982706      0.00000977
      3.55284369      0.00000971
      3.55586033      0.00000965
      3.55887697      0.00000959
      3.56189360      0.00000953
      3.56491024      0.00000947
      3.56792688      0.00000941
      3.57094351      0.00000935
      3.57396015      0.00000929
      3.57697678      0.00000923
      3.57999342      0.00000917
      3.58301006      0.00000912
      3.58602669      0.00000906
      3.58904333      0.00000901
      3.59205997      0.00000895
      3.59507660      0.00000890
      3.59809324      0.00000884
      3.60110988      0.00000879
      3.60412651      0.00000874
      3.60714315      0.00000868
      3.61015979      0.00000863
      3.61317642      0.00000858
      3.61619306      0.00000853
      3.61920970      0.00000848
      3.62222633      0.00000843
      3.62524297      0.00000838
      3.62825961      0.00000833
      3.63127624      0.00000828
      3.63429288      0.00000824
      3.63730952      0.00000819
      3.64032615      0.00000814
      3.64334279      0.00000810
      3.64635943      0.00000805
      3.64937606      0.00000800
      3.65239270      0.00000796
      3.65540934      0.00000792
      3.65842597      0.00000787
      3.66144261      0.00000783
      3.66445924      0.00000778
      3.66747588      0.00000774
      3.67049252      0.00000770
      3.67350915      0.00000766
      3.67652579      0.00000762
      3.67954243      0.00000757
      3.68255906      0.00000753
      3.68557570      0.00000749
      3.68859234      0.00000745
      3.69160897      0.00000741
      3.69462561      0.00000738
      3.69764225      0.00000734
      3.70065888      0.00000730
      3.70367552      0.00000726
      3.70669216      0.00000722
      3.70970879      0.00000719
      3.71272543      0.00000715
      3.71574207      0.00000711
      3.71875870      0.00000708
      3.72177534      0.00000704
      3.72479198      0.00000701
      3.72780861      0.00000697
      3.73082525      0.00000694
      3.73384189      0.00000690
      3.73685852      0.00000687
      3.73987516      0.00000684
      3.74289179      0.00000680
      3.74590843      0.00000677
      3.74892507      0.00000674
      3.75194170      0.00000671
      3.75495834      0.00000667
      3.75797498      0.00000664
      3.76099161      0.00000661
      3.76400825      0.00000658
      3.76702489      0.00000655
      3.77004152      0.00000652
      3.77305816      0.00000649
      3.77607480      0.00000646
      3.77909143      0.00000643
      3.78210807      0.00000640
      3.78512471      0.00000637
      3.78814134      0.00000634
      3.79115798      0.00000632
      3.79417462      0.00000629
      3.79719125      0.00000626
      3.80020789      0.00000623
      3.80322453      0.00000620
      3.80624116      0.00000618
      3.80925780      0.00000615
      3.81227444      0.00000612
      3.81529107      0.00000610
      3.81830771      0.00000607
      3.82132435      0.00000605
      3.82434098      0.00000602
      3.82735762      0.00000600
      3.83037425      0.00000597
      3.83339089      0.00000595
      3.83640753      0.00000592
      3.83942416      0.00000590
      3.84244080      0.00000587
      3.84545744      0.00000585
      3.84847407      0.00000583
      3.85149071      0.00000580
      3.85450735      0.00000578
      3.85752398      0.00000576
      3.86054062      0.00000573
      3.86355726      0.00000571
      3.86657389      0.00000569
      3.86959053      0.00000567
      3.87260717      0.00000564
      3.87562380      0.00000562
      3.87864044      0.00000560
      3.88165708      0.00000558
      3.88467371      0.00000556
      3.88769035      0.00000554
      3.89070699      0.00000552
      3.89372362      0.00000549
      3.89674026      0.00000547
      3.89975690      0.00000545
      3.90277353      0.00000543
      3.90579017      0.00000541
      3.90880681      0.00000539
      3.91182344      0.00000537
      3.91484008      0.00000535
      3.91785671      0.00000533
      3.92087335      0.00000531
      3.92388999      0.00000529
      3.92690662      0.00000528
      3.92992326      0.00000526
      3.93293990      0.00000524
      3.93595653      0.00000522
      3.93897317      0.00000520
      3.94198981      0.00000518
      3.94500644      0.00000516
      3.94802308      0.00000515
      3.95103972      0.00000513
      3.95405635      0.00000511
      3.95707299      0.00000509
      3.96008963      0.00000507
      3.96310626      0.00000506
      3.96612290      0.00000504
      3.96913954      0.00000502
      3.97215617      0.00000500
      3.97517281      0.00000499
      3.97818945      0.00000497
      3.98120608      0.00000495
      3.98422272      0.00000493
      3.98723936      0.00000492
      3.99025599      0.00000490
      3.99327263      0.00000488
      3.99628926      0.00000487
      3.99930590      0.00000485
      4.00232254      0.00000483
      4.00533917      0.00000482
      4.00835581      0.00000480
      4.01137245      0.00000479
      4.01438908      0.00000477
      4.01740572      0.00000475
      4.02042236      0.00000474
      4.02343899      0.00000472
      4.02645563      0.00000471
      4.02947227      0.00000469
      4.03248890      0.00000467
      4.03550554      0.00000466
      4.03852218      0.00000464
      4.04153881      0.00000463
      4.04455545      0.00000461
      4.04757209      0.00000460
      4.05058872      0.00000458
      4.05360536      0.00000457
      4.05662200      0.00000455
      4.05963863      0.00000453
      4.06265527      0.00000452
      4.06567191      0.00000450
      4.06868854      0.00000449
      4.07170518      0.00000447
      4.07472182      0.00000446
      4.07773845      0.00000444
      4.08075509      0.00000443
      4.08377172      0.00000441
      4.08678836      0.00000440
      4.08980500      0.00000439
      4.09282163      0.00000437
      4.09583827      0.00000436
      4.09885491      0.00000434
      4.10187154      0.00000433
      4.10488818      0.00000431
      4.10790482      0.00000430
      4.11092145      0.00000428
      4.11393809      0.00000427
      4.11695473      0.00000425
      4.11997136      0.00000424
      4.12298800      0.00000423
      4.12600464      0.00000421
      4.12902127      0.00000420
      4.13203791      0.00000418
      4.13505455      0.00000417
      4.13807118      0.00000415
      4.14108782      0.00000414
      4.14410446      0.00000413
      4.14712109      0.00000411
      4.15013773      0.00000410
      4.15315437      0.00000408
      4.15617100      0.00000407
      4.15918764      0.00000406
      4.16220427      0.00000404
      4.16522091      0.00000403
      4.16823755      0.00000401
      4.17125418      0.00000400
      4.17427082      0.00000399
      4.17728746      0.00000397
      4.18030409      0.00000396
      4.18332073      0.00000394
      4.18633737      0.00000393
      4.18935400      0.00000392
      4.19237064      0.00000390
      4.19538728      0.00000389
      4.19840391      0.00000387
      4.20142055      0.00000386
      4.20443719      0.00000385
      4.20745382      0.00000383
      4.21047046      0.00000382
      4.21348710      0.00000380
      4.21650373      0.00000379
      4.21952037      0.00000378
      4.22253701      0.00000376
      4.22555364      0.00000375
      4.22857028      0.00000374
      4.23158692      0.00000372
      4.23460355      0.00000371
      4.23762019      0.00000370
      4.24063683      0.00000368
      4.24365346      0.00000367
      4.24667010      0.00000365
      4.24968673      0.00000364
      4.25270337      0.00000363
      4.25572001      0.00000361
      4.25873664      0.00000360
      4.26175328      0.00000359
      4.26476992      0.00000357
      4.26778655      0.00000356
      4.27080319      0.00000355
      4.27381983      0.00000353
      4.27683646      0.00000352
      4.27985310      0.00000350
      4.28286974      0.00000349
      4.28588637      0.00000348
      4.28890301      0.00000346
      4.29191965      0.00000345
      4.29493628      0.00000344
      4.29795292      0.00000342
      4.30096956      0.00000341
      4.30398619      0.00000340
      4.30700283      0.00000338
      4.31001947      0.00000337
      4.31303610      0.00000336
      4.31605274      0.00000334
      4.31906938      0.00000333
      4.32208601      0.00000332
      4.32510265      0.00000330
      4.32811928      0.00000329
      4.33113592      0.00000327
      4.33415256      0.00000326
      4.33716919      0.00000325
      4.34018583      0.00000323
      4.34320247      0.00000322
      4.34621910      0.00000321
      4.34923574      0.00000319
      4.35225238      0.00000318
      4.35526901      0.00000317
      4.35828565      0.00000315
      4.36130229      0.00000314
      4.36431892      0.00000313
      4.36733556      0.00000311
      4.37035220      0.00000310
      4.37336883      0.00000309
      4.37638547      0.00000307
      4.37940211      0.00000306
      4.38241874      0.00000305
      4.38543538      0.00000303
      4.38845202      0.00000302
      4.39146865      0.00000301
      4.39448529      0.00000299
      4.39750193      0.00000298
      4.40051856      0.00000297
      4.40353520      0.00000295
      4.40655184      0.00000294
      4.40956847      0.00000293
      4.41258511      0.00000292
      4.41560174      0.00000290
      4.41861838      0.00000289
      4.42163502      0.00000288
      4.42465165      0.00000286
      4.42766829      0.00000285
      4.43068493      0.00000284
      4.43370156      0.00000282
      4.43671820      0.00000281
      4.43973484      0.00000280
      4.44275147      0.00000278
      4.44576811      0.00000277
      4.44878475      0.00000276
      4.45180138      0.00000274
      4.45481802      0.00000273
      4.45783466      0.00000272
      4.46085129      0.00000271
      4.46386793      0.00000269
      4.46688457      0.00000268
      4.46990120      0.00000267
      4.47291784      0.00000265
      4.47593448      0.00000264
      4.47895111      0.00000263
      4.48196775      0.00000262
      4.48498439      0.00000260
      4.48800102      0.00000259
      4.49101766      0.00000258
      4.49403430      0.00000256
      4.49705093      0.00000255
      4.50006757      0.00000254
      4.50308420      0.00000253
      4.50610084      0.00000251
      4.50911748      0.00000250
      4.51213411      0.00000249
      4.51515075      0.00000248
      4.51816739      0.00000246
      4.52118402      0.00000245
      4.52420066      0.00000244
      4.52721730      0.00000243
      4.53023393      0.00000241
      4.53325057      0.00000240
      4.53626721      0.00000239
      4.53928384      0.00000238
      4.54230048      0.00000236
      4.54531712      0.00000235
      4.54833375      0.00000234
      4.55135039      0.00000233
      4.55436703      0.00000231
      4.55738366      0.00000230
      4.56040030      0.00000229
      4.56341694      0.00000228
      4.56643357      0.00000226
      4.56945021      0.00000225
      4.57246685      0.00000224
      4.57548348      0.00000223
      4.57850012      0.00000222
      4.58151675      0.00000220
      4.58453339      0.00000219
      4.58755003      0.00000218
      4.59056666      0.00000217
      4.59358330      0.00000216
      4.59659994      0.00000214
      4.59961657      0.00000213
      4.60263321      0.00000212
      4.60564985      0.00000211
      4.60866648      0.00000210
      4.61168312      0.00000208
      4.61469976      0.00000207
      4.61771639      0.00000206
      4.62073303      0.00000205
      4.62374967      0.00000204
      4.62676630      0.00000203
      4.62978294      0.00000201
      4.63279958      0.00000200
      4.63581621      0.00000199
      4.63883285      0.00000198
      4.64184949      0.00000197
      4.64486612      0.00000196
      4.64788276      0.00000195
      4.65089940      0.00000193
      4.65391603      0.00000192
      4.65693267      0.00000191
      4.65994931      0.00000190
      4.66296594      0.00000189
      4.66598258      0.00000188
      4.66899921      0.00000187
      4.67201585      0.00000185
      4.67503249      0.00000184
      4.67804912      0.00000183
      4.68106576      0.00000182
      4.68408240      0.00000181
      4.68709903      0.00000180
      4.69011567      0.00000179
      4.69313231      0.00000178
      4.69614894      0.00000177
      4.69916558      0.00000176
      4.70218222      0.00000175
      4.70519885      0.00000173
      4.70821549      0.00000172
      4.71123213      0.00000171
      4.71424876      0.00000170
      4.71726540      0.00000169
      4.72028204      0.00000168
      4.72329867      0.00000167
      4.72631531      0.00000166
      4.72933195      0.00000165
      4.73234858      0.00000164
      4.73536522      0.00000163
      4.73838186      0.00000162
      4.74139849      0.00000161
      4.74441513      0.00000160
      4.74743176      0.00000159
      4.75044840      0.00000158
      4.75346504      0.00000157
      4.75648167      0.00000156
      4.75949831      0.00000155
      4.76251495      0.00000154
      4.76553158      0.00000153
      4.76854822      0.00000152
      4.77156486      0.00000151
      4.77458149      0.00000150
      4.77759813      0.00000149
      4.78061477      0.00000148
      4.78363140      0.00000147
      4.78664804      0.00000146
      4.78966468      0.00000145
      4.79268131      0.00000144
      4.79569795      0.00000143
      4.79871459      0.00000142
      4.80173122      0.00000141
      4.80474786      0.00000140
      4.80776450      0.00000139
      4.81078113      0.00000138
      4.81379777      0.00000137
      4.81681441      0.00000136
      4.81983104      0.00000135
      4.82284768      0.00000134
      4.82586432      0.00000133
      4.82888095      0.00000132
      4.83189759      0.00000132
      4.83491422      0.00000131
      4.83793086      0.00000130
      4.84094750      0.00000129
      4.84396413      0.00000128
      4.84698077      0.00000127
      4.84999741      0.00000126
      4.85301404      0.00000125
      4.85603068      0.00000124
      4.85904732      0.00000123
      4.86206395      0.00000123
      4.86508059      0.00000122
      4.86809723      0.00000121
      4.87111386      0.00000120
      4.87413050      0.00000119
      4.87714714      0.00000118
      4.88016377      0.00000117
      4.88318041      0.00000117
      4.88619705      0.00000116
      4.88921368      0.00000115
      4.89223032      0.00000114
      4.89524696      0.00000113
      4.89826359      0.00000112
      4.90128023      0.00000112
      4.90429687      0.00000111
      4.90731350      0.00000110
      4.91033014      0.00000109
      4.91334677      0.00000108
      4.91636341      0.00000107
      4.91938005      0.00000107
      4.92239668      0.00000106
      4.92541332      0.00000105
      4.92842996      0.00000104
      4.93144659      0.00000103
      4.93446323      0.00000103
      4.93747987      0.00000102
      4.94049650      0.00000101
      4.94351314      0.00000100
      4.94652978      0.00000100
      4.94954641      0.00000099
      4.95256305      0.00000098
      4.95557969      0.00000097
      4.95859632      0.00000097
      4.96161296      0.00000096
      4.96462960      0.00000095
      4.96764623      0.00000094
      4.97066287      0.00000094
      4.97367951      0.00000093
      4.97669614      0.00000092
      4.97971278      0.00000091
      4.98272942      0.00000091
      4.98574605      0.00000090
      4.98876269      0.00000089
      4.99177933      0.00000089
      4.99479596      0.00000088
      4.99781260      0.00000087
      5.00082923      0.00000087
      5.00384587      0.00000086
      5.00686251      0.00000085
      5.00987914      0.00000084
      5.01289578      0.00000084
      5.01591242      0.00000083
      5.01892905      0.00000082
      5.02194569      0.00000082
      5.02496233      0.00000081
      5.02797896      0.00000080
      5.03099560      0.00000080
      5.03401224      0.00000079
      5.03702887      0.00000079
      5.04004551      0.00000078
      5.04306215      0.00000077
      5.04607878      0.00000077
      5.04909542      0.00000076
      5.05211206      0.00000075
      5.05512869      0.00000075
      5.05814533      0.00000074
      5.06116197      0.00000073
      5.06417860      0.00000073
      5.06719524      0.00000072
      5.07021188      0.00000072
      5.07322851      0.00000071
      5.07624515      0.00000070
      5.07926179      0.00000070
      5.08227842      0.00000069
      5.08529506      0.00000069
      5.08831169      0.00000068
      5.09132833      0.00000068
      5.09434497      0.00000067
      5.09736160      0.00000066
      5.10037824      0.00000066
      5.10339488      0.00000065
      5.10641151      0.00000065
      5.10942815      0.00000064
      5.11244479      0.00000064
      5.11546142      0.00000063
      5.11847806      0.00000062
      5.12149470      0.00000062
      5.12451133      0.00000061
      5.12752797      0.00000061
      5.13054461      0.00000060
      5.13356124      0.00000060
      5.13657788      0.00000059
      5.13959452      0.00000059
      5.14261115      0.00000058
      5.14562779      0.00000058
      5.14864443      0.00000057
      5.15166106      0.00000057
      5.15467770      0.00000056
      5.15769434      0.00000056
      5.16071097      0.00000055
      5.16372761      0.00000055
      5.16674424      0.00000054
      5.16976088      0.00000054
      5.17277752      0.00000053
      5.17579415      0.00000053
      5.17881079      0.00000052
      5.18182743      0.00000052
      5.18484406      0.00000051
      5.18786070      0.00000051
      5.19087734      0.00000050
      5.19389397      0.00000050
      5.19691061      0.00000049
      5.19992725      0.00000049
      5.20294388      0.00000049
      5.20596052      0.00000048
      5.20897716      0.00000048
      5.21199379      0.00000047
      5.21501043      0.00000047
      5.21802707      0.00000046
      5.22104370      0.00000046
      5.22406034      0.00000045
      5.22707698      0.00000045
      5.23009361      0.00000045
      5.23311025      0.00000044
      5.23612689      0.00000044
      5.23914352      0.00000043
      5.24216016      0.00000043
      5.24517680      0.00000043
      5.24819343      0.00000042
      5.25121007      0.00000042
      5.25422670      0.00000041
      5.25724334      0.00000041
      5.26025998      0.00000041
      5.26327661      0.00000040
      5.26629325      0.00000040
      5.26930989      0.00000039
      5.27232652      0.00000039
      5.27534316      0.00000039
      5.27835980      0.00000038
      5.28137643      0.00000038
      5.28439307      0.00000038
      5.28740971      0.00000037
      5.29042634      0.00000037
      5.29344298      0.00000036
      5.29645962      0.00000036
      5.29947625      0.00000036
      5.30249289      0.00000035
      5.30550953      0.00000035
      5.30852616      0.00000035
      5.31154280      0.00000034
      5.31455944      0.00000034
      5.31757607      0.00000034
      5.32059271      0.00000033
      5.32360935      0.00000033
      5.32662598      0.00000033
      5.32964262      0.00000032
      5.33265925      0.00000032
      5.33567589      0.00000032
      5.33869253      0.00000031
      5.34170916      0.00000031
      5.34472580      0.00000031
      5.34774244      0.00000030
      5.35075907      0.00000030
      5.35377571      0.00000030
      5.35679235      0.00000029
      5.35980898      0.00000029
      5.36282562      0.00000029
      5.36584226      0.00000029
      5.36885889      0.00000028
      5.37187553      0.00000028
      5.37489217      0.00000028
      5.37790880      0.00000027
      5.38092544      0.00000027
      5.38394208      0.00000027
      5.38695871      0.00000027
      5.38997535      0.00000026
      5.39299199      0.00000026
      5.39600862      0.00000026
      5.39902526      0.00000025
      5.40204190      0.00000025
      5.40505853      0.00000025
      5.40807517      0.00000025
      5.41109181      0.00000024
      5.41410844      0.00000024
      5.41712508      0.00000024
      5.42014171      0.00000024
      5.42315835      0.00000023
      5.42617499      0.00000023
      5.42919162      0.00000023
      5.43220826      0.00000023
      5.43522490      0.00000022
      5.43824153      0.00000022
      5.44125817      0.00000022
      5.44427481      0.00000022
      5.44729144      0.00000021
      5.45030808      0.00000021
      5.45332472      0.00000021
      5.45634135      0.00000021
      5.45935799      0.00000020
      5.46237463      0.00000020
      5.46539126      0.00000020
      5.46840790      0.00000020
      5.47142454      0.00000020
      5.47444117      0.00000019
      5.47745781      0.00000019
      5.48047445      0.00000019
      5.48349108      0.00000019
      5.48650772      0.00000019
      5.48952436      0.00000018
      5.49254099      0.00000018
      5.49555763      0.00000018
      5.49857426      0.00000018
      5.50159090      0.00000017
      5.50460754      0.00000017
      5.50762417      0.00000017
      5.51064081      0.00000017
      5.51365745      0.00000017
      5.51667408      0.00000017
      5.51969072      0.00000016
      5.52270736      0.00000016
      5.52572399      0.00000016
      5.52874063      0.00000016
      5.53175727      0.00000016
      5.53477390      0.00000015
      5.53779054      0.00000015
      5.54080718      0.00000015
      5.54382381      0.00000015
      5.54684045      0.00000015
      5.54985709      0.00000015
      5.55287372      0.00000014
      5.55589036      0.00000014
      5.55890700      0.00000014
      5.56192363      0.00000014
      5.56494027      0.00000014
      5.56795691      0.00000014
      5.57097354      0.00000013
      5.57399018      0.00000013
      5.57700682      0.00000013
      5.58002345      0.00000013
      5.58304009      0.00000013
      5.58605672      0.00000013
      5.58907336      0.00000012
      5.59209000      0.00000012
