0.0    2.366456e-10    0.0    4.836619e-10    0.0
0.002    0.0    1.35819e-06    0.0    2.7759e-06
0.003    2.724922e-10    0.0    5.56928e-10    0.0
0.004    1.803211e-10    0.0    3.68545e-10    0.0
0.005    3.527486e-10    0.0    7.20957e-10    0.0
0.006    5.20968e-10    0.0    1.06477e-09    0.0
0.007    3.44012e-10    2.00878e-06    7.03103e-10    4.1056e-06
0.011    8.00471e-11    1.32125e-06    1.63603e-10    2.70041e-06
0.012    1.587487e-10    0.0    3.24455e-10    0.0
0.013    7.86934e-11    0.0    1.60836e-10    0.0
0.015    0.0    1.30317e-06    0.0    2.66346e-06
0.018    1.43567e-10    0.0    2.93427e-10    0.0
0.02    0.0    6.4248e-07    0.0    1.31312e-06
0.022    8.1427e-11    0.0    1.664228e-10    0.0
0.023    2.007046e-10    0.0    4.10205e-10    0.0
0.025    1.293648e-10    0.0    2.644e-10    0.0
0.026    6.39115e-11    0.0    1.30624e-10    0.0
0.027    1.25308e-11    0.0    2.56107e-11    0.0
0.041    4.94106e-11    0.0    1.00987e-10    0.0
0.042    4.8932e-11    0.0    1.00009e-10    0.0
0.054    0.0    1.15031e-07    0.0    2.35103e-07
0.06    7.17407e-12    0.0    1.46626e-11    0.0
0.072    0.0    5.41662e-07    0.0    1.10706e-06
0.09    0.0    5.10196e-07    0.0    1.04275e-06
0.091    0.0    5.09673e-07    0.0    1.04168e-06
0.109    0.0    1.439497e-06    0.0    2.94208e-06
0.127    0.0    1.355047e-06    0.0    2.769487e-06
0.128    0.0    4.50201e-07    0.0    9.20134e-07
0.178    0.0    8.34711e-07    0.0    1.706e-06
0.181    0.0    7.50442e-07    0.0    1.53377e-06
0.184    0.0    1.11316e-06    0.0    2.27511e-06
0.187    0.0    7.33533e-07    0.0    1.49921e-06
0.19    0.0    7.25659e-07    0.0    1.48312e-06
0.197    0.0    1.06423e-06    0.0    2.17511e-06
0.31    0.0    4.69263e-07    0.0    9.59093e-07
0.316    0.0    4.59054e-07    0.0    9.38228e-07
0.322    0.0    4.48439e-07    0.0    9.16532e-07
0.328    0.0    4.37809e-07    0.0    8.94806e-07
0.329    0.0    4.3747e-07    0.0    8.94114e-07
0.334    0.0    4.2817e-07    0.0    8.75105e-07
0.34    0.0    4.18173e-07    0.0    8.54674e-07
0.347    0.0    4.08486e-07    0.0    8.34874e-07
0.352    0.0    3.99395e-07    0.0    8.16294e-07
0.364    0.0    3.8116e-07    0.0    7.79024e-07
0.389    0.0    3.46314e-07    0.0    7.07807e-07
0.391    0.0    3.43349e-07    0.0    7.01747e-07
0.393    0.0    3.40341e-07    0.0    6.95598e-07
0.395    0.0    3.37406e-07    0.0    6.89599e-07
0.397    0.0    3.34505e-07    0.0    6.8367e-07
0.402    0.0    3.28726e-07    0.0    6.7186e-07
0.405    0.0    5.403654e-07    0.0    1.104415e-06
0.437    0.0    2.84574e-07    0.0    5.8162e-07
0.438    0.0    2.84193e-07    0.0    5.80841e-07
0.444    0.0    2.77195e-07    0.0    5.66538e-07
0.446    0.0    2.74991e-07    0.0    5.62033e-07
0.448    0.0    2.72752e-07    0.0    5.57458e-07
0.452    0.0    2.68375e-07    0.0    5.48513e-07
0.454    0.0    2.66236e-07    0.0    5.44141e-07
0.459    0.0    2.59872e-07    0.0    5.31134e-07
0.471    0.0    2.47478e-07    0.0    5.05802e-07
0.486    0.0    1.16366e-07    0.0    2.37832e-07
0.489    0.0    3.43908e-07    0.0    7.02889e-07
0.528    0.0    2.909452e-07    0.0    5.94642e-07
0.532    0.0    9.5208e-08    0.0    1.94589e-07
0.533    0.0    1.90033e-07    0.0    3.88395e-07
0.536    0.0    2.80679e-07    0.0    5.73659e-07
0.537    0.0    1.85984e-07    0.0    3.80119e-07
0.54    0.0    2.758474e-07    0.0    5.63784e-07
0.544    0.0    3.615e-07    0.0    7.38844e-07
0.548    0.0    1.77674e-07    0.0    3.63135e-07
0.552    0.0    1.74468e-07    0.0    3.56583e-07
0.553    0.0    1.73316e-07    0.0    3.54229e-07
0.561    0.0    1.67751e-07    0.0    3.42855e-07
0.568    0.0    2.43507e-07    0.0    4.97687e-07
0.574    0.0    1.58203e-07    0.0    3.23339e-07
0.576    0.0    1.56797e-07    0.0    3.20467e-07
0.579    0.0    7.73952e-08    0.0    1.58182e-07
0.58    0.0    2.30998e-07    0.0    4.7212e-07
0.589    0.0    1.47599e-07    0.0    3.01667e-07
0.592    0.0    7.29176e-08    0.0    1.49031e-07
0.593    0.0    1.450348e-07    0.0    2.96426e-07
0.594    0.0    2.15917e-07    0.0    4.41296e-07
0.596    0.0    1.43023e-07    0.0    2.92315e-07
0.597    0.0    1.42086e-07    0.0    2.90399e-07
0.599    0.0    1.40698e-07    0.0    2.87562e-07
0.603    0.0    1.38493e-07    0.0    2.83055e-07
0.606    0.0    4.783984e-07    0.0    9.77764e-07
0.608    0.0    1.35043e-07    0.0    2.76005e-07
0.61    0.0    1.34079e-07    0.0    2.74035e-07
0.611    0.0    1.33325e-07    0.0    2.72493e-07
0.613    0.0    1.3208e-07    0.0    2.69949e-07
0.616    0.0    1.29986e-07    0.0    2.65668e-07
0.62    0.0    6.39021e-08    0.0    1.30605e-07
0.634    0.0    5.9971e-08    0.0    1.2257e-07
0.639    0.0    5.83467e-08    0.0    1.19251e-07
0.643    0.0    1.14603e-07    0.0    2.34228e-07
0.644    0.0    5.69524e-08    0.0    1.16401e-07
0.647    0.0    1.12544e-07    0.0    2.3002e-07
0.648    0.0    1.11871e-07    0.0    2.28646e-07
0.649    0.0    5.55935e-08    0.0    1.13624e-07
0.67    0.0    5.02556e-08    0.0    1.02714e-07
0.672    0.0    4.98867e-08    0.0    1.0196e-07
0.675    0.0    9.80757e-08    0.0    2.0045e-07
0.678    0.0    4.84729e-08    0.0    9.90703e-08
0.679    0.0    9.64018e-08    0.0    1.97029e-07
0.681    0.0    9.53048e-08    0.0    1.94787e-07
0.683    0.0    4.71051e-08    0.0    9.62747e-08
0.696    0.0    4.42577e-08    0.0    9.0455e-08
0.697    0.0    1.32333e-07    0.0    2.70466e-07
0.698    0.0    8.75423e-08    0.0    1.78921e-07
0.7    0.0    2.16443e-07    0.0    4.42373e-07
0.703    0.0    8.56264e-08    0.0    1.75006e-07
0.708    0.0    8.35695e-08    0.0    1.70802e-07
0.712    0.0    8.1727e-09    0.0    1.67036e-08
0.718    0.0    3.95845e-08    0.0    8.09039e-08
0.719    0.0    7.89789e-08    0.0    1.61419e-07
0.72    0.0    3.93199e-08    0.0    8.03631e-08
0.721    0.0    7.80241e-08    0.0    1.59468e-07
0.724    0.0    7.70177e-08    0.0    1.57411e-07
0.726    0.0    7.59629e-08    0.0    1.55255e-07
0.727    0.0    1.89102e-07    0.0    3.86492e-07
0.734    0.0    7.31866e-08    0.0    1.49581e-07
0.735    0.0    1.819503e-07    0.0    3.718754e-07
0.738    0.0    3.58382e-08    0.0    7.32471e-08
0.742    0.0    3.50133e-08    0.0    7.1561e-08
0.749    0.0    6.76904e-08    0.0    1.38347e-07
0.752    0.0    6.66755e-08    0.0    1.36273e-07
0.753    0.0    6.63451e-08    0.0    1.35598e-07
0.754    0.0    6.60082e-08    0.0    1.34909e-07
0.764    0.0    6.23255e-09    0.0    1.27382e-08
0.766    0.0    6.18191e-08    0.0    1.26348e-07
0.767    0.0    3.07087e-08    0.0    6.27633e-08
0.769    0.0    6.08192e-08    0.0    1.24304e-07
0.77    0.0    1.208974e-07    0.0    2.47094e-07
0.772    0.0    2.99663e-08    0.0    6.12459e-08
0.774    0.0    5.90829e-08    0.0    1.20755e-07
0.775    0.0    1.179674e-07    0.0    2.41105e-07
0.776    0.0    5.85184e-08    0.0    1.19602e-07
0.777    0.0    1.165803e-07    0.0    2.3827e-07
0.778    0.0    5.79539e-08    0.0    1.18448e-07
0.779    0.0    5.76544e-08    0.0    1.17836e-07
0.782    0.0    5.68666e-08    0.0    1.16225e-07
0.788    0.0    5.48512e-08    0.0    1.12106e-07
0.792    0.0    5.39018e-08    0.0    1.10166e-07
0.796    0.0    5.27009e-08    0.0    1.07711e-07
0.8    0.0    1.02992e-07    0.0    2.10499e-07
0.803    0.0    5.06997e-08    0.0    1.03621e-07
0.804    0.0    5.03469e-08    0.0    1.029e-07
0.805    0.0    1.003631e-07    0.0    2.05125e-07
0.807    0.0    4.95457e-08    0.0    1.01263e-07
0.808    0.0    4.91948e-08    0.0    1.00546e-07
0.811    0.0    4.83777e-08    0.0    9.88756e-08
0.812    0.0    4.81594e-08    0.0    9.84294e-08
0.813    0.0    4.79417e-08    0.0    9.79846e-08
0.815    0.0    2.36466e-08    0.0    4.83295e-08
0.817    0.0    4.67934e-08    0.0    9.56376e-08
0.819    0.0    1.156582e-07    0.0    2.363859e-07
0.821    0.0    4.58482e-08    0.0    9.37058e-08
0.827    0.0    4.44002e-08    0.0    9.07465e-08
0.831    0.0    2.17151e-08    0.0    4.4382e-08
0.832    0.0    4.30155e-08    0.0    8.79162e-08
0.834    0.0    4.26431e-08    0.0    8.71552e-08
0.835    0.0    4.23931e-08    0.0    8.66442e-08
0.836    0.0    4.22727e-08    0.0    8.6398e-08
0.84    0.0    4.12098e-08    0.0    8.42257e-08
0.843    0.0    4.05082e-08    0.0    8.27917e-08
0.848    0.0    3.95072e-08    0.0    8.0746e-08
0.851    0.0    3.86857e-08    0.0    7.90669e-08
0.853    0.0    1.339816e-07    0.0    2.738349e-07
0.855    0.0    3.78998e-08    0.0    7.74606e-08
0.857    0.0    3.73613e-08    0.0    7.63599e-08
0.858    0.0    3.71224e-08    0.0    7.58717e-08
0.86    0.0    3.68594e-08    0.0    7.53342e-08
0.863    0.0    3.61038e-08    0.0    7.379e-08
0.87    0.0    2.59645e-08    0.0    5.30669e-08
0.872    0.0    1.71967e-08    0.0    3.51471e-08
0.874    0.0    3.39524e-08    0.0    6.93929e-08
0.875    0.0    6.74603e-08    0.0    1.378768e-07
0.876    0.0    3.35398e-08    0.0    6.85495e-08
0.877    0.0    4.9906e-08    0.0    1.01999e-07
0.878    0.0    6.62762e-08    0.0    1.35457e-07
0.881    0.0    3.24483e-08    0.0    6.63187e-08
0.882    0.0    3.2306e-08    0.0    6.60279e-08
0.883    0.0    6.43417e-08    0.0    1.315033e-07
0.885    0.0    3.18724e-08    0.0    6.51417e-08
0.886    0.0    3.16839e-08    0.0    6.47565e-08
0.889    0.0    3.09768e-08    0.0    6.33112e-08
0.891    0.0    4.59335e-08    0.0    9.38802e-08
0.894    0.0    6.03134e-08    0.0    1.232701e-07
0.895    0.0    1.49923e-08    0.0    3.06416e-08
0.896    0.0    2.97521e-08    0.0    6.08082e-08
0.901    0.0    1.44139e-08    0.0    2.94596e-08
0.902    0.0    2.87183e-08    0.0    5.86953e-08
0.904    0.0    1.41626e-08    0.0    2.8946e-08
0.905    0.0    1.40924e-08    0.0    2.88025e-08
0.906    0.0    5.6013e-08    0.0    1.144809e-07
0.908    0.0    2.77651e-08    0.0    5.67472e-08
0.91    0.0    1.36627e-08    0.0    2.79242e-08
0.913    0.0    2.68191e-08    0.0    5.48137e-08
0.915    0.0    1.32876e-08    0.0    2.71576e-08
0.918    0.0    3.91596e-08    0.0    8.00354e-08
0.919    0.0    5.18146e-08    0.0    1.059001e-07
0.92    0.0    2.58199e-08    0.0    5.27713e-08
0.921    0.0    1.28161e-08    0.0    2.6194e-08
0.922    0.0    5.08998e-08    0.0    1.040302e-07
0.923    0.0    2.52644e-08    0.0    5.1636e-08
0.924    0.0    8.8015e-08    0.0    1.798875e-07
0.925    0.0    3.75529e-08    0.0    7.67517e-08
0.926    0.0    2.47865e-08    0.0    5.06593e-08
0.929    0.0    2.43418e-08    0.0    4.97504e-08
0.93    0.0    4.8435e-08    0.0    9.89929e-08
0.932    0.0    4.77172e-08    0.0    9.75259e-08
0.933    0.0    1.18735e-08    0.0    2.42674e-08
0.936    0.0    2.3343e-08    0.0    4.7709e-08
0.939    0.0    4.58294e-08    0.0    9.36674e-08
0.941    0.0    3.38823e-08    0.0    6.92496e-08
0.942    0.0    3.37554e-08    0.0    6.89902e-08
0.946    0.0    6.56415e-08    0.0    1.341598e-07
0.948    0.0    4.33313e-08    0.0    8.85617e-08
0.95    0.0    7.48474e-08    0.0    1.529749e-07
0.951    0.0    4.24531e-08    0.0    8.67668e-08
0.952    0.0    9.49428e-08    0.0    1.940467e-07
0.953    0.0    4.1903e-08    0.0    8.56426e-08
0.955    0.0    2.07181e-08    0.0    4.23443e-08
0.957    0.0    2.03919e-08    0.0    4.16775e-08
0.958    0.0    5.06608e-08    0.0    1.035421e-07
0.967    0.0    1.91816e-08    0.0    3.9204e-08
0.968    0.0    1.89915e-08    0.0    3.88154e-08
0.971    0.0    1.87197e-08    0.0    3.82598e-08
0.973    0.0    3.69002e-08    0.0    7.54177e-08
0.974    0.0    9.14189e-09    0.0    1.86844e-08
0.976    0.0    5.42287e-08    0.0    1.108341e-07
0.977    0.0    8.99352e-09    0.0    1.83812e-08
0.978    0.0    5.36624e-08    0.0    1.09677e-07
0.979    0.0    1.77597e-08    0.0    3.62978e-08
0.985    0.0    1.70591e-08    0.0    3.48659e-08
0.988    0.0    1.6753e-08    0.0    3.42402e-08
0.99    0.0    1.64871e-08    0.0    3.36967e-08
0.991    0.0    1.63844e-08    0.0    3.34868e-08
0.992    0.0    1.62807e-08    0.0    3.3275e-08
0.993    0.0    8.11554e-09    0.0    1.65868e-08
0.995    0.0    7.98963e-09    0.0    1.63294e-08
0.997    0.0    2.3605e-08    0.0    4.82445e-08
0.998    0.0    3.13236e-08    0.0    6.40201e-08
0.999    0.0    1.55379e-08    0.0    3.17569e-08
1.0    0.0    7.7475e-09    0.0    1.58346e-08
1.002    0.0    1.52242e-08    0.0    3.11156e-08
1.003    0.0    3.03617e-08    0.0    6.20541e-08
1.004    0.0    1.50878e-08    0.0    3.08369e-08
1.005    0.0    4.48e-08    0.0    9.15634e-08
1.007    0.0    7.37777e-09    0.0    1.50789e-08
1.009    0.0    1.45771e-08    0.0    2.97932e-08
1.01    0.0    7.22175e-09    0.0    1.476e-08
1.012    0.0    7.12267e-09    0.0    1.45575e-08
1.013    0.0    7.07374e-09    0.0    1.44575e-08
1.014    0.0    2.806132e-08    0.0    5.73525e-08
1.017    0.0    1.37554e-08    0.0    2.81137e-08
1.019    0.0    1.36058e-08    0.0    2.78079e-08
1.02    0.0    1.34877e-08    0.0    2.75666e-08
1.021    0.0    2.67916e-08    0.0    5.47574e-08
1.022    0.0    2.66208e-08    0.0    5.44083e-08
1.023    0.0    1.98455e-08    0.0    4.05607e-08
1.024    0.0    2.75623e-08    0.0    5.63326e-08
1.025    0.0    2.61644e-08    0.0    5.34755e-08
1.026    0.0    1.942687e-08    0.0    3.97052e-08
1.028    0.0    4.476697e-08    0.0    9.14958e-08
1.03    0.0    1.26374e-08    0.0    2.58286e-08
1.031    0.0    1.2516e-08    0.0    2.55805e-08
1.032    0.0    3.73031e-08    0.0    7.6241e-08
1.033    0.0    1.23378e-08    0.0    2.52162e-08
1.034    0.0    2.44661e-08    0.0    5.00047e-08
1.035    0.0    2.43315e-08    0.0    4.97294e-08
1.037    0.0    1.20076e-08    0.0    2.45414e-08
1.038    0.0    5.96212e-09    0.0    1.21856e-08
1.039    0.0    1.18771e-08    0.0    2.42748e-08
1.04    0.0    1.17697e-08    0.0    2.40552e-08
1.042    0.0    4.64511e-08    0.0    9.49381e-08
1.043    0.0    1.728461e-08    0.0    3.53267e-08
1.044    0.0    1.1421e-08    0.0    2.33425e-08
1.045    0.0    4.54505e-08    0.0    9.28931e-08
1.046    0.0    3.38431e-08    0.0    6.91697e-08
1.047    0.0    1.12219e-08    0.0    2.29356e-08
1.049    0.0    1.10425e-08    0.0    2.2569e-08
1.05    0.0    1.09984e-08    0.0    2.24789e-08
1.051    0.0    1.08957e-08    0.0    2.2269e-08
1.053    0.0    1.179452e-08    0.0    2.410597e-08
1.054    0.0    1.06624e-08    0.0    2.17921e-08
1.055    0.0    5.30769e-09    0.0    1.0848e-08
1.057    0.0    1.04337e-08    0.0    2.13247e-08
1.059    0.0    1.03193e-08    0.0    2.10909e-08
1.06    0.0    5.11085e-09    0.0    1.04457e-08
1.061    0.0    1.519128e-08    0.0    3.10484e-08
1.062    0.0    1.00944e-08    0.0    2.06312e-08
1.063    0.0    1.997931e-08    0.0    4.08343e-08
1.064    0.0    1.988823e-08    0.0    4.06481e-08
1.065    0.0    4.94142e-09    0.0    1.00994e-08
1.066    0.0    9.7548e-09    0.0    1.99371e-08
1.067    0.0    9.7186e-09    0.0    1.98631e-08
1.068    0.0    9.64171e-09    0.0    1.9706e-08
1.069    0.0    1.438899e-08    0.0    2.940859e-08
1.07    0.0    9.48217e-09    0.0    1.93799e-08
1.071    0.0    1.882919e-08    0.0    3.84836e-08
1.072    0.0    1.86973e-08    0.0    3.8214e-08
1.073    0.0    9.31055e-09    0.0    1.90292e-08
1.074    0.0    9.24057e-09    0.0    1.88861e-08
1.076    0.0    9.12912e-09    0.0    1.86583e-08
1.077    0.0    9.04264e-09    0.0    1.84816e-08
1.078    0.0    8.9509e-09    0.0    1.82941e-08
1.079    0.0    8.90844e-09    0.0    1.82073e-08
1.08    0.0    8.84284e-09    0.0    1.80732e-08
1.082    0.0    8.74002e-09    0.0    1.78631e-08
1.083    0.0    8.66019e-09    0.0    1.76999e-08
1.085    0.0    1.700452e-08    0.0    3.47543e-08
1.086    0.0    4.24229e-09    0.0    8.67051e-09
1.087    0.0    1.678614e-08    0.0    3.430793e-08
1.088    0.0    2.497437e-08    0.0    5.10433e-08
1.09    0.0    1.229514e-08    0.0    2.512915e-08
1.091    0.0    2.847574e-08    0.0    5.81994e-08
1.093    0.0    8.03209e-09    0.0    1.64162e-08
1.094    0.0    2.391046e-08    0.0    4.88689e-08
1.095    0.0    7.93523e-09    0.0    1.62182e-08
1.096    0.0    7.83685e-09    0.0    1.60172e-08
1.097    0.0    3.117798e-08    0.0    6.37224e-08
1.098    0.0    2.319976e-08    0.0    4.74163e-08
1.101    0.0    1.132719e-08    0.0    2.315081e-08
1.102    0.0    1.501311e-08    0.0    3.06842e-08
1.103    0.0    7.43636e-09    0.0    1.51986e-08
1.105    0.0    7.36165e-09    0.0    1.50459e-08
1.106    0.0    1.459265e-08    0.0    2.98249e-08
1.107    0.0    1.083538e-08    0.0    2.214565e-08
1.108    0.0    7.19065e-09    0.0    1.46965e-08
1.109    0.0    2.133986e-08    0.0    4.36151e-08
1.11    0.0    1.058812e-08    0.0    2.16403e-08
1.111    0.0    1.402132e-08    0.0    2.86571e-08
1.112    0.0    3.82991e-08    0.0    7.82769e-08
1.114    0.0    1.712203e-08    0.0    3.499447e-08
1.115    0.0    2.379887e-08    0.0    4.86408e-08
1.116    0.0    1.01341e-08    0.0    2.071232e-08
1.117    0.0    6.70559e-09    0.0    1.37051e-08
1.118    0.0    3.31982e-09    0.0    6.78515e-09
1.119    0.0    6.59236e-09    0.0    1.34736e-08
1.12    0.0    6.5453e-09    0.0    1.337748e-08
1.123    0.0    1.599302e-08    0.0    3.268696e-08
1.124    0.0    1.266526e-08    0.0    2.58856e-08
1.125    0.0    1.576175e-08    0.0    3.221428e-08
1.127    0.0    3.10843e-09    0.0    6.35309e-09
1.128    0.0    6.15999e-09    0.0    1.259e-08
1.129    0.0    9.17163e-09    0.0    1.874526e-08
1.13    0.0    2.422469e-08    0.0    4.951104e-08
1.132    0.0    1.191926e-08    0.0    2.43609e-08
1.133    0.0    2.369505e-08    0.0    4.84287e-08
1.134    0.0    1.172303e-08    0.0    2.39599e-08
1.135    0.0    2.91092e-09    0.0    5.94941e-09
1.136    0.0    1.155256e-08    0.0    2.361138e-08
1.137    0.0    2.8636e-09    0.0    5.85271e-09
1.138    0.0    2.276235e-08    0.0    4.65223e-08
1.139    0.0    2.823461e-08    0.0    5.770672e-08
1.14    0.0    5.60274e-09    0.0    1.1451e-08
1.141    0.0    1.39041e-08    0.0    2.84176e-08
1.143    0.0    2.462552e-08    0.0    5.033027e-08
1.145    0.0    2.69596e-09    0.0    5.51007e-09
1.146    0.0    2.67605e-09    0.0    5.46938e-09
1.147    0.0    7.92274e-09    0.0    1.619276e-08
1.148    0.0    5.26509e-09    0.0    1.07609e-08
1.149    0.0    1.043594e-08    0.0    2.13293e-08
1.151    0.0    1.284914e-08    0.0    2.62614e-08
1.152    0.0    2.035898e-08    0.0    4.16101e-08
1.153    0.0    5.05011e-09    0.0    1.03215e-08
1.154    0.0    5.00546e-09    0.0    1.02303e-08
1.155    0.0    7.45935e-09    0.0    1.524561e-08
1.156    0.0    1.234063e-08    0.0    2.522217e-08
1.157    0.0    1.224685e-08    0.0    2.503051e-08
1.158    0.0    2.41904e-09    0.0    4.94411e-09
1.159    0.0    4.80643e-09    0.0    9.82352e-09
1.16    0.0    2.38908e-08    0.0    4.882862e-08
1.162    0.0    1.87927e-08    0.0    3.840904e-08
1.163    0.0    4.64998e-09    0.0    9.50376e-09
1.164    0.0    9.23658e-09    0.0    1.887798e-08
1.165    0.0    2.29532e-09    0.0    4.69124e-09
1.167    0.0    1.355757e-08    0.0    2.770933e-08
1.168    0.0    4.48967e-09    0.0    9.17612e-09
1.169    0.0    1.330018e-08    0.0    2.718328e-08
1.171    0.0    8.69721e-09    0.0    1.77756e-08
1.172    0.0    1.084463e-08    0.0    2.216457e-08
1.173    0.0    2.14213e-09    0.0    4.37813e-09
1.174    0.0    4.24128e-09    0.0    8.66845e-09
1.175    0.0    2.10769e-09    0.0    4.30776e-09
1.176    0.0    4.19682e-09    0.0    8.57758e-09
1.177    0.0    1.247261e-08    0.0    2.549187e-08
1.178    0.0    4.794961e-09    0.0    9.80007e-09
1.179    0.0    1.224215e-08    0.0    2.502085e-08
1.18    0.0    8.10521e-09    0.0    1.656567e-08
1.181    0.0    1.808476e-08    0.0    3.696214e-08
1.183    0.0    9.89822e-09    0.0    2.023021e-08
1.184    0.0    1.177945e-08    0.0    2.407516e-08
1.185    0.0    1.162141e-08    0.0    2.37522e-08
1.186    0.0    3.85996e-09    0.0    7.8891e-09
1.187    0.0    1.91769e-09    0.0    3.91942e-09
1.188    0.0    3.78042e-09    0.0    7.72652e-09
1.189    0.0    7.51248e-09    0.0    1.535422e-08
1.19    0.0    7.4514e-09    0.0    1.52294e-08
1.191    0.0    1.477592e-08    0.0    3.019944e-08
1.192    0.0    1.832496e-08    0.0    3.745302e-08
1.193    0.0    5.44205e-09    0.0    1.11226e-08
1.195    0.0    8.95301e-09    0.0    1.829838e-08
1.196    0.0    1.593397e-08    0.0    3.256627e-08
1.198    0.0    8.69258e-09    0.0    1.776615e-08
1.199    0.0    1.73045e-09    0.0    3.53674e-09
1.2    0.0    1.877597e-08    0.0    3.83748e-08
1.201    0.0    8.47903e-09    0.0    1.732967e-08
1.202    0.0    1.011313e-08    0.0    2.066949e-08
1.203    0.0    6.68027e-09    0.0    1.365333e-08
1.204    0.0    3.3005e-09    0.0    6.74565e-09
1.205    0.0    3.27414e-09    0.0    6.69178e-09
1.206    0.0    6.810757e-09    0.0    1.3919996e-08
1.207    0.0    3.21049e-09    0.0    6.56169e-09
1.208    0.0    4.79339e-09    0.0    9.79685e-09
1.209    0.0    4.75646e-09    0.0    9.72138e-09
1.21    0.0    1.57121e-08    0.0    3.211277e-08
1.211    0.0    9.32404e-09    0.0    1.905672e-08
1.212    0.0    1.541983e-08    0.0    3.151551e-08
1.213    0.0    1.221455e-08    0.0    2.496446e-08
1.215    0.0    7.50945e-09    0.0    1.534801e-08
1.216    0.0    5.95519e-09    0.0    1.217139e-08
1.217    0.0    8.86555e-09    0.0    1.811966e-08
1.218    0.0    5.83229e-09    0.0    1.192019e-08
1.22    0.0    1.4389e-09    0.0    2.94087e-09
1.222    0.0    2.8198e-09    0.0    5.76318e-09
1.223    0.0    1.540905e-08    0.0    3.14934e-08
1.224    0.0    8.30215e-09    0.0    1.696816e-08
1.225    0.0    7.835261e-09    0.0    1.601393e-08
1.226    0.0    1.632868e-08    0.0    3.337301e-08
1.227    0.0    2.70815e-09    0.0    5.53499e-09
1.228    0.0    2.67173e-09    0.0    5.46056e-09
1.229    0.0    6.61282e-09    0.0    1.351545e-08
1.23    0.0    2.63019e-09    0.0    5.37565e-09
1.231    0.0    7.80029e-09    0.0    1.594244e-08
1.232    0.0    3.86335e-09    0.0    7.89602e-09
1.233    0.0    5.13566e-09    0.0    1.049641e-08
1.234    0.0    6.3494e-09    0.0    1.297706e-08
1.235    0.0    6.28509e-09    0.0    1.284562e-08
1.236    0.0    7.47541e-09    0.0    1.527846e-08
1.237    0.0    2.47947e-09    0.0    5.06762e-09
1.239    0.0    1.089435e-08    0.0    2.226619e-08
1.24    0.0    3.60298e-09    0.0    7.36386e-09
1.241    0.0    9.50624e-09    0.0    1.942912e-08
1.242    0.0    8.27589e-09    0.0    1.691451e-08
1.244    0.0    8.11901e-09    0.0    1.659388e-08
1.245    0.0    6.88291e-09    0.0    1.406747e-08
1.246    0.0    1.365162e-08    0.0    2.790157e-08
1.247    0.0    4.49552e-09    0.0    9.18808e-09
1.248    0.0    8.93884e-09    0.0    1.826945e-08
1.249    0.0    5.5342e-09    0.0    1.131093e-08
1.25    0.0    9.87775e-09    0.0    2.018842e-08
1.251    0.0    4.35951e-09    0.0    8.91009e-09
1.252    0.0    2.15157e-09    0.0    4.39745e-09
1.253    0.0    7.47188e-09    0.0    1.527123e-08
1.254    0.0    1.584341e-08    0.0    3.23812e-08
1.255    0.0    3.13511e-09    0.0    6.40762e-09
1.256    0.0    2.07505e-09    0.0    4.24104e-09
1.257    0.0    4.10957e-09    0.0    8.39924e-09
1.258    0.0    8.14453e-09    0.0    1.664602e-08
1.259    0.0    1.008161e-08    0.0    2.060506e-08
1.26    0.0    3.990199e-09    0.0    8.15526e-09
1.261    0.0    2.969018e-09    0.0    6.06816e-09
1.262    0.0    1.468965e-08    0.0    3.002313e-08
1.263    0.0    9.72253e-09    0.0    1.987117e-08
1.265    0.0    1.91037e-09    0.0    3.90447e-09
1.266    0.0    1.88131e-09    0.0    3.84508e-09
1.267    0.0    7.48465e-09    0.0    1.529733e-08
1.269    0.0    3.68142e-09    0.0    7.52417e-09
1.27    0.0    9.07372e-09    0.0    1.85451e-08
1.271    0.0    3.59748e-09    0.0    7.35263e-09
1.272    0.0    6.225494e-09    0.0    1.272384e-08
1.273    0.0    3.525152e-09    0.0    7.2048e-09
1.274    0.0    1.047854e-08    0.0    2.141628e-08
1.275    0.0    1.2154802e-08    0.0    2.484231e-08
1.276    0.0    8.58193e-10    0.0    1.754e-09
1.277    0.0    1.69957e-09    0.0    3.47362e-09
1.278    0.0    7.575852e-09    0.0    1.548372e-08
1.279    0.0    3.32613e-09    0.0    6.79803e-09
1.28    0.0    2.470325e-09    0.0    5.04893e-09
1.281    0.0    3.27252e-09    0.0    6.68846e-09
1.282    0.0    6.46801e-09    0.0    1.321949e-08
1.283    0.0    1.60084e-09    0.0    3.27183e-09
1.284    0.0    2.389084e-09    0.0    4.88288e-09
1.285    0.0    4.72432e-09    0.0    9.65569e-09
1.286    0.0    3.88249e-09    0.0    7.93514e-09
1.287    0.0    3.08553e-09    0.0    6.3063e-09
1.288    0.0    3.815735e-09    0.0    7.7987e-09
1.289    0.0    1.055753e-08    0.0    2.157775e-08
1.29    0.0    2.255591e-09    0.0    4.61004e-09
1.291    0.0    1.47755e-09    0.0    3.01986e-09
1.292    0.0    8.07081e-09    0.0    1.649532e-08
1.293    0.0    7.27254e-09    0.0    1.486378e-08
1.294    0.0    1.43398e-09    0.0    2.93081e-09
1.295    0.0    4.98539e-09    0.0    1.018928e-08
1.296    0.0    4.23473e-09    0.0    8.65505e-09
1.297    0.0    3.503137e-09    0.0    7.15981e-09
1.298    0.0    2.76389e-09    0.0    5.64892e-09
1.299    0.0    6.85406e-09    0.0    1.400853e-08
1.3    0.0    1.221416e-08    0.0    2.496362e-08
1.303    0.0    3.94899e-09    0.0    8.07107e-09
1.304    0.0    3.90065e-09    0.0    7.97225e-09
1.305    0.0    2.57237e-09    0.0    5.25749e-09
1.306    0.0    1.27809e-09    0.0    2.6122e-09
1.307    0.0    3.79131e-09    0.0    7.74879e-09
1.308    0.0    3.75432e-09    0.0    7.67319e-09
1.309    0.0    8.663634e-09    0.0    1.770696e-08
1.31    0.0    5.517607e-09    0.0    1.127704e-08
1.311    0.0    2.42939e-09    0.0    4.96526e-09
1.312    0.0    2.40905e-09    0.0    4.92369e-09
1.313    0.0    1.18429e-09    0.0    2.42048e-09
1.314    0.0    4.71068e-09    0.0    9.62782e-09
1.315    0.0    5.82762e-09    0.0    1.191066e-08
1.316    0.0    4.62078e-09    0.0    9.44407e-09
1.317    0.0    2.291806e-09    0.0    4.68405e-09
1.318    0.0    1.12551e-09    0.0    2.30034e-09
1.319    0.0    1.119345e-08    0.0    2.287748e-08
1.32    0.0    6.649284e-09    0.0    1.358999e-08
1.321    0.0    1.09359e-09    0.0    2.23511e-09
1.322    0.0    5.42264e-09    0.0    1.108293e-08
1.323    0.0    1.605544e-09    0.0    3.28146e-09
1.324    0.0    1.596369e-09    0.0    3.26271e-09
1.325    0.0    3.679112e-09    0.0    7.51946e-09
1.326    0.0    8.94184e-09    0.0    1.827555e-08
1.327    0.0    2.57596e-09    0.0    5.26482e-09
1.328    0.0    3.05627e-09    0.0    6.24649e-09
1.329    0.0    2.0088e-09    0.0    4.10564e-09
1.33    0.0    3.490884e-09    0.0    7.13476e-09
1.331    0.0    2.956886e-09    0.0    6.04335e-09
1.332    0.0    6.351137e-09    0.0    1.2980618e-08
1.333    0.0    2.909078e-09    0.0    5.94566e-09
1.334    0.0    2.868412e-09    0.0    5.86254e-09
1.335    0.0    5.673229e-09    0.0    1.15951e-08
1.336    0.0    3.285933e-09    0.0    6.715875e-09
1.337    0.0    1.385695e-09    0.0    2.832123e-09
1.338    0.0    3.7566024e-09    0.0    7.677835e-09
1.339    0.0    4.532515e-09    0.0    9.26368e-09
1.34    0.0    4.922302e-09    0.0    1.0060352e-08
1.341    0.0    2.659547e-09    0.0    5.43566e-09
1.342    0.0    8.77037e-10    0.0    1.79251e-09
1.343    0.0    1.302018e-09    0.0    2.661098e-09
1.344    0.0    4.715112e-09    0.0    9.636879e-09
1.345    0.0    5.962671e-09    0.0    1.2186656e-08
1.346    0.0    1.683904e-09    0.0    3.441607e-09
1.347    0.0    3.324241e-09    0.0    6.794158e-09
1.348    0.0    1.642514e-09    0.0    3.35701e-09
1.349    0.0    6.92134e-09    0.0    1.414603e-08
1.35    0.0    2.417057e-09    0.0    4.94005e-09
1.352    0.0    3.931283e-09    0.0    8.03486e-09
1.353    0.0    4.293454e-09    0.0    8.775087e-09
1.354    0.0    4.240073e-09    0.0    8.665973e-09
1.355    0.0    6.102239e-09    0.0    1.247191e-08
1.356    0.0    1.505994e-09    0.0    3.07799e-09
1.357    0.0    4.481014e-09    0.0    9.15842e-09
1.36    0.0    4.32216e-09    0.0    8.83375e-09
1.361    0.0    1.426053e-09    0.0    2.91461e-09
1.362    0.0    5.303463e-09    0.0    1.0839366e-08
1.363    0.0    1.746842e-09    0.0    3.570241e-09
1.364    0.0    6.87509e-10    0.0    1.40515e-09
1.365    0.0    4.088509e-09    0.0    8.356204e-09
1.367    0.0    1.334589e-09    0.0    2.72766e-09
1.369    0.0    3.911241e-09    0.0    7.99389e-09
1.37    0.0    2.576228e-09    0.0    5.26537e-09
1.372    0.0    4.411725e-09    0.0    9.01681e-09
1.373    0.0    1.862238e-09    0.0    3.806096e-09
1.374    0.0    7.093984e-09    0.0    1.449888e-08
1.375    0.0    1.222972e-09    0.0    2.49954e-09
1.376    0.0    1.204396e-09    0.0    2.46158e-09
1.378    0.0    2.346616e-09    0.0    4.79608e-09
1.379    0.0    6.691536e-09    0.0    1.367634e-08
1.38    0.0    8.60715e-10    0.0    1.759157e-09
1.381    0.0    3.987042e-09    0.0    8.148816e-09
1.383    0.0    4.433285e-09    0.0    9.060877e-09
1.384    0.0    5.49475e-10    0.0    1.12303e-09
1.385    0.0    1.085351e-09    0.0    2.21827e-09
1.386    0.0    1.0754e-09    0.0    2.19793e-09
1.387    0.0    6.34172e-09    0.0    1.296138e-08
1.388    0.0    2.365712e-09    0.0    4.8351e-09
1.391    0.0    4.036507e-09    0.0    8.2499e-09
1.392    0.0    2.498971e-09    0.0    5.10746e-09
1.393    0.0    9.83243e-10    0.0    2.00958e-09
1.394    0.0    3.665355e-09    0.0    7.491351e-09
1.395    0.0    1.446363e-09    0.0    2.956118e-09
1.396    0.0    2.386948e-09    0.0    4.878507e-09
1.397    0.0    9.40525e-10    0.0    1.92227e-09
1.398    0.0    1.515181e-09    0.0    3.096768e-09
1.399    0.0    1.150464e-09    0.0    2.351351e-09
1.4    0.0    4.545315e-09    0.0    9.289841e-09
1.401    0.0    2.245753e-09    0.0    4.589936e-09
1.402    0.0    2.006721e-09    0.0    4.101381e-09
1.403    0.0    1.529395e-09    0.0    3.125814e-09
1.404    0.0    3.90041e-09    0.0    7.97176e-09
1.405    0.0    2.136674e-09    0.0    4.366992e-09
1.406    0.0    1.267661e-09    0.0    2.590882e-09
1.407    0.0    3.748918e-09    0.0    7.662139e-09
1.408    0.0    2.06521e-09    0.0    4.220933e-09
1.41    0.0    1.2447921e-09    0.0    2.5441433e-09
1.411    0.0    2.389076e-09    0.0    4.882861e-09
1.412    0.0    1.965805e-09    0.0    4.017768e-09
1.414    0.0    7.65675e-10    0.0    1.564908e-09
1.415    0.0    2.083287e-09    0.0    4.257882e-09
1.416    0.0    1.87012e-09    0.0    3.822204e-09
1.417    0.0    1.106972e-09    0.0    2.262462e-09
1.419    0.0    9.381054e-10    0.0    1.9173267e-09
1.42    0.0    8.91241e-10    0.0    1.821543e-09
1.421    0.0    1.578104e-09    0.0    3.225372e-09
1.422    0.0    2.080398e-09    0.0    4.251975e-09
1.423    0.0    6.85506e-10    0.0    1.401058e-09
1.424    0.0    1.9164401e-09    0.0    3.916878e-09
1.425    0.0    1.338392e-09    0.0    2.73544e-09
1.426    0.0    9.8954e-10    0.0    2.022448e-09
1.428    0.0    1.921961e-09    0.0    3.928154e-09
1.429    0.0    1.908385e-09    0.0    3.900412e-09
1.43    0.0    3.12656e-10    0.0    6.39016e-10
1.431    0.0    9.30378e-10    0.0    1.901534e-09
1.432    0.0    9.13938e-10    0.0    1.867934e-09
1.433    0.0    1.20865e-09    0.0    2.470271e-09
1.434    0.0    2.95967e-10    0.0    6.04904e-10
1.435    0.0    1.171435e-09    0.0    2.39421e-09
1.436    0.0    2.911096e-09    0.0    5.949773e-09
1.437    0.0    8.57018e-10    0.0    1.751599e-09
1.438    0.0    1.415131e-09    0.0    2.892279e-09
1.439    0.0    1.542378e-09    0.0    3.15235e-09
1.44    0.0    2.77043e-10    0.0    5.66229e-10
1.441    0.0    1.631562e-09    0.0    3.334628e-09
1.442    0.0    1.07134e-09    0.0    2.189634e-09
1.443    0.0    1.590283e-09    0.0    3.250262e-09
1.444    0.0    1.179801e-09    0.0    2.411309e-09
1.445    0.0    3.479598e-09    0.0    7.111703e-09
1.446    0.0    6.3906e-10    0.0    1.306134e-09
1.447    0.0    1.382483e-09    0.0    2.825551e-09
1.448    0.0    2.46463e-10    0.0    5.03729e-10
1.449    0.0    9.78005e-10    0.0    1.998871e-09
1.45    0.0    1.454218e-09    0.0    2.972172e-09
1.451    0.0    7.1329e-10    0.0    1.457842e-09
1.452    0.0    1.407168e-09    0.0    2.876008e-09
1.453    0.0    6.99541e-10    0.0    1.429741e-09
1.455    0.0    4.505e-10    0.0    9.20745e-10
1.456    0.0    1.11417e-09    0.0    2.277171e-09
1.457    0.0    4.41213e-10    0.0    9.01763e-10
1.458    0.0    8.68238e-10    0.0    1.774529e-09
1.459    0.0    2.15225e-10    0.0    4.39883e-10
1.46    0.0    4.20384e-10    0.0    8.59192e-10
1.461    0.0    8.33947e-10    0.0    1.704443e-09
1.462    0.0    8.1737e-10    0.0    1.670564e-09
1.463    0.0    1.016354e-09    0.0    2.077253e-09
1.464    0.0    8.01165e-10    0.0    1.637443e-09
1.465    0.0    9.90558e-11    0.0    2.02453e-10
1.466    0.0    1.94085e-10    0.0    3.96677e-10
1.467    0.0    3.81842e-10    0.0    7.80418e-10
1.468    0.0    1.90097e-10    0.0    3.88525e-10
1.469    0.0    3.70966e-10    0.0    7.58191e-10
1.47    0.0    3.655324e-10    0.0    7.47086e-10
1.471    0.0    9.072592e-10    0.0    1.854282e-09
1.473    0.0    6.31055e-10    0.0    1.2897664e-09
1.474    0.0    5.239263e-10    0.0    1.070816e-09
1.475    0.0    2.567149e-10    0.0    5.24681e-10
1.476    0.0    7.617104e-10    0.0    1.556805e-09
1.477    0.0    1.3307157e-09    0.0    2.719753e-09
1.478    0.0    2.466615e-10    0.0    5.04133e-10
1.479    0.0    8.09867e-11    0.0    1.65523e-10
1.48    0.0    7.317513e-10    0.0    1.4955733e-09
1.481    0.0    1.3379575e-09    0.0    2.734556e-09
1.482    0.0    5.432182e-10    0.0    1.110245e-09
1.485    0.0    2.220249e-10    0.0    4.5378e-10
1.487    0.0    4.30875e-10    0.0    8.80635e-10
1.488    0.0    8.56613e-10    0.0    1.750768e-09
1.49    0.0    2.065823e-10    0.0    4.22218e-10
1.491    0.0    3.40558e-10    0.0    6.96042e-10
1.492    0.0    6.74201e-11    0.0    1.37795e-10
1.493    0.0    2.634246e-10    0.0    5.38393e-10
1.494    0.0    7.81006e-10    0.0    1.596239e-09
1.495    0.0    1.28745e-10    0.0    2.63132e-10
1.496    0.0    1.26121e-10    0.0    2.5777e-10
1.497    0.0    1.25347e-10    0.0    2.56188e-10
1.498    0.0    1.2271e-10    0.0    2.50799e-10
1.499    0.0    2.427512e-10    0.0    4.9614e-10
1.5    0.0    1.479034e-10    0.0    3.022885e-10
1.503    0.0    1.703077e-10    0.0    3.48079e-10
1.504    0.0    1.127007e-10    0.0    2.3034e-10
1.505    0.0    2.204682e-10    0.0    4.50599e-10
1.506    0.0    3.25605e-10    0.0    6.65481e-10
1.507    0.0    2.15008e-10    0.0    4.39439e-10
1.511    0.0    5.00295e-11    0.0    1.02252e-10
1.512    0.0    9.9218e-11    0.0    2.02784e-10
1.513    0.0    4.91834e-11    0.0    1.00522e-10
1.518    0.0    8.97295e-11    0.0    1.83392e-10
1.522    0.0    5.089185e-11    0.0    1.040142e-10
1.523    0.0    1.2544e-10    0.0    2.563778e-10
1.525    0.0    8.0853e-11    0.0    1.652497e-10
1.526    0.0    3.99447e-11    0.0    8.16401e-11
1.527    0.0    7.83173e-12    0.0    1.60067e-11
1.541    0.0    3.08817e-11    0.0    6.31168e-11
1.542    0.0    3.05825e-11    0.0    6.25054e-11
1.56    0.0    4.48379e-12    0.0    9.16409e-12
