      0.00068400      0.00008535
      0.00159600      0.00008550
      0.00250800      0.00008566
      0.00342000      0.00008581
      0.00433200      0.00008596
      0.00524400      0.00008611
      0.00615600      0.00008626
      0.00706800      0.00008641
      0.00798000      0.00008656
      0.00889200      0.00008671
      0.00980400      0.00008686
      0.01071600      0.00008700
      0.01162800      0.00008715
      0.01254000      0.00008730
      0.01345200      0.00008745
      0.01436400      0.00008760
      0.01527600      0.00008774
      0.01618800      0.00008789
      0.01710000      0.00008804
      0.01801200      0.00008818
      0.01892400      0.00008833
      0.01983600      0.00008848
      0.02074800      0.00008862
      0.02166000      0.00008877
      0.02257200      0.00008891
      0.02348400      0.00008906
      0.02439600      0.00008920
      0.02530800      0.00008934
      0.02622000      0.00008949
      0.02713200      0.00008963
      0.02804400      0.00008978
      0.02895600      0.00008992
      0.02986800      0.00009006
      0.03078000      0.00009020
      0.03169200      0.00009034
      0.03260400      0.00009049
      0.03351600      0.00009063
      0.03442800      0.00009077
      0.03534000      0.00009091
      0.03625200      0.00009105
      0.03716400      0.00009119
      0.03807600      0.00009133
      0.03898800      0.00009147
      0.03990000      0.00009161
      0.04081200      0.00009175
      0.04172400      0.00009188
      0.04263600      0.00009202
      0.04354800      0.00009216
      0.04446000      0.00009230
      0.04537200      0.00009243
      0.04628400      0.00009257
      0.04719600      0.00009271
      0.04810800      0.00009284
      0.04902000      0.00009298
      0.04993200      0.00009311
      0.05084400      0.00009325
      0.05175600      0.00009338
      0.05266800      0.00009352
      0.05358000      0.00009365
      0.05449200      0.00009378
      0.05540400      0.00009392
      0.05631600      0.00009405
      0.05722800      0.00009418
      0.05814000      0.00009431
      0.05905200      0.00009445
      0.05996400      0.00009458
      0.06087600      0.00009471
      0.06178800      0.00009484
      0.06270000      0.00009497
      0.06361200      0.00009510
      0.06452400      0.00009523
      0.06543600      0.00009536
      0.06634800      0.00009548
      0.06726000      0.00009561
      0.06817200      0.00009574
      0.06908400      0.00009587
      0.06999600      0.00009600
      0.07090800      0.00009612
      0.07182000      0.00009625
      0.07273200      0.00009638
      0.07364400      0.00009650
      0.07455600      0.00009663
      0.07546800      0.00009675
      0.07638000      0.00009688
      0.07729200      0.00009700
      0.07820400      0.00009712
      0.07911600      0.00009725
      0.08002800      0.00009737
      0.08094000      0.00009749
      0.08185200      0.00009761
      0.08276400      0.00009774
      0.08367600      0.00009786
      0.08458800      0.00009798
      0.08550000      0.00009810
      0.08641200      0.00009822
      0.08732400      0.00009834
      0.08823600      0.00009846
      0.08914800      0.00009858
      0.09006000      0.00009869
      0.09097200      0.00009881
      0.09188400      0.00009893
      0.09279600      0.00009905
      0.09370800      0.00009916
      0.09462000      0.00009928
      0.09553200      0.00009940
      0.09644400      0.00009951
      0.09735600      0.00009963
      0.09826800      0.00009974
      0.09918000      0.00009986
      0.10009200      0.00009997
      0.10100400      0.00010008
      0.10191600      0.00010020
      0.10282800      0.00010031
      0.10374000      0.00010042
      0.10465200      0.00010053
      0.10556400      0.00010064
      0.10647600      0.00010076
      0.10738800      0.00010087
      0.10830000      0.00010098
      0.10921200      0.00010109
      0.11012400      0.00010119
      0.11103600      0.00010130
      0.11194800      0.00010141
      0.11286000      0.00010152
      0.11377200      0.00010163
      0.11468400      0.00010173
      0.11559600      0.00010184
      0.11650800      0.00010195
      0.11742000      0.00010205
      0.11833200      0.00010216
      0.11924400      0.00010226
      0.12015600      0.00010237
      0.12106800      0.00010247
      0.12198000      0.00010257
      0.12289200      0.00010268
      0.12380400      0.00010278
      0.12471600      0.00010288
      0.12562800      0.00010298
      0.12654000      0.00010309
      0.12745200      0.00010319
      0.12836400      0.00010329
      0.12927600      0.00010339
      0.13018800      0.00010349
      0.13110000      0.00010358
      0.13201200      0.00010368
      0.13292400      0.00010378
      0.13383600      0.00010388
      0.13474800      0.00010398
      0.13566000      0.00010407
      0.13657200      0.00010417
      0.13748400      0.00010426
      0.13839600      0.00010436
      0.13930800      0.00010446
      0.14022000      0.00010455
      0.14113200      0.00010464
      0.14204400      0.00010474
      0.14295600      0.00010483
      0.14386800      0.00010492
      0.14478000      0.00010501
      0.14569200      0.00010511
      0.14660400      0.00010520
      0.14751600      0.00010529
      0.14842800      0.00010538
      0.14934000      0.00010547
      0.15025200      0.00010556
      0.15116400      0.00010565
      0.15207600      0.00010574
      0.15298800      0.00010582
      0.15390000      0.00010591
      0.15481200      0.00010600
      0.15572400      0.00010608
      0.15663600      0.00010617
      0.15754800      0.00010626
      0.15846000      0.00010634
      0.15937200      0.00010643
      0.16028400      0.00010651
      0.16119600      0.00010659
      0.16210800      0.00010668
      0.16302000      0.00010676
      0.16393200      0.00010684
      0.16484400      0.00010692
      0.16575600      0.00010700
      0.16666800      0.00010709
      0.16758000      0.00010717
      0.16849200      0.00010725
      0.16940400      0.00010732
      0.17031600      0.00010740
      0.17122800      0.00010748
      0.17214000      0.00010756
      0.17305200      0.00010764
      0.17396400      0.00010771
      0.17487600      0.00010779
      0.17578800      0.00010787
      0.17670000      0.00010794
      0.17761200      0.00010802
      0.17852400      0.00010809
      0.17943600      0.00010817
      0.18034800      0.00010824
      0.18126000      0.00010831
      0.18217200      0.00010839
      0.18308400      0.00010846
      0.18399600      0.00010853
      0.18490800      0.00010860
      0.18582000      0.00010867
      0.18673200      0.00010874
      0.18764400      0.00010881
      0.18855600      0.00010888
      0.18946800      0.00010895
      0.19038000      0.00010902
      0.19129200      0.00010909
      0.19220400      0.00010915
      0.19311600      0.00010922
      0.19402800      0.00010929
      0.19494000      0.00010935
      0.19585200      0.00010942
      0.19676400      0.00010948
      0.19767600      0.00010955
      0.19858800      0.00010961
      0.19950000      0.00010967
      0.20041200      0.00010974
      0.20132400      0.00010980
      0.20223600      0.00010986
      0.20314800      0.00010992
      0.20406000      0.00010998
      0.20497200      0.00011004
      0.20588400      0.00011010
      0.20679600      0.00011016
      0.20770800      0.00011022
      0.20862000      0.00011028
      0.20953200      0.00011034
      0.21044400      0.00011040
      0.21135600      0.00011045
      0.21226800      0.00011051
      0.21318000      0.00011057
      0.21409200      0.00011062
      0.21500400      0.00011068
      0.21591600      0.00011073
      0.21682800      0.00011079
      0.21774000      0.00011084
      0.21865200      0.00011089
      0.21956400      0.00011095
      0.22047600      0.00011100
      0.22138800      0.00011105
      0.22230000      0.00011110
      0.22321200      0.00011115
      0.22412400      0.00011120
      0.22503600      0.00011125
      0.22594800      0.00011130
      0.22686000      0.00011135
      0.22777200      0.00011140
      0.22868400      0.00011144
      0.22959600      0.00011149
      0.23050800      0.00011154
      0.23142000      0.00011158
      0.23233200      0.00011163
      0.23324400      0.00011168
      0.23415600      0.00011172
      0.23506800      0.00011177
      0.23598000      0.00011181
      0.23689200      0.00011185
      0.23780400      0.00011190
      0.23871600      0.00011194
      0.23962800      0.00011198
      0.24054000      0.00011202
      0.24145200      0.00011206
      0.24236400      0.00011210
      0.24327600      0.00011214
      0.24418800      0.00011218
      0.24510000      0.00011222
      0.24601200      0.00011226
      0.24692400      0.00011230
      0.24783600      0.00011233
      0.24874800      0.00011237
      0.24966000      0.00011241
      0.25057200      0.00011244
      0.25148400      0.00011248
      0.25239600      0.00011252
      0.25330800      0.00011255
      0.25422000      0.00011258
      0.25513200      0.00011262
      0.25604400      0.00011265
      0.25695600      0.00011268
      0.25786800      0.00011272
      0.25878000      0.00011275
      0.25969200      0.00011278
      0.26060400      0.00011281
      0.26151600      0.00011284
      0.26242800      0.00011287
      0.26334000      0.00011290
      0.26425200      0.00011293
      0.26516400      0.00011296
      0.26607600      0.00011298
      0.26698800      0.00011301
      0.26790000      0.00011304
      0.26881200      0.00011306
      0.26972400      0.00011309
      0.27063600      0.00011312
      0.27154800      0.00011314
      0.27246000      0.00011317
      0.27337200      0.00011319
      0.27428400      0.00011321
      0.27519600      0.00011324
      0.27610800      0.00011326
      0.27702000      0.00011328
      0.27793200      0.00011330
      0.27884400      0.00011332
      0.27975600      0.00011334
      0.28066800      0.00011337
      0.28158000      0.00011338
      0.28249200      0.00011340
      0.28340400      0.00011342
      0.28431600      0.00011344
      0.28522800      0.00011346
      0.28614000      0.00011348
      0.28705200      0.00011349
      0.28796400      0.00011351
      0.28887600      0.00011353
      0.28978800      0.00011354
      0.29070000      0.00011356
      0.29161200      0.00011357
      0.29252400      0.00011359
      0.29343600      0.00011360
      0.29434800      0.00011361
      0.29526000      0.00011363
      0.29617200      0.00011364
      0.29708400      0.00011365
      0.29799600      0.00011366
      0.29890800      0.00011367
      0.29982000      0.00011368
      0.30073200      0.00011369
      0.30164400      0.00011370
      0.30255600      0.00011371
      0.30346800      0.00011372
      0.30438000      0.00011373
      0.30529200      0.00011374
      0.30620400      0.00011374
      0.30711600      0.00011375
      0.30802800      0.00011376
      0.30894000      0.00011376
      0.30985200      0.00011377
      0.31076400      0.00011377
      0.31167600      0.00011378
      0.31258800      0.00011378
      0.31350000      0.00011378
      0.31441200      0.00011379
      0.31532400      0.00011379
      0.31623600      0.00011379
      0.31714800      0.00011379
      0.31806000      0.00011380
      0.31897200      0.00011380
      0.31988400      0.00011380
      0.32079600      0.00011380
      0.32170800      0.00011380
      0.32262000      0.00011380
      0.32353200      0.00011379
      0.32444400      0.00011379
      0.32535600      0.00011379
      0.32626800      0.00011379
      0.32718000      0.00011378
      0.32809200      0.00011378
      0.32900400      0.00011378
      0.32991600      0.00011377
      0.33082800      0.00011377
      0.33174000      0.00011376
      0.33265200      0.00011376
      0.33356400      0.00011375
      0.33447600      0.00011374
      0.33538800      0.00011374
      0.33630000      0.00011373
      0.33721200      0.00011372
      0.33812400      0.00011371
      0.33903600      0.00011370
      0.33994800      0.00011370
      0.34086000      0.00011369
      0.34177200      0.00011368
      0.34268400      0.00011366
      0.34359600      0.00011365
      0.34450800      0.00011364
      0.34542000      0.00011363
      0.34633200      0.00011362
      0.34724400      0.00011361
      0.34815600      0.00011359
      0.34906800      0.00011358
      0.34998000      0.00011357
      0.35089200      0.00011355
      0.35180400      0.00011354
      0.35271600      0.00011352
      0.35362800      0.00011351
      0.35454000      0.00011349
      0.35545200      0.00011347
      0.35636400      0.00011346
      0.35727600      0.00011344
      0.35818800      0.00011342
      0.35910000      0.00011340
      0.36001200      0.00011338
      0.36092400      0.00011337
      0.36183600      0.00011335
      0.36274800      0.00011333
      0.36366000      0.00011331
      0.36457200      0.00011329
      0.36548400      0.00011326
      0.36639600      0.00011324
      0.36730800      0.00011322
      0.36822000      0.00011320
      0.36913200      0.00011318
      0.37004400      0.00011315
      0.37095600      0.00011313
      0.37186800      0.00011311
      0.37278000      0.00011308
      0.37369200      0.00011306
      0.37460400      0.00011303
      0.37551600      0.00011301
      0.37642800      0.00011298
      0.37734000      0.00011296
      0.37825200      0.00011293
      0.37916400      0.00011290
      0.38007600      0.00011287
      0.38098800      0.00011285
      0.38190000      0.00011282
      0.38281200      0.00011279
      0.38372400      0.00011276
      0.38463600      0.00011273
      0.38554800      0.00011270
      0.38646000      0.00011267
      0.38737200      0.00011264
      0.38828400      0.00011261
      0.38919600      0.00011258
      0.39010800      0.00011255
      0.39102000      0.00011251
      0.39193200      0.00011248
      0.39284400      0.00011245
      0.39375600      0.00011242
      0.39466800      0.00011238
      0.39558000      0.00011235
      0.39649200      0.00011231
      0.39740400      0.00011228
      0.39831600      0.00011224
      0.39922800      0.00011221
      0.40014000      0.00011217
      0.40105200      0.00011214
      0.40196400      0.00011210
      0.40287600      0.00011206
      0.40378800      0.00011203
      0.40470000      0.00011199
      0.40561200      0.00011195
      0.40652400      0.00011191
      0.40743600      0.00011187
      0.40834800      0.00011183
      0.40926000      0.00011179
      0.41017200      0.00011175
      0.41108400      0.00011171
      0.41199600      0.00011167
      0.41290800      0.00011163
      0.41382000      0.00011159
      0.41473200      0.00011155
      0.41564400      0.00011151
      0.41655600      0.00011146
      0.41746800      0.00011142
      0.41838000      0.00011138
      0.41929200      0.00011133
      0.42020400      0.00011129
      0.42111600      0.00011125
      0.42202800      0.00011120
      0.42294000      0.00011116
      0.42385200      0.00011111
      0.42476400      0.00011107
      0.42567600      0.00011102
      0.42658800      0.00011097
      0.42750000      0.00011093
      0.42841200      0.00011088
      0.42932400      0.00011083
      0.43023600      0.00011078
      0.43114800      0.00011074
      0.43206000      0.00011069
      0.43297200      0.00011064
      0.43388400      0.00011059
      0.43479600      0.00011054
      0.43570800      0.00011049
      0.43662000      0.00011044
      0.43753200      0.00011039
      0.43844400      0.00011034
      0.43935600      0.00011029
      0.44026800      0.00011024
      0.44118000      0.00011019
      0.44209200      0.00011013
      0.44300400      0.00011008
      0.44391600      0.00011003
      0.44482800      0.00010997
      0.44574000      0.00010992
      0.44665200      0.00010987
      0.44756400      0.00010981
      0.44847600      0.00010976
      0.44938800      0.00010970
      0.45030000      0.00010965
      0.45121200      0.00010959
      0.45212400      0.00010954
      0.45303600      0.00010948
      0.45394800      0.00010943
      0.45486000      0.00010937
      0.45577200      0.00010931
      0.45668400      0.00010926
      0.45759600      0.00010920
      0.45850800      0.00010914
      0.45942000      0.00010908
      0.46033200      0.00010902
      0.46124400      0.00010896
      0.46215600      0.00010890
      0.46306800      0.00010885
      0.46398000      0.00010879
      0.46489200      0.00010873
      0.46580400      0.00010867
      0.46671600      0.00010860
      0.46762800      0.00010854
      0.46854000      0.00010848
      0.46945200      0.00010842
      0.47036400      0.00010836
      0.47127600      0.00010830
      0.47218800      0.00010823
      0.47310000      0.00010817
      0.47401200      0.00010811
      0.47492400      0.00010805
      0.47583600      0.00010798
      0.47674800      0.00010792
      0.47766000      0.00010785
      0.47857200      0.00010779
      0.47948400      0.00010772
      0.48039600      0.00010766
      0.48130800      0.00010759
      0.48222000      0.00010753
      0.48313200      0.00010746
      0.48404400      0.00010740
      0.48495600      0.00010733
      0.48586800      0.00010726
      0.48678000      0.00010719
      0.48769200      0.00010713
      0.48860400      0.00010706
      0.48951600      0.00010699
      0.49042800      0.00010692
      0.49134000      0.00010686
      0.49225200      0.00010679
      0.49316400      0.00010672
      0.49407600      0.00010665
      0.49498800      0.00010658
      0.49590000      0.00010651
      0.49681200      0.00010644
      0.49772400      0.00010637
      0.49863600      0.00010630
      0.49954800      0.00010623
      0.50046000      0.00010615
      0.50137200      0.00010608
      0.50228400      0.00010601
      0.50319600      0.00010594
      0.50410800      0.00010587
      0.50502000      0.00010579
      0.50593200      0.00010572
      0.50684400      0.00010565
      0.50775600      0.00010558
      0.50866800      0.00010550
      0.50958000      0.00010543
      0.51049200      0.00010535
      0.51140400      0.00010528
      0.51231600      0.00010520
      0.51322800      0.00010513
      0.51414000      0.00010505
      0.51505200      0.00010498
      0.51596400      0.00010490
      0.51687600      0.00010483
      0.51778800      0.00010475
      0.51870000      0.00010468
      0.51961200      0.00010460
      0.52052400      0.00010452
      0.52143600      0.00010444
      0.52234800      0.00010437
      0.52326000      0.00010429
      0.52417200      0.00010421
      0.52508400      0.00010413
      0.52599600      0.00010406
      0.52690800      0.00010398
      0.52782000      0.00010390
      0.52873200      0.00010382
      0.52964400      0.00010374
      0.53055600      0.00010366
      0.53146800      0.00010358
      0.53238000      0.00010350
      0.53329200      0.00010342
      0.53420400      0.00010334
      0.53511600      0.00010326
      0.53602800      0.00010318
      0.53694000      0.00010310
      0.53785200      0.00010302
      0.53876400      0.00010293
      0.53967600      0.00010285
      0.54058800      0.00010277
      0.54150000      0.00010269
      0.54241200      0.00010261
      0.54332400      0.00010252
      0.54423600      0.00010244
      0.54514800      0.00010236
      0.54606000      0.00010227
      0.54697200      0.00010219
      0.54788400      0.00010211
      0.54879600      0.00010202
      0.54970800      0.00010194
      0.55062000      0.00010185
      0.55153200      0.00010177
      0.55244400      0.00010168
      0.55335600      0.00010160
      0.55426800      0.00010151
      0.55518000      0.00010143
      0.55609200      0.00010134
      0.55700400      0.00010126
      0.55791600      0.00010117
      0.55882800      0.00010108
      0.55974000      0.00010100
      0.56065200      0.00010091
      0.56156400      0.00010082
      0.56247600      0.00010074
      0.56338800      0.00010065
      0.56430000      0.00010056
      0.56521200      0.00010047
      0.56612400      0.00010039
      0.56703600      0.00010030
      0.56794800      0.00010021
      0.56886000      0.00010012
      0.56977200      0.00010003
      0.57068400      0.00009994
      0.57159600      0.00009985
      0.57250800      0.00009976
      0.57342000      0.00009967
      0.57433200      0.00009958
      0.57524400      0.00009949
      0.57615600      0.00009940
      0.57706800      0.00009931
      0.57798000      0.00009922
      0.57889200      0.00009913
      0.57980400      0.00009904
      0.58071600      0.00009895
      0.58162800      0.00009886
      0.58254000      0.00009877
      0.58345200      0.00009868
      0.58436400      0.00009859
      0.58527600      0.00009849
      0.58618800      0.00009840
      0.58710000      0.00009831
      0.58801200      0.00009822
      0.58892400      0.00009812
      0.58983600      0.00009803
      0.59074800      0.00009794
      0.59166000      0.00009784
      0.59257200      0.00009775
      0.59348400      0.00009766
      0.59439600      0.00009756
      0.59530800      0.00009747
      0.59622000      0.00009738
      0.59713200      0.00009728
      0.59804400      0.00009719
      0.59895600      0.00009709
      0.59986800      0.00009700
      0.60078000      0.00009690
      0.60169200      0.00009681
      0.60260400      0.00009671
      0.60351600      0.00009662
      0.60442800      0.00009652
      0.60534000      0.00009643
      0.60625200      0.00009633
      0.60716400      0.00009623
      0.60807600      0.00009614
      0.60898800      0.00009604
      0.60990000      0.00009595
      0.61081200      0.00009585
      0.61172400      0.00009575
      0.61263600      0.00009566
      0.61354800      0.00009556
      0.61446000      0.00009546
      0.61537200      0.00009536
      0.61628400      0.00009527
      0.61719600      0.00009517
      0.61810800      0.00009507
      0.61902000      0.00009497
      0.61993200      0.00009487
      0.62084400      0.00009478
      0.62175600      0.00009468
      0.62266800      0.00009458
      0.62358000      0.00009448
      0.62449200      0.00009438
      0.62540400      0.00009428
      0.62631600      0.00009418
      0.62722800      0.00009408
      0.62814000      0.00009398
      0.62905200      0.00009388
      0.62996400      0.00009378
      0.63087600      0.00009369
      0.63178800      0.00009359
      0.63270000      0.00009348
      0.63361200      0.00009338
      0.63452400      0.00009328
      0.63543600      0.00009318
      0.63634800      0.00009308
      0.63726000      0.00009298
      0.63817200      0.00009288
      0.63908400      0.00009278
      0.63999600      0.00009268
      0.64090800      0.00009258
      0.64182000      0.00009248
      0.64273200      0.00009237
      0.64364400      0.00009227
      0.64455600      0.00009217
      0.64546800      0.00009207
      0.64638000      0.00009197
      0.64729200      0.00009187
      0.64820400      0.00009176
      0.64911600      0.00009166
      0.65002800      0.00009156
      0.65094000      0.00009146
      0.65185200      0.00009135
      0.65276400      0.00009125
      0.65367600      0.00009115
      0.65458800      0.00009104
      0.65550000      0.00009094
      0.65641200      0.00009084
      0.65732400      0.00009073
      0.65823600      0.00009063
      0.65914800      0.00009053
      0.66006000      0.00009042
      0.66097200      0.00009032
      0.66188400      0.00009021
      0.66279600      0.00009011
      0.66370800      0.00009001
      0.66462000      0.00008990
      0.66553200      0.00008980
      0.66644400      0.00008969
      0.66735600      0.00008959
      0.66826800      0.00008948
      0.66918000      0.00008938
      0.67009200      0.00008927
      0.67100400      0.00008917
      0.67191600      0.00008906
      0.67282800      0.00008896
      0.67374000      0.00008885
      0.67465200      0.00008875
      0.67556400      0.00008864
      0.67647600      0.00008854
      0.67738800      0.00008843
      0.67830000      0.00008832
      0.67921200      0.00008822
      0.68012400      0.00008811
      0.68103600      0.00008801
      0.68194800      0.00008790
      0.68286000      0.00008779
      0.68377200      0.00008769
      0.68468400      0.00008758
      0.68559600      0.00008747
      0.68650800      0.00008737
      0.68742000      0.00008726
      0.68833200      0.00008715
      0.68924400      0.00008705
      0.69015600      0.00008694
      0.69106800      0.00008683
      0.69198000      0.00008672
      0.69289200      0.00008662
      0.69380400      0.00008651
      0.69471600      0.00008640
      0.69562800      0.00008629
      0.69654000      0.00008619
      0.69745200      0.00008608
      0.69836400      0.00008597
      0.69927600      0.00008586
      0.70018800      0.00008576
      0.70110000      0.00008565
      0.70201200      0.00008554
      0.70292400      0.00008543
      0.70383600      0.00008532
      0.70474800      0.00008521
      0.70566000      0.00008511
      0.70657200      0.00008500
      0.70748400      0.00008489
      0.70839600      0.00008478
      0.70930800      0.00008467
      0.71022000      0.00008456
      0.71113200      0.00008445
      0.71204400      0.00008434
      0.71295600      0.00008424
      0.71386800      0.00008413
      0.71478000      0.00008402
      0.71569200      0.00008391
      0.71660400      0.00008380
      0.71751600      0.00008369
      0.71842800      0.00008358
      0.71934000      0.00008347
      0.72025200      0.00008336
      0.72116400      0.00008325
      0.72207600      0.00008314
      0.72298800      0.00008303
      0.72390000      0.00008292
      0.72481200      0.00008281
      0.72572400      0.00008270
      0.72663600      0.00008259
      0.72754800      0.00008248
      0.72846000      0.00008237
      0.72937200      0.00008226
      0.73028400      0.00008215
      0.73119600      0.00008204
      0.73210800      0.00008193
      0.73302000      0.00008182
      0.73393200      0.00008171
      0.73484400      0.00008160
      0.73575600      0.00008149
      0.73666800      0.00008138
      0.73758000      0.00008127
      0.73849200      0.00008116
      0.73940400      0.00008105
      0.74031600      0.00008094
      0.74122800      0.00008083
      0.74214000      0.00008072
      0.74305200      0.00008060
      0.74396400      0.00008049
      0.74487600      0.00008038
      0.74578800      0.00008027
      0.74670000      0.00008016
      0.74761200      0.00008005
      0.74852400      0.00007994
      0.74943600      0.00007983
      0.75034800      0.00007972
      0.75126000      0.00007960
      0.75217200      0.00007949
      0.75308400      0.00007938
      0.75399600      0.00007927
      0.75490800      0.00007916
      0.75582000      0.00007905
      0.75673200      0.00007894
      0.75764400      0.00007882
      0.75855600      0.00007871
      0.75946800      0.00007860
      0.76038000      0.00007849
      0.76129200      0.00007838
      0.76220400      0.00007827
      0.76311600      0.00007815
      0.76402800      0.00007804
      0.76494000      0.00007793
      0.76585200      0.00007782
      0.76676400      0.00007771
      0.76767600      0.00007760
      0.76858800      0.00007748
      0.76950000      0.00007737
      0.77041200      0.00007726
      0.77132400      0.00007715
      0.77223600      0.00007704
      0.77314800      0.00007692
      0.77406000      0.00007681
      0.77497200      0.00007670
      0.77588400      0.00007659
      0.77679600      0.00007647
      0.77770800      0.00007636
      0.77862000      0.00007625
      0.77953200      0.00007614
      0.78044400      0.00007603
      0.78135600      0.00007591
      0.78226800      0.00007580
      0.78318000      0.00007569
      0.78409200      0.00007558
      0.78500400      0.00007546
      0.78591600      0.00007535
      0.78682800      0.00007524
      0.78774000      0.00007513
      0.78865200      0.00007501
      0.78956400      0.00007490
      0.79047600      0.00007479
      0.79138800      0.00007468
      0.79230000      0.00007456
      0.79321200      0.00007445
      0.79412400      0.00007434
      0.79503600      0.00007423
      0.79594800      0.00007411
      0.79686000      0.00007400
      0.79777200      0.00007389
      0.79868400      0.00007378
      0.79959600      0.00007366
      0.80050800      0.00007355
      0.80142000      0.00007344
      0.80233200      0.00007333
      0.80324400      0.00007321
      0.80415600      0.00007310
      0.80506800      0.00007299
      0.80598000      0.00007288
      0.80689200      0.00007276
      0.80780400      0.00007265
      0.80871600      0.00007254
      0.80962800      0.00007242
      0.81054000      0.00007231
      0.81145200      0.00007220
      0.81236400      0.00007209
      0.81327600      0.00007197
      0.81418800      0.00007186
      0.81510000      0.00007175
      0.81601200      0.00007164
      0.81692400      0.00007152
      0.81783600      0.00007141
      0.81874800      0.00007130
      0.81966000      0.00007119
      0.82057200      0.00007107
      0.82148400      0.00007096
      0.82239600      0.00007085
      0.82330800      0.00007073
      0.82422000      0.00007062
      0.82513200      0.00007051
      0.82604400      0.00007040
      0.82695600      0.00007028
      0.82786800      0.00007017
      0.82878000      0.00007006
      0.82969200      0.00006995
      0.83060400      0.00006983
      0.83151600      0.00006972
      0.83242800      0.00006961
      0.83334000      0.00006950
      0.83425200      0.00006938
      0.83516400      0.00006927
      0.83607600      0.00006916
      0.83698800      0.00006905
      0.83790000      0.00006893
      0.83881200      0.00006882
      0.83972400      0.00006871
      0.84063600      0.00006860
      0.84154800      0.00006848
      0.84246000      0.00006837
      0.84337200      0.00006826
      0.84428400      0.00006815
      0.84519600      0.00006803
      0.84610800      0.00006792
      0.84702000      0.00006781
      0.84793200      0.00006770
      0.84884400      0.00006758
      0.84975600      0.00006747
      0.85066800      0.00006736
      0.85158000      0.00006725
      0.85249200      0.00006714
      0.85340400      0.00006702
      0.85431600      0.00006691
      0.85522800      0.00006680
      0.85614000      0.00006669
      0.85705200      0.00006657
      0.85796400      0.00006646
      0.85887600      0.00006635
      0.85978800      0.00006624
      0.86070000      0.00006613
      0.86161200      0.00006601
      0.86252400      0.00006590
      0.86343600      0.00006579
      0.86434800      0.00006568
      0.86526000      0.00006557
      0.86617200      0.00006545
      0.86708400      0.00006534
      0.86799600      0.00006523
      0.86890800      0.00006512
      0.86982000      0.00006501
      0.87073200      0.00006490
      0.87164400      0.00006478
      0.87255600      0.00006467
      0.87346800      0.00006456
      0.87438000      0.00006445
      0.87529200      0.00006434
      0.87620400      0.00006423
      0.87711600      0.00006411
      0.87802800      0.00006400
      0.87894000      0.00006389
      0.87985200      0.00006378
      0.88076400      0.00006367
      0.88167600      0.00006356
      0.88258800      0.00006345
      0.88350000      0.00006334
      0.88441200      0.00006322
      0.88532400      0.00006311
      0.88623600      0.00006300
      0.88714800      0.00006289
      0.88806000      0.00006278
      0.88897200      0.00006267
      0.88988400      0.00006256
      0.89079600      0.00006245
      0.89170800      0.00006234
      0.89262000      0.00006222
      0.89353200      0.00006211
      0.89444400      0.00006200
      0.89535600      0.00006189
      0.89626800      0.00006178
      0.89718000      0.00006167
      0.89809200      0.00006156
      0.89900400      0.00006145
      0.89991600      0.00006134
      0.90082800      0.00006123
      0.90174000      0.00006112
      0.90265200      0.00006101
      0.90356400      0.00006090
      0.90447600      0.00006079
      0.90538800      0.00006068
      0.90630000      0.00006057
      0.90721200      0.00006046
      0.90812400      0.00006035
      0.90903600      0.00006024
      0.90994800      0.00006013
      0.91086000      0.00006002
      0.91177200      0.00005991
      0.91268400      0.00005980
      0.91359600      0.00005969
      0.91450800      0.00005958
      0.91542000      0.00005947
      0.91633200      0.00005936
      0.91724400      0.00005925
      0.91815600      0.00005914
      0.91906800      0.00005903
      0.91998000      0.00005892
      0.92089200      0.00005881
      0.92180400      0.00005870
      0.92271600      0.00005859
      0.92362800      0.00005848
      0.92454000      0.00005837
      0.92545200      0.00005826
      0.92636400      0.00005815
      0.92727600      0.00005804
      0.92818800      0.00005794
      0.92910000      0.00005783
      0.93001200      0.00005772
      0.93092400      0.00005761
      0.93183600      0.00005750
      0.93274800      0.00005739
      0.93366000      0.00005728
      0.93457200      0.00005717
      0.93548400      0.00005707
      0.93639600      0.00005696
      0.93730800      0.00005685
      0.93822000      0.00005674
      0.93913200      0.00005663
      0.94004400      0.00005652
      0.94095600      0.00005642
      0.94186800      0.00005631
      0.94278000      0.00005620
      0.94369200      0.00005609
      0.94460400      0.00005598
      0.94551600      0.00005588
      0.94642800      0.00005577
      0.94734000      0.00005566
      0.94825200      0.00005555
      0.94916400      0.00005544
      0.95007600      0.00005534
      0.95098800      0.00005523
      0.95190000      0.00005512
      0.95281200      0.00005501
      0.95372400      0.00005491
      0.95463600      0.00005480
      0.95554800      0.00005469
      0.95646000      0.00005459
      0.95737200      0.00005448
      0.95828400      0.00005437
      0.95919600      0.00005426
      0.96010800      0.00005416
      0.96102000      0.00005405
      0.96193200      0.00005394
      0.96284400      0.00005384
      0.96375600      0.00005373
      0.96466800      0.00005362
      0.96558000      0.00005352
      0.96649200      0.00005341
      0.96740400      0.00005331
      0.96831600      0.00005320
      0.96922800      0.00005309
      0.97014000      0.00005299
      0.97105200      0.00005288
      0.97196400      0.00005278
      0.97287600      0.00005267
      0.97378800      0.00005256
      0.97470000      0.00005246
      0.97561200      0.00005235
      0.97652400      0.00005225
      0.97743600      0.00005214
      0.97834800      0.00005204
      0.97926000      0.00005193
      0.98017200      0.00005182
      0.98108400      0.00005172
      0.98199600      0.00005161
      0.98290800      0.00005151
      0.98382000      0.00005140
      0.98473200      0.00005130
      0.98564400      0.00005119
      0.98655600      0.00005109
      0.98746800      0.00005099
      0.98838000      0.00005088
      0.98929200      0.00005078
      0.99020400      0.00005067
      0.99111600      0.00005057
      0.99202800      0.00005046
      0.99294000      0.00005036
      0.99385200      0.00005025
      0.99476400      0.00005015
      0.99567600      0.00005005
      0.99658800      0.00004994
      0.99750000      0.00004984
      0.99841200      0.00004974
      0.99932400      0.00004963
      1.00023600      0.00004953
      1.00114800      0.00004942
      1.00206000      0.00004932
      1.00297200      0.00004922
      1.00388400      0.00004911
      1.00479600      0.00004901
      1.00570800      0.00004891
      1.00662000      0.00004881
      1.00753200      0.00004870
      1.00844400      0.00004860
      1.00935600      0.00004850
      1.01026800      0.00004839
      1.01118000      0.00004829
      1.01209200      0.00004819
      1.01300400      0.00004809
      1.01391600      0.00004798
      1.01482800      0.00004788
      1.01574000      0.00004778
      1.01665200      0.00004768
      1.01756400      0.00004758
      1.01847600      0.00004747
      1.01938800      0.00004737
      1.02030000      0.00004727
      1.02121200      0.00004717
      1.02212400      0.00004707
      1.02303600      0.00004697
      1.02394800      0.00004686
      1.02486000      0.00004676
      1.02577200      0.00004666
      1.02668400      0.00004656
      1.02759600      0.00004646
      1.02850800      0.00004636
      1.02942000      0.00004626
      1.03033200      0.00004616
      1.03124400      0.00004606
      1.03215600      0.00004596
      1.03306800      0.00004586
      1.03398000      0.00004576
      1.03489200      0.00004566
      1.03580400      0.00004556
      1.03671600      0.00004546
      1.03762800      0.00004536
      1.03854000      0.00004526
      1.03945200      0.00004516
      1.04036400      0.00004506
      1.04127600      0.00004496
      1.04218800      0.00004486
      1.04310000      0.00004476
      1.04401200      0.00004466
      1.04492400      0.00004456
      1.04583600      0.00004446
      1.04674800      0.00004436
      1.04766000      0.00004426
      1.04857200      0.00004416
      1.04948400      0.00004406
      1.05039600      0.00004396
      1.05130800      0.00004387
      1.05222000      0.00004377
      1.05313200      0.00004367
      1.05404400      0.00004357
      1.05495600      0.00004347
      1.05586800      0.00004337
      1.05678000      0.00004328
      1.05769200      0.00004318
      1.05860400      0.00004308
      1.05951600      0.00004298
      1.06042800      0.00004289
      1.06134000      0.00004279
      1.06225200      0.00004269
      1.06316400      0.00004259
      1.06407600      0.00004250
      1.06498800      0.00004240
      1.06590000      0.00004230
      1.06681200      0.00004220
      1.06772400      0.00004211
      1.06863600      0.00004201
      1.06954800      0.00004191
      1.07046000      0.00004182
      1.07137200      0.00004172
      1.07228400      0.00004162
      1.07319600      0.00004153
      1.07410800      0.00004143
      1.07502000      0.00004134
      1.07593200      0.00004124
      1.07684400      0.00004114
      1.07775600      0.00004105
      1.07866800      0.00004095
      1.07958000      0.00004086
      1.08049200      0.00004076
      1.08140400      0.00004067
      1.08231600      0.00004057
      1.08322800      0.00004048
      1.08414000      0.00004038
      1.08505200      0.00004029
      1.08596400      0.00004019
      1.08687600      0.00004010
      1.08778800      0.00004000
      1.08870000      0.00003991
      1.08961200      0.00003981
      1.09052400      0.00003972
      1.09143600      0.00003962
      1.09234800      0.00003953
      1.09326000      0.00003944
      1.09417200      0.00003934
      1.09508400      0.00003925
      1.09599600      0.00003916
      1.09690800      0.00003906
      1.09782000      0.00003897
      1.09873200      0.00003887
      1.09964400      0.00003878
      1.10055600      0.00003869
      1.10146800      0.00003860
      1.10238000      0.00003850
      1.10329200      0.00003841
      1.10420400      0.00003832
      1.10511600      0.00003822
      1.10602800      0.00003813
      1.10694000      0.00003804
      1.10785200      0.00003795
      1.10876400      0.00003785
      1.10967600      0.00003776
      1.11058800      0.00003767
      1.11150000      0.00003758
      1.11241200      0.00003749
      1.11332400      0.00003740
      1.11423600      0.00003730
      1.11514800      0.00003721
      1.11606000      0.00003712
      1.11697200      0.00003703
      1.11788400      0.00003694
      1.11879600      0.00003685
      1.11970800      0.00003676
      1.12062000      0.00003667
      1.12153200      0.00003658
      1.12244400      0.00003648
      1.12335600      0.00003639
      1.12426800      0.00003630
      1.12518000      0.00003621
      1.12609200      0.00003612
      1.12700400      0.00003603
      1.12791600      0.00003594
      1.12882800      0.00003585
      1.12974000      0.00003576
      1.13065200      0.00003567
      1.13156400      0.00003559
      1.13247600      0.00003550
      1.13338800      0.00003541
      1.13430000      0.00003532
      1.13521200      0.00003523
      1.13612400      0.00003514
      1.13703600      0.00003505
      1.13794800      0.00003496
      1.13886000      0.00003487
      1.13977200      0.00003479
      1.14068400      0.00003470
      1.14159600      0.00003461
      1.14250800      0.00003452
      1.14342000      0.00003443
      1.14433200      0.00003434
      1.14524400      0.00003426
      1.14615600      0.00003417
      1.14706800      0.00003408
      1.14798000      0.00003399
      1.14889200      0.00003391
      1.14980400      0.00003382
      1.15071600      0.00003373
      1.15162800      0.00003365
      1.15254000      0.00003356
      1.15345200      0.00003347
      1.15436400      0.00003339
      1.15527600      0.00003330
      1.15618800      0.00003321
      1.15710000      0.00003313
      1.15801200      0.00003304
      1.15892400      0.00003295
      1.15983600      0.00003287
      1.16074800      0.00003278
      1.16166000      0.00003270
      1.16257200      0.00003261
      1.16348400      0.00003253
      1.16439600      0.00003244
      1.16530800      0.00003236
      1.16622000      0.00003227
      1.16713200      0.00003219
      1.16804400      0.00003210
      1.16895600      0.00003202
      1.16986800      0.00003193
      1.17078000      0.00003185
      1.17169200      0.00003176
      1.17260400      0.00003168
      1.17351600      0.00003159
      1.17442800      0.00003151
      1.17534000      0.00003143
      1.17625200      0.00003134
      1.17716400      0.00003126
      1.17807600      0.00003117
      1.17898800      0.00003109
      1.17990000      0.00003101
      1.18081200      0.00003092
      1.18172400      0.00003084
      1.18263600      0.00003076
      1.18354800      0.00003068
      1.18446000      0.00003059
      1.18537200      0.00003051
      1.18628400      0.00003043
      1.18719600      0.00003035
      1.18810800      0.00003026
      1.18902000      0.00003018
      1.18993200      0.00003010
      1.19084400      0.00003002
      1.19175600      0.00002994
      1.19266800      0.00002985
      1.19358000      0.00002977
      1.19449200      0.00002969
      1.19540400      0.00002961
      1.19631600      0.00002953
      1.19722800      0.00002945
      1.19814000      0.00002937
      1.19905200      0.00002929
      1.19996400      0.00002921
      1.20087600      0.00002912
      1.20178800      0.00002904
      1.20270000      0.00002896
      1.20361200      0.00002888
      1.20452400      0.00002880
      1.20543600      0.00002872
      1.20634800      0.00002864
      1.20726000      0.00002856
      1.20817200      0.00002848
      1.20908400      0.00002841
      1.20999600      0.00002833
      1.21090800      0.00002825
      1.21182000      0.00002817
      1.21273200      0.00002809
      1.21364400      0.00002801
      1.21455600      0.00002793
      1.21546800      0.00002785
      1.21638000      0.00002777
      1.21729200      0.00002770
      1.21820400      0.00002762
      1.21911600      0.00002754
      1.22002800      0.00002746
      1.22094000      0.00002738
      1.22185200      0.00002731
      1.22276400      0.00002723
      1.22367600      0.00002715
      1.22458800      0.00002707
      1.22550000      0.00002700
      1.22641200      0.00002692
      1.22732400      0.00002684
      1.22823600      0.00002676
      1.22914800      0.00002669
      1.23006000      0.00002661
      1.23097200      0.00002654
      1.23188400      0.00002646
      1.23279600      0.00002638
      1.23370800      0.00002631
      1.23462000      0.00002623
      1.23553200      0.00002615
      1.23644400      0.00002608
      1.23735600      0.00002600
      1.23826800      0.00002593
      1.23918000      0.00002585
      1.24009200      0.00002578
      1.24100400      0.00002570
      1.24191600      0.00002563
      1.24282800      0.00002555
      1.24374000      0.00002548
      1.24465200      0.00002540
      1.24556400      0.00002533
      1.24647600      0.00002525
      1.24738800      0.00002518
      1.24830000      0.00002511
      1.24921200      0.00002503
      1.25012400      0.00002496
      1.25103600      0.00002488
      1.25194800      0.00002481
      1.25286000      0.00002474
      1.25377200      0.00002466
      1.25468400      0.00002459
      1.25559600      0.00002452
      1.25650800      0.00002444
      1.25742000      0.00002437
      1.25833200      0.00002430
      1.25924400      0.00002423
      1.26015600      0.00002415
      1.26106800      0.00002408
      1.26198000      0.00002401
      1.26289200      0.00002394
      1.26380400      0.00002386
      1.26471600      0.00002379
      1.26562800      0.00002372
      1.26654000      0.00002365
      1.26745200      0.00002358
      1.26836400      0.00002351
      1.26927600      0.00002344
      1.27018800      0.00002336
      1.27110000      0.00002329
      1.27201200      0.00002322
      1.27292400      0.00002315
      1.27383600      0.00002308
      1.27474800      0.00002301
      1.27566000      0.00002294
      1.27657200      0.00002287
      1.27748400      0.00002280
      1.27839600      0.00002273
      1.27930800      0.00002266
      1.28022000      0.00002259
      1.28113200      0.00002252
      1.28204400      0.00002245
      1.28295600      0.00002238
      1.28386800      0.00002231
      1.28478000      0.00002224
      1.28569200      0.00002218
      1.28660400      0.00002211
      1.28751600      0.00002204
      1.28842800      0.00002197
      1.28934000      0.00002190
      1.29025200      0.00002183
      1.29116400      0.00002176
      1.29207600      0.00002170
      1.29298800      0.00002163
      1.29390000      0.00002156
      1.29481200      0.00002149
      1.29572400      0.00002143
      1.29663600      0.00002136
      1.29754800      0.00002129
      1.29846000      0.00002122
      1.29937200      0.00002116
      1.30028400      0.00002109
      1.30119600      0.00002102
      1.30210800      0.00002096
      1.30302000      0.00002089
      1.30393200      0.00002082
      1.30484400      0.00002076
      1.30575600      0.00002069
      1.30666800      0.00002063
      1.30758000      0.00002056
      1.30849200      0.00002049
      1.30940400      0.00002043
      1.31031600      0.00002036
      1.31122800      0.00002030
      1.31214000      0.00002023
      1.31305200      0.00002017
      1.31396400      0.00002010
      1.31487600      0.00002004
      1.31578800      0.00001997
      1.31670000      0.00001991
      1.31761200      0.00001984
      1.31852400      0.00001978
      1.31943600      0.00001971
      1.32034800      0.00001965
      1.32126000      0.00001959
      1.32217200      0.00001952
      1.32308400      0.00001946
      1.32399600      0.00001940
      1.32490800      0.00001933
      1.32582000      0.00001927
      1.32673200      0.00001921
      1.32764400      0.00001914
      1.32855600      0.00001908
      1.32946800      0.00001902
      1.33038000      0.00001895
      1.33129200      0.00001889
      1.33220400      0.00001883
      1.33311600      0.00001877
      1.33402800      0.00001871
      1.33494000      0.00001864
      1.33585200      0.00001858
      1.33676400      0.00001852
      1.33767600      0.00001846
      1.33858800      0.00001840
      1.33950000      0.00001834
      1.34041200      0.00001827
      1.34132400      0.00001821
      1.34223600      0.00001815
      1.34314800      0.00001809
      1.34406000      0.00001803
      1.34497200      0.00001797
      1.34588400      0.00001791
      1.34679600      0.00001785
      1.34770800      0.00001779
      1.34862000      0.00001773
      1.34953200      0.00001767
      1.35044400      0.00001761
      1.35135600      0.00001755
      1.35226800      0.00001749
      1.35318000      0.00001743
      1.35409200      0.00001737
      1.35500400      0.00001731
      1.35591600      0.00001725
      1.35682800      0.00001719
      1.35774000      0.00001714
      1.35865200      0.00001708
      1.35956400      0.00001702
      1.36047600      0.00001696
      1.36138800      0.00001690
      1.36230000      0.00001684
      1.36321200      0.00001679
      1.36412400      0.00001673
      1.36503600      0.00001667
      1.36594800      0.00001661
      1.36686000      0.00001655
      1.36777200      0.00001650
      1.36868400      0.00001644
      1.36959600      0.00001638
      1.37050800      0.00001633
      1.37142000      0.00001627
      1.37233200      0.00001621
      1.37324400      0.00001616
      1.37415600      0.00001610
      1.37506800      0.00001604
      1.37598000      0.00001599
      1.37689200      0.00001593
      1.37780400      0.00001587
      1.37871600      0.00001582
      1.37962800      0.00001576
      1.38054000      0.00001571
      1.38145200      0.00001565
      1.38236400      0.00001560
      1.38327600      0.00001554
      1.38418800      0.00001549
      1.38510000      0.00001543
      1.38601200      0.00001538
      1.38692400      0.00001532
      1.38783600      0.00001527
      1.38874800      0.00001521
      1.38966000      0.00001516
      1.39057200      0.00001510
      1.39148400      0.00001505
      1.39239600      0.00001500
      1.39330800      0.00001494
      1.39422000      0.00001489
      1.39513200      0.00001484
      1.39604400      0.00001478
      1.39695600      0.00001473
      1.39786800      0.00001468
      1.39878000      0.00001462
      1.39969200      0.00001457
      1.40060400      0.00001452
      1.40151600      0.00001446
      1.40242800      0.00001441
      1.40334000      0.00001436
      1.40425200      0.00001431
      1.40516400      0.00001425
      1.40607600      0.00001420
      1.40698800      0.00001415
      1.40790000      0.00001410
      1.40881200      0.00001405
      1.40972400      0.00001400
      1.41063600      0.00001394
      1.41154800      0.00001389
      1.41246000      0.00001384
      1.41337200      0.00001379
      1.41428400      0.00001374
      1.41519600      0.00001369
      1.41610800      0.00001364
      1.41702000      0.00001359
      1.41793200      0.00001354
      1.41884400      0.00001349
      1.41975600      0.00001344
      1.42066800      0.00001339
      1.42158000      0.00001334
      1.42249200      0.00001329
      1.42340400      0.00001324
      1.42431600      0.00001319
      1.42522800      0.00001314
      1.42614000      0.00001309
      1.42705200      0.00001304
      1.42796400      0.00001299
      1.42887600      0.00001294
      1.42978800      0.00001289
      1.43070000      0.00001284
      1.43161200      0.00001280
      1.43252400      0.00001275
      1.43343600      0.00001270
      1.43434800      0.00001265
      1.43526000      0.00001260
      1.43617200      0.00001256
      1.43708400      0.00001251
      1.43799600      0.00001246
      1.43890800      0.00001241
      1.43982000      0.00001237
      1.44073200      0.00001232
      1.44164400      0.00001227
      1.44255600      0.00001222
      1.44346800      0.00001218
      1.44438000      0.00001213
      1.44529200      0.00001208
      1.44620400      0.00001204
      1.44711600      0.00001199
      1.44802800      0.00001194
      1.44894000      0.00001190
      1.44985200      0.00001185
      1.45076400      0.00001181
      1.45167600      0.00001176
      1.45258800      0.00001171
      1.45350000      0.00001167
      1.45441200      0.00001162
      1.45532400      0.00001158
      1.45623600      0.00001153
      1.45714800      0.00001149
      1.45806000      0.00001144
      1.45897200      0.00001140
      1.45988400      0.00001135
      1.46079600      0.00001131
      1.46170800      0.00001126
      1.46262000      0.00001122
      1.46353200      0.00001118
      1.46444400      0.00001113
      1.46535600      0.00001109
      1.46626800      0.00001104
      1.46718000      0.00001100
      1.46809200      0.00001096
      1.46900400      0.00001091
      1.46991600      0.00001087
      1.47082800      0.00001083
      1.47174000      0.00001078
      1.47265200      0.00001074
      1.47356400      0.00001070
      1.47447600      0.00001065
      1.47538800      0.00001061
      1.47630000      0.00001057
      1.47721200      0.00001053
      1.47812400      0.00001048
      1.47903600      0.00001044
      1.47994800      0.00001040
      1.48086000      0.00001036
      1.48177200      0.00001032
      1.48268400      0.00001027
      1.48359600      0.00001023
      1.48450800      0.00001019
      1.48542000      0.00001015
      1.48633200      0.00001011
      1.48724400      0.00001007
      1.48815600      0.00001003
      1.48906800      0.00000998
      1.48998000      0.00000994
      1.49089200      0.00000990
      1.49180400      0.00000986
      1.49271600      0.00000982
      1.49362800      0.00000978
      1.49454000      0.00000974
      1.49545200      0.00000970
      1.49636400      0.00000966
      1.49727600      0.00000962
      1.49818800      0.00000958
      1.49910000      0.00000954
      1.50001200      0.00000950
      1.50092400      0.00000946
      1.50183600      0.00000942
      1.50274800      0.00000939
      1.50366000      0.00000935
      1.50457200      0.00000931
      1.50548400      0.00000927
      1.50639600      0.00000923
      1.50730800      0.00000919
      1.50822000      0.00000915
      1.50913200      0.00000911
      1.51004400      0.00000908
      1.51095600      0.00000904
      1.51186800      0.00000900
      1.51278000      0.00000896
      1.51369200      0.00000892
      1.51460400      0.00000889
      1.51551600      0.00000885
      1.51642800      0.00000881
      1.51734000      0.00000877
      1.51825200      0.00000874
      1.51916400      0.00000870
      1.52007600      0.00000866
      1.52098800      0.00000863
      1.52190000      0.00000859
      1.52281200      0.00000855
      1.52372400      0.00000852
      1.52463600      0.00000848
      1.52554800      0.00000844
      1.52646000      0.00000841
      1.52737200      0.00000837
      1.52828400      0.00000834
      1.52919600      0.00000830
      1.53010800      0.00000826
      1.53102000      0.00000823
      1.53193200      0.00000819
      1.53284400      0.00000816
      1.53375600      0.00000812
      1.53466800      0.00000809
      1.53558000      0.00000805
      1.53649200      0.00000802
      1.53740400      0.00000798
      1.53831600      0.00000795
      1.53922800      0.00000791
      1.54014000      0.00000788
      1.54105200      0.00000784
      1.54196400      0.00000781
      1.54287600      0.00000778
      1.54378800      0.00000774
      1.54470000      0.00000771
      1.54561200      0.00000767
      1.54652400      0.00000764
      1.54743600      0.00000761
      1.54834800      0.00000757
      1.54926000      0.00000754
      1.55017200      0.00000751
      1.55108400      0.00000747
      1.55199600      0.00000744
      1.55290800      0.00000741
      1.55382000      0.00000737
      1.55473200      0.00000734
      1.55564400      0.00000731
      1.55655600      0.00000728
      1.55746800      0.00000724
      1.55838000      0.00000721
      1.55929200      0.00000718
      1.56020400      0.00000715
      1.56111600      0.00000711
      1.56202800      0.00000708
      1.56294000      0.00000705
      1.56385200      0.00000702
      1.56476400      0.00000699
      1.56567600      0.00000696
      1.56658800      0.00000692
      1.56750000      0.00000689
      1.56841200      0.00000686
      1.56932400      0.00000683
      1.57023600      0.00000680
      1.57114800      0.00000677
      1.57206000      0.00000674
      1.57297200      0.00000671
      1.57388400      0.00000668
      1.57479600      0.00000665
      1.57570800      0.00000662
      1.57662000      0.00000659
      1.57753200      0.00000656
      1.57844400      0.00000653
      1.57935600      0.00000650
      1.58026800      0.00000647
      1.58118000      0.00000644
      1.58209200      0.00000641
      1.58300400      0.00000638
      1.58391600      0.00000635
      1.58482800      0.00000632
      1.58574000      0.00000629
      1.58665200      0.00000626
      1.58756400      0.00000623
      1.58847600      0.00000620
      1.58938800      0.00000617
      1.59030000      0.00000614
      1.59121200      0.00000611
      1.59212400      0.00000609
      1.59303600      0.00000606
      1.59394800      0.00000603
      1.59486000      0.00000600
      1.59577200      0.00000597
      1.59668400      0.00000595
      1.59759600      0.00000592
      1.59850800      0.00000589
      1.59942000      0.00000586
      1.60033200      0.00000583
      1.60124400      0.00000581
      1.60215600      0.00000578
      1.60306800      0.00000575
      1.60398000      0.00000572
      1.60489200      0.00000570
      1.60580400      0.00000567
      1.60671600      0.00000564
      1.60762800      0.00000562
      1.60854000      0.00000559
      1.60945200      0.00000556
      1.61036400      0.00000554
      1.61127600      0.00000551
      1.61218800      0.00000548
      1.61310000      0.00000546
      1.61401200      0.00000543
      1.61492400      0.00000540
      1.61583600      0.00000538
      1.61674800      0.00000535
      1.61766000      0.00000533
      1.61857200      0.00000530
      1.61948400      0.00000528
      1.62039600      0.00000525
      1.62130800      0.00000522
      1.62222000      0.00000520
      1.62313200      0.00000517
      1.62404400      0.00000515
      1.62495600      0.00000512
      1.62586800      0.00000510
      1.62678000      0.00000507
      1.62769200      0.00000505
      1.62860400      0.00000502
      1.62951600      0.00000500
      1.63042800      0.00000498
      1.63134000      0.00000495
      1.63225200      0.00000493
      1.63316400      0.00000490
      1.63407600      0.00000488
      1.63498800      0.00000485
      1.63590000      0.00000483
      1.63681200      0.00000481
      1.63772400      0.00000478
      1.63863600      0.00000476
      1.63954800      0.00000474
      1.64046000      0.00000471
      1.64137200      0.00000469
      1.64228400      0.00000467
      1.64319600      0.00000464
      1.64410800      0.00000462
      1.64502000      0.00000460
      1.64593200      0.00000457
      1.64684400      0.00000455
      1.64775600      0.00000453
      1.64866800      0.00000450
      1.64958000      0.00000448
      1.65049200      0.00000446
      1.65140400      0.00000444
      1.65231600      0.00000441
      1.65322800      0.00000439
      1.65414000      0.00000437
      1.65505200      0.00000435
      1.65596400      0.00000433
      1.65687600      0.00000430
      1.65778800      0.00000428
      1.65870000      0.00000426
      1.65961200      0.00000424
      1.66052400      0.00000422
      1.66143600      0.00000420
      1.66234800      0.00000417
      1.66326000      0.00000415
      1.66417200      0.00000413
      1.66508400      0.00000411
      1.66599600      0.00000409
      1.66690800      0.00000407
      1.66782000      0.00000405
      1.66873200      0.00000403
      1.66964400      0.00000401
      1.67055600      0.00000399
      1.67146800      0.00000397
      1.67238000      0.00000394
      1.67329200      0.00000392
      1.67420400      0.00000390
      1.67511600      0.00000388
      1.67602800      0.00000386
      1.67694000      0.00000384
      1.67785200      0.00000382
      1.67876400      0.00000380
      1.67967600      0.00000378
      1.68058800      0.00000376
      1.68150000      0.00000374
      1.68241200      0.00000373
      1.68332400      0.00000371
      1.68423600      0.00000369
      1.68514800      0.00000367
      1.68606000      0.00000365
      1.68697200      0.00000363
      1.68788400      0.00000361
      1.68879600      0.00000359
      1.68970800      0.00000357
      1.69062000      0.00000355
      1.69153200      0.00000353
      1.69244400      0.00000352
      1.69335600      0.00000350
      1.69426800      0.00000348
      1.69518000      0.00000346
      1.69609200      0.00000344
      1.69700400      0.00000342
      1.69791600      0.00000340
      1.69882800      0.00000339
      1.69974000      0.00000337
      1.70065200      0.00000335
      1.70156400      0.00000333
      1.70247600      0.00000331
      1.70338800      0.00000330
      1.70430000      0.00000328
      1.70521200      0.00000326
      1.70612400      0.00000324
      1.70703600      0.00000323
      1.70794800      0.00000321
      1.70886000      0.00000319
      1.70977200      0.00000317
      1.71068400      0.00000316
      1.71159600      0.00000314
      1.71250800      0.00000312
      1.71342000      0.00000311
      1.71433200      0.00000309
      1.71524400      0.00000307
      1.71615600      0.00000306
      1.71706800      0.00000304
      1.71798000      0.00000302
      1.71889200      0.00000301
      1.71980400      0.00000299
      1.72071600      0.00000297
      1.72162800      0.00000296
      1.72254000      0.00000294
      1.72345200      0.00000292
      1.72436400      0.00000291
      1.72527600      0.00000289
      1.72618800      0.00000288
      1.72710000      0.00000286
      1.72801200      0.00000284
      1.72892400      0.00000283
      1.72983600      0.00000281
      1.73074800      0.00000280
      1.73166000      0.00000278
      1.73257200      0.00000277
      1.73348400      0.00000275
      1.73439600      0.00000274
      1.73530800      0.00000272
      1.73622000      0.00000271
      1.73713200      0.00000269
      1.73804400      0.00000268
      1.73895600      0.00000266
      1.73986800      0.00000265
      1.74078000      0.00000263
      1.74169200      0.00000262
      1.74260400      0.00000260
      1.74351600      0.00000259
      1.74442800      0.00000257
      1.74534000      0.00000256
      1.74625200      0.00000254
      1.74716400      0.00000253
      1.74807600      0.00000251
      1.74898800      0.00000250
      1.74990000      0.00000249
      1.75081200      0.00000247
      1.75172400      0.00000246
      1.75263600      0.00000244
      1.75354800      0.00000243
      1.75446000      0.00000242
      1.75537200      0.00000240
      1.75628400      0.00000239
      1.75719600      0.00000237
      1.75810800      0.00000236
      1.75902000      0.00000235
      1.75993200      0.00000233
      1.76084400      0.00000232
      1.76175600      0.00000231
      1.76266800      0.00000229
      1.76358000      0.00000228
      1.76449200      0.00000227
      1.76540400      0.00000225
      1.76631600      0.00000224
      1.76722800      0.00000223
      1.76814000      0.00000222
      1.76905200      0.00000220
      1.76996400      0.00000219
      1.77087600      0.00000218
      1.77178800      0.00000216
      1.77270000      0.00000215
      1.77361200      0.00000214
      1.77452400      0.00000213
      1.77543600      0.00000211
      1.77634800      0.00000210
      1.77726000      0.00000209
      1.77817200      0.00000208
      1.77908400      0.00000207
      1.77999600      0.00000205
      1.78090800      0.00000204
      1.78182000      0.00000203
      1.78273200      0.00000202
      1.78364400      0.00000201
      1.78455600      0.00000199
      1.78546800      0.00000198
      1.78638000      0.00000197
      1.78729200      0.00000196
      1.78820400      0.00000195
      1.78911600      0.00000194
      1.79002800      0.00000192
      1.79094000      0.00000191
      1.79185200      0.00000190
      1.79276400      0.00000189
      1.79367600      0.00000188
      1.79458800      0.00000187
      1.79550000      0.00000186
      1.79641200      0.00000184
      1.79732400      0.00000183
      1.79823600      0.00000182
      1.79914800      0.00000181
      1.80006000      0.00000180
      1.80097200      0.00000179
      1.80188400      0.00000178
      1.80279600      0.00000177
      1.80370800      0.00000176
      1.80462000      0.00000175
      1.80553200      0.00000174
      1.80644400      0.00000173
      1.80735600      0.00000172
      1.80826800      0.00000170
      1.80918000      0.00000169
      1.81009200      0.00000168
      1.81100400      0.00000167
      1.81191600      0.00000166
      1.81282800      0.00000165
      1.81374000      0.00000164
      1.81465200      0.00000163
      1.81556400      0.00000162
      1.81647600      0.00000161
      1.81738800      0.00000160
      1.81830000      0.00000159
      1.81921200      0.00000158
      1.82012400      0.00000157
      1.82103600      0.00000156
      1.82194800      0.00000155
      1.82286000      0.00000155
      1.82377200      0.00000154
      1.82468400      0.00000153
      1.82559600      0.00000152
      1.82650800      0.00000151
      1.82742000      0.00000150
      1.82833200      0.00000149
      1.82924400      0.00000148
      1.83015600      0.00000147
      1.83106800      0.00000146
      1.83198000      0.00000145
      1.83289200      0.00000144
      1.83380400      0.00000143
      1.83471600      0.00000142
      1.83562800      0.00000142
      1.83654000      0.00000141
      1.83745200      0.00000140
      1.83836400      0.00000139
      1.83927600      0.00000138
      1.84018800      0.00000137
      1.84110000      0.00000136
      1.84201200      0.00000135
      1.84292400      0.00000135
      1.84383600      0.00000134
      1.84474800      0.00000133
      1.84566000      0.00000132
      1.84657200      0.00000131
      1.84748400      0.00000130
      1.84839600      0.00000130
      1.84930800      0.00000129
      1.85022000      0.00000128
      1.85113200      0.00000127
      1.85204400      0.00000126
      1.85295600      0.00000125
      1.85386800      0.00000125
      1.85478000      0.00000124
      1.85569200      0.00000123
      1.85660400      0.00000122
      1.85751600      0.00000122
      1.85842800      0.00000121
      1.85934000      0.00000120
      1.86025200      0.00000119
      1.86116400      0.00000118
      1.86207600      0.00000118
      1.86298800      0.00000117
      1.86390000      0.00000116
      1.86481200      0.00000115
      1.86572400      0.00000115
      1.86663600      0.00000114
      1.86754800      0.00000113
      1.86846000      0.00000112
      1.86937200      0.00000112
      1.87028400      0.00000111
      1.87119600      0.00000110
      1.87210800      0.00000110
      1.87302000      0.00000109
      1.87393200      0.00000108
      1.87484400      0.00000107
      1.87575600      0.00000107
      1.87666800      0.00000106
      1.87758000      0.00000105
      1.87849200      0.00000105
      1.87940400      0.00000104
      1.88031600      0.00000103
      1.88122800      0.00000103
      1.88214000      0.00000102
      1.88305200      0.00000101
      1.88396400      0.00000101
      1.88487600      0.00000100
      1.88578800      0.00000099
      1.88670000      0.00000099
      1.88761200      0.00000098
      1.88852400      0.00000097
      1.88943600      0.00000097
      1.89034800      0.00000096
      1.89126000      0.00000095
      1.89217200      0.00000095
      1.89308400      0.00000094
      1.89399600      0.00000093
      1.89490800      0.00000093
      1.89582000      0.00000092
      1.89673200      0.00000092
      1.89764400      0.00000091
      1.89855600      0.00000090
      1.89946800      0.00000090
      1.90038000      0.00000089
      1.90129200      0.00000089
      1.90220400      0.00000088
      1.90311600      0.00000087
      1.90402800      0.00000087
      1.90494000      0.00000086
      1.90585200      0.00000086
      1.90676400      0.00000085
      1.90767600      0.00000084
      1.90858800      0.00000084
      1.90950000      0.00000083
      1.91041200      0.00000083
      1.91132400      0.00000082
      1.91223600      0.00000082
      1.91314800      0.00000081
      1.91406000      0.00000080
      1.91497200      0.00000080
      1.91588400      0.00000079
      1.91679600      0.00000079
      1.91770800      0.00000078
      1.91862000      0.00000078
      1.91953200      0.00000077
      1.92044400      0.00000077
      1.92135600      0.00000076
      1.92226800      0.00000076
      1.92318000      0.00000075
      1.92409200      0.00000075
      1.92500400      0.00000074
      1.92591600      0.00000074
      1.92682800      0.00000073
      1.92774000      0.00000073
      1.92865200      0.00000072
      1.92956400      0.00000072
      1.93047600      0.00000071
      1.93138800      0.00000071
      1.93230000      0.00000070
      1.93321200      0.00000070
      1.93412400      0.00000069
      1.93503600      0.00000069
      1.93594800      0.00000068
      1.93686000      0.00000068
      1.93777200      0.00000067
      1.93868400      0.00000067
      1.93959600      0.00000066
      1.94050800      0.00000066
      1.94142000      0.00000065
      1.94233200      0.00000065
      1.94324400      0.00000064
      1.94415600      0.00000064
      1.94506800      0.00000063
      1.94598000      0.00000063
      1.94689200      0.00000063
      1.94780400      0.00000062
      1.94871600      0.00000062
      1.94962800      0.00000061
      1.95054000      0.00000061
      1.95145200      0.00000060
      1.95236400      0.00000060
      1.95327600      0.00000060
      1.95418800      0.00000059
      1.95510000      0.00000059
      1.95601200      0.00000058
      1.95692400      0.00000058
      1.95783600      0.00000057
      1.95874800      0.00000057
      1.95966000      0.00000057
      1.96057200      0.00000056
      1.96148400      0.00000056
      1.96239600      0.00000055
      1.96330800      0.00000055
      1.96422000      0.00000055
      1.96513200      0.00000054
      1.96604400      0.00000054
      1.96695600      0.00000053
      1.96786800      0.00000053
      1.96878000      0.00000053
      1.96969200      0.00000052
      1.97060400      0.00000052
      1.97151600      0.00000052
      1.97242800      0.00000051
      1.97334000      0.00000051
      1.97425200      0.00000050
      1.97516400      0.00000050
      1.97607600      0.00000050
      1.97698800      0.00000049
      1.97790000      0.00000049
      1.97881200      0.00000049
      1.97972400      0.00000048
      1.98063600      0.00000048
      1.98154800      0.00000048
      1.98246000      0.00000047
      1.98337200      0.00000047
      1.98428400      0.00000046
      1.98519600      0.00000046
      1.98610800      0.00000046
      1.98702000      0.00000045
      1.98793200      0.00000045
      1.98884400      0.00000045
      1.98975600      0.00000044
      1.99066800      0.00000044
      1.99158000      0.00000044
      1.99249200      0.00000043
      1.99340400      0.00000043
      1.99431600      0.00000043
      1.99522800      0.00000043
      1.99614000      0.00000042
      1.99705200      0.00000042
      1.99796400      0.00000042
      1.99887600      0.00000041
      1.99978800      0.00000041
      2.00070000      0.00000041
      2.00161200      0.00000040
      2.00252400      0.00000040
      2.00343600      0.00000040
      2.00434800      0.00000039
      2.00526000      0.00000039
      2.00617200      0.00000039
      2.00708400      0.00000039
      2.00799600      0.00000038
      2.00890800      0.00000038
      2.00982000      0.00000038
      2.01073200      0.00000037
      2.01164400      0.00000037
      2.01255600      0.00000037
      2.01346800      0.00000037
      2.01438000      0.00000036
      2.01529200      0.00000036
      2.01620400      0.00000036
      2.01711600      0.00000035
      2.01802800      0.00000035
      2.01894000      0.00000035
      2.01985200      0.00000035
      2.02076400      0.00000034
      2.02167600      0.00000034
      2.02258800      0.00000034
      2.02350000      0.00000034
      2.02441200      0.00000033
      2.02532400      0.00000033
      2.02623600      0.00000033
      2.02714800      0.00000033
      2.02806000      0.00000032
      2.02897200      0.00000032
      2.02988400      0.00000032
      2.03079600      0.00000032
      2.03170800      0.00000031
      2.03262000      0.00000031
      2.03353200      0.00000031
      2.03444400      0.00000031
      2.03535600      0.00000030
      2.03626800      0.00000030
      2.03718000      0.00000030
      2.03809200      0.00000030
      2.03900400      0.00000029
      2.03991600      0.00000029
      2.04082800      0.00000029
      2.04174000      0.00000029
      2.04265200      0.00000029
      2.04356400      0.00000028
      2.04447600      0.00000028
      2.04538800      0.00000028
      2.04630000      0.00000028
      2.04721200      0.00000027
      2.04812400      0.00000027
      2.04903600      0.00000027
      2.04994800      0.00000027
      2.05086000      0.00000027
      2.05177200      0.00000026
      2.05268400      0.00000026
      2.05359600      0.00000026
      2.05450800      0.00000026
      2.05542000      0.00000026
      2.05633200      0.00000025
      2.05724400      0.00000025
      2.05815600      0.00000025
      2.05906800      0.00000025
      2.05998000      0.00000025
      2.06089200      0.00000024
      2.06180400      0.00000024
      2.06271600      0.00000024
      2.06362800      0.00000024
      2.06454000      0.00000024
      2.06545200      0.00000023
      2.06636400      0.00000023
      2.06727600      0.00000023
      2.06818800      0.00000023
      2.06910000      0.00000023
      2.07001200      0.00000022
      2.07092400      0.00000022
      2.07183600      0.00000022
      2.07274800      0.00000022
      2.07366000      0.00000022
      2.07457200      0.00000022
      2.07548400      0.00000021
      2.07639600      0.00000021
      2.07730800      0.00000021
      2.07822000      0.00000021
      2.07913200      0.00000021
      2.08004400      0.00000021
      2.08095600      0.00000020
      2.08186800      0.00000020
      2.08278000      0.00000020
      2.08369200      0.00000020
      2.08460400      0.00000020
      2.08551600      0.00000020
      2.08642800      0.00000019
      2.08734000      0.00000019
      2.08825200      0.00000019
      2.08916400      0.00000019
      2.09007600      0.00000019
      2.09098800      0.00000019
      2.09190000      0.00000018
      2.09281200      0.00000018
      2.09372400      0.00000018
      2.09463600      0.00000018
      2.09554800      0.00000018
      2.09646000      0.00000018
      2.09737200      0.00000018
      2.09828400      0.00000017
      2.09919600      0.00000017
      2.10010800      0.00000017
      2.10102000      0.00000017
      2.10193200      0.00000017
      2.10284400      0.00000017
      2.10375600      0.00000017
      2.10466800      0.00000016
      2.10558000      0.00000016
      2.10649200      0.00000016
      2.10740400      0.00000016
      2.10831600      0.00000016
      2.10922800      0.00000016
      2.11014000      0.00000016
      2.11105200      0.00000016
      2.11196400      0.00000015
      2.11287600      0.00000015
      2.11378800      0.00000015
      2.11470000      0.00000015
      2.11561200      0.00000015
      2.11652400      0.00000015
      2.11743600      0.00000015
      2.11834800      0.00000015
      2.11926000      0.00000014
      2.12017200      0.00000014
      2.12108400      0.00000014
      2.12199600      0.00000014
      2.12290800      0.00000014
      2.12382000      0.00000014
      2.12473200      0.00000014
      2.12564400      0.00000014
      2.12655600      0.00000013
      2.12746800      0.00000013
      2.12838000      0.00000013
      2.12929200      0.00000013
      2.13020400      0.00000013
      2.13111600      0.00000013
      2.13202800      0.00000013
      2.13294000      0.00000013
      2.13385200      0.00000013
      2.13476400      0.00000012
      2.13567600      0.00000012
      2.13658800      0.00000012
      2.13750000      0.00000012
      2.13841200      0.00000012
      2.13932400      0.00000012
      2.14023600      0.00000012
      2.14114800      0.00000012
