      0.00169245      0.00001993
      0.00394905      0.00002003
      0.00620565      0.00002012
      0.00846225      0.00002022
      0.01071885      0.00002032
      0.01297545      0.00002041
      0.01523205      0.00002051
      0.01748865      0.00002060
      0.01974525      0.00002070
      0.02200185      0.00002080
      0.02425845      0.00002090
      0.02651505      0.00002099
      0.02877165      0.00002109
      0.03102825      0.00002119
      0.03328485      0.00002129
      0.03554145      0.00002138
      0.03779805      0.00002148
      0.04005465      0.00002158
      0.04231125      0.00002168
      0.04456785      0.00002178
      0.04682445      0.00002188
      0.04908105      0.00002198
      0.05133765      0.00002208
      0.05359425      0.00002218
      0.05585085      0.00002228
      0.05810745      0.00002238
      0.06036405      0.00002248
      0.06262065      0.00002258
      0.06487725      0.00002268
      0.06713385      0.00002278
      0.06939045      0.00002288
      0.07164705      0.00002298
      0.07390365      0.00002308
      0.07616025      0.00002318
      0.07841685      0.00002328
      0.08067345      0.00002338
      0.08293005      0.00002349
      0.08518665      0.00002359
      0.08744325      0.00002369
      0.08969985      0.00002379
      0.09195645      0.00002389
      0.09421305      0.00002400
      0.09646965      0.00002410
      0.09872625      0.00002420
      0.10098285      0.00002431
      0.10323945      0.00002441
      0.10549605      0.00002451
      0.10775265      0.00002462
      0.11000925      0.00002472
      0.11226585      0.00002482
      0.11452245      0.00002493
      0.11677905      0.00002503
      0.11903565      0.00002514
      0.12129225      0.00002524
      0.12354885      0.00002534
      0.12580545      0.00002545
      0.12806205      0.00002555
      0.13031865      0.00002566
      0.13257525      0.00002576
      0.13483185      0.00002587
      0.13708845      0.00002597
      0.13934505      0.00002608
      0.14160165      0.00002618
      0.14385825      0.00002629
      0.14611485      0.00002639
      0.14837145      0.00002650
      0.15062805      0.00002660
      0.15288465      0.00002671
      0.15514125      0.00002682
      0.15739785      0.00002692
      0.15965445      0.00002703
      0.16191105      0.00002713
      0.16416765      0.00002724
      0.16642425      0.00002735
      0.16868085      0.00002745
      0.17093745      0.00002756
      0.17319405      0.00002767
      0.17545065      0.00002777
      0.17770725      0.00002788
      0.17996385      0.00002799
      0.18222045      0.00002809
      0.18447705      0.00002820
      0.18673365      0.00002831
      0.18899025      0.00002841
      0.19124685      0.00002852
      0.19350345      0.00002863
      0.19576005      0.00002874
      0.19801665      0.00002884
      0.20027325      0.00002895
      0.20252985      0.00002906
      0.20478645      0.00002917
      0.20704305      0.00002927
      0.20929965      0.00002938
      0.21155625      0.00002949
      0.21381285      0.00002960
      0.21606945      0.00002970
      0.21832605      0.00002981
      0.22058265      0.00002992
      0.22283925      0.00003003
      0.22509585      0.00003013
      0.22735245      0.00003024
      0.22960905      0.00003035
      0.23186565      0.00003046
      0.23412225      0.00003056
      0.23637885      0.00003067
      0.23863545      0.00003078
      0.24089205      0.00003089
      0.24314865      0.00003100
      0.24540525      0.00003110
      0.24766185      0.00003121
      0.24991845      0.00003132
      0.25217505      0.00003143
      0.25443165      0.00003153
      0.25668825      0.00003164
      0.25894485      0.00003175
      0.26120145      0.00003186
      0.26345805      0.00003196
      0.26571465      0.00003207
      0.26797125      0.00003218
      0.27022785      0.00003229
      0.27248445      0.00003239
      0.27474105      0.00003250
      0.27699765      0.00003261
      0.27925425      0.00003272
      0.28151085      0.00003282
      0.28376745      0.00003293
      0.28602405      0.00003304
      0.28828065      0.00003315
      0.29053725      0.00003325
      0.29279385      0.00003336
      0.29505045      0.00003347
      0.29730705      0.00003357
      0.29956365      0.00003368
      0.30182025      0.00003379
      0.30407685      0.00003390
      0.30633345      0.00003400
      0.30859005      0.00003411
      0.31084665      0.00003422
      0.31310325      0.00003432
      0.31535985      0.00003443
      0.31761645      0.00003453
      0.31987305      0.00003464
      0.32212965      0.00003475
      0.32438625      0.00003485
      0.32664285      0.00003496
      0.32889945      0.00003506
      0.33115605      0.00003517
      0.33341265      0.00003528
      0.33566925      0.00003538
      0.33792585      0.00003549
      0.34018245      0.00003559
      0.34243905      0.00003570
      0.34469565      0.00003580
      0.34695225      0.00003591
      0.34920885      0.00003601
      0.35146545      0.00003612
      0.35372205      0.00003622
      0.35597865      0.00003633
      0.35823525      0.00003643
      0.36049185      0.00003653
      0.36274845      0.00003664
      0.36500505      0.00003674
      0.36726165      0.00003684
      0.36951825      0.00003695
      0.37177485      0.00003705
      0.37403145      0.00003715
      0.37628805      0.00003726
      0.37854465      0.00003736
      0.38080125      0.00003746
      0.38305785      0.00003757
      0.38531445      0.00003767
      0.38757105      0.00003777
      0.38982765      0.00003787
      0.39208425      0.00003797
      0.39434085      0.00003808
      0.39659745      0.00003818
      0.39885405      0.00003828
      0.40111065      0.00003838
      0.40336725      0.00003848
      0.40562385      0.00003858
      0.40788045      0.00003868
      0.41013705      0.00003878
      0.41239365      0.00003888
      0.41465025      0.00003898
      0.41690685      0.00003908
      0.41916345      0.00003918
      0.42142005      0.00003928
      0.42367665      0.00003938
      0.42593325      0.00003948
      0.42818985      0.00003958
      0.43044645      0.00003967
      0.43270305      0.00003977
      0.43495965      0.00003987
      0.43721625      0.00003997
      0.43947285      0.00004007
      0.44172945      0.00004016
      0.44398605      0.00004026
      0.44624265      0.00004036
      0.44849925      0.00004045
      0.45075585      0.00004055
      0.45301245      0.00004064
      0.45526905      0.00004074
      0.45752565      0.00004084
      0.45978225      0.00004093
      0.46203885      0.00004102
      0.46429545      0.00004112
      0.46655205      0.00004121
      0.46880865      0.00004131
      0.47106525      0.00004140
      0.47332185      0.00004149
      0.47557845      0.00004159
      0.47783505      0.00004168
      0.48009165      0.00004177
      0.48234825      0.00004187
      0.48460485      0.00004196
      0.48686145      0.00004205
      0.48911805      0.00004214
      0.49137465      0.00004223
      0.49363125      0.00004232
      0.49588785      0.00004241
      0.49814445      0.00004250
      0.50040105      0.00004259
      0.50265765      0.00004268
      0.50491425      0.00004277
      0.50717085      0.00004286
      0.50942745      0.00004295
      0.51168405      0.00004304
      0.51394065      0.00004313
      0.51619725      0.00004321
      0.51845385      0.00004330
      0.52071045      0.00004339
      0.52296705      0.00004347
      0.52522365      0.00004356
      0.52748025      0.00004365
      0.52973685      0.00004373
      0.53199345      0.00004382
      0.53425005      0.00004390
      0.53650665      0.00004399
      0.53876325      0.00004407
      0.54101985      0.00004415
      0.54327645      0.00004424
      0.54553305      0.00004432
      0.54778965      0.00004440
      0.55004625      0.00004449
      0.55230285      0.00004457
      0.55455945      0.00004465
      0.55681605      0.00004473
      0.55907265      0.00004481
      0.56132925      0.00004489
      0.56358585      0.00004497
      0.56584245      0.00004505
      0.56809905      0.00004513
      0.57035565      0.00004521
      0.57261225      0.00004529
      0.57486885      0.00004537
      0.57712545      0.00004544
      0.57938205      0.00004552
      0.58163865      0.00004560
      0.58389525      0.00004567
      0.58615185      0.00004575
      0.58840845      0.00004583
      0.59066505      0.00004590
      0.59292165      0.00004598
      0.59517825      0.00004605
      0.59743485      0.00004613
      0.59969145      0.00004620
      0.60194805      0.00004627
      0.60420465      0.00004635
      0.60646125      0.00004642
      0.60871785      0.00004649
      0.61097445      0.00004656
      0.61323105      0.00004663
      0.61548765      0.00004670
      0.61774425      0.00004677
      0.62000085      0.00004684
      0.62225745      0.00004691
      0.62451405      0.00004698
      0.62677065      0.00004705
      0.62902725      0.00004712
      0.63128385      0.00004719
      0.63354045      0.00004725
      0.63579705      0.00004732
      0.63805365      0.00004739
      0.64031025      0.00004745
      0.64256685      0.00004752
      0.64482345      0.00004758
      0.64708005      0.00004765
      0.64933665      0.00004771
      0.65159325      0.00004778
      0.65384985      0.00004784
      0.65610645      0.00004790
      0.65836305      0.00004796
      0.66061965      0.00004803
      0.66287625      0.00004809
      0.66513285      0.00004815
      0.66738945      0.00004821
      0.66964605      0.00004827
      0.67190265      0.00004833
      0.67415925      0.00004839
      0.67641585      0.00004845
      0.67867245      0.00004850
      0.68092905      0.00004856
      0.68318565      0.00004862
      0.68544225      0.00004868
      0.68769885      0.00004873
      0.68995545      0.00004879
      0.69221205      0.00004884
      0.69446865      0.00004890
      0.69672525      0.00004895
      0.69898185      0.00004901
      0.70123845      0.00004906
      0.70349505      0.00004911
      0.70575165      0.00004916
      0.70800825      0.00004922
      0.71026485      0.00004927
      0.71252145      0.00004932
      0.71477805      0.00004937
      0.71703465      0.00004942
      0.71929125      0.00004947
      0.72154785      0.00004952
      0.72380445      0.00004956
      0.72606105      0.00004961
      0.72831765      0.00004966
      0.73057425      0.00004971
      0.73283085      0.00004975
      0.73508745      0.00004980
      0.73734405      0.00004984
      0.73960065      0.00004989
      0.74185725      0.00004993
      0.74411385      0.00004998
      0.74637045      0.00005002
      0.74862705      0.00005006
      0.75088365      0.00005011
      0.75314025      0.00005015
      0.75539685      0.00005019
      0.75765345      0.00005023
      0.75991005      0.00005027
      0.76216665      0.00005031
      0.76442325      0.00005035
      0.76667985      0.00005039
      0.76893645      0.00005043
      0.77119305      0.00005046
      0.77344965      0.00005050
      0.77570625      0.00005054
      0.77796285      0.00005058
      0.78021945      0.00005061
      0.78247605      0.00005065
      0.78473265      0.00005068
      0.78698925      0.00005072
      0.78924585      0.00005075
      0.79150245      0.00005078
      0.79375905      0.00005081
      0.79601565      0.00005085
      0.79827225      0.00005088
      0.80052885      0.00005091
      0.80278545      0.00005094
      0.80504205      0.00005097
      0.80729865      0.00005100
      0.80955525      0.00005103
      0.81181185      0.00005106
      0.81406845      0.00005109
      0.81632505      0.00005111
      0.81858165      0.00005114
      0.82083825      0.00005117
      0.82309485      0.00005119
      0.82535145      0.00005122
      0.82760805      0.00005124
      0.82986465      0.00005127
      0.83212125      0.00005129
      0.83437785      0.00005132
      0.83663445      0.00005134
      0.83889105      0.00005136
      0.84114765      0.00005138
      0.84340425      0.00005140
      0.84566085      0.00005143
      0.84791745      0.00005145
      0.85017405      0.00005147
      0.85243065      0.00005148
      0.85468725      0.00005150
      0.85694385      0.00005152
      0.85920045      0.00005154
      0.86145705      0.00005156
      0.86371365      0.00005157
      0.86597025      0.00005159
      0.86822685      0.00005161
      0.87048345      0.00005162
      0.87274005      0.00005164
      0.87499665      0.00005165
      0.87725325      0.00005166
      0.87950985      0.00005168
      0.88176645      0.00005169
      0.88402305      0.00005170
      0.88627965      0.00005171
      0.88853625      0.00005173
      0.89079285      0.00005174
      0.89304945      0.00005175
      0.89530605      0.00005176
      0.89756265      0.00005177
      0.89981925      0.00005178
      0.90207585      0.00005178
      0.90433245      0.00005179
      0.90658905      0.00005180
      0.90884565      0.00005181
      0.91110225      0.00005181
      0.91335885      0.00005182
      0.91561545      0.00005182
      0.91787205      0.00005183
      0.92012865      0.00005183
      0.92238525      0.00005184
      0.92464185      0.00005184
      0.92689845      0.00005184
      0.92915505      0.00005185
      0.93141165      0.00005185
      0.93366825      0.00005185
      0.93592485      0.00005185
      0.93818145      0.00005185
      0.94043805      0.00005185
      0.94269465      0.00005185
      0.94495125      0.00005185
      0.94720785      0.00005185
      0.94946445      0.00005185
      0.95172105      0.00005184
      0.95397765      0.00005184
      0.95623425      0.00005184
      0.95849085      0.00005183
      0.96074745      0.00005183
      0.96300405      0.00005183
      0.96526065      0.00005182
      0.96751725      0.00005181
      0.96977385      0.00005181
      0.97203045      0.00005180
      0.97428705      0.00005180
      0.97654365      0.00005179
      0.97880025      0.00005178
      0.98105685      0.00005177
      0.98331345      0.00005176
      0.98557005      0.00005175
      0.98782665      0.00005174
      0.99008325      0.00005173
      0.99233985      0.00005172
      0.99459645      0.00005171
      0.99685305      0.00005170
      0.99910965      0.00005169
      1.00136625      0.00005168
      1.00362285      0.00005167
      1.00587945      0.00005165
      1.00813605      0.00005164
      1.01039265      0.00005163
      1.01264925      0.00005161
      1.01490585      0.00005160
      1.01716245      0.00005158
      1.01941905      0.00005157
      1.02167565      0.00005155
      1.02393225      0.00005153
      1.02618885      0.00005152
      1.02844545      0.00005150
      1.03070205      0.00005148
      1.03295865      0.00005146
      1.03521525      0.00005144
      1.03747185      0.00005143
      1.03972845      0.00005141
      1.04198505      0.00005139
      1.04424165      0.00005137
      1.04649825      0.00005135
      1.04875485      0.00005133
      1.05101145      0.00005130
      1.05326805      0.00005128
      1.05552465      0.00005126
      1.05778125      0.00005124
      1.06003785      0.00005122
      1.06229445      0.00005119
      1.06455105      0.00005117
      1.06680765      0.00005115
      1.06906425      0.00005112
      1.07132085      0.00005110
      1.07357745      0.00005107
      1.07583405      0.00005105
      1.07809065      0.00005102
      1.08034725      0.00005099
      1.08260385      0.00005097
      1.08486045      0.00005094
      1.08711705      0.00005091
      1.08937365      0.00005089
      1.09163025      0.00005086
      1.09388685      0.00005083
      1.09614345      0.00005080
      1.09840005      0.00005077
      1.10065665      0.00005074
      1.10291325      0.00005071
      1.10516985      0.00005068
      1.10742645      0.00005065
      1.10968305      0.00005062
      1.11193965      0.00005059
      1.11419625      0.00005056
      1.11645285      0.00005053
      1.11870945      0.00005050
      1.12096605      0.00005047
      1.12322265      0.00005043
      1.12547925      0.00005040
      1.12773585      0.00005037
      1.12999245      0.00005034
      1.13224905      0.00005030
      1.13450565      0.00005027
      1.13676225      0.00005023
      1.13901885      0.00005020
      1.14127545      0.00005016
      1.14353205      0.00005013
      1.14578865      0.00005009
      1.14804525      0.00005006
      1.15030185      0.00005002
      1.15255845      0.00004999
      1.15481505      0.00004995
      1.15707165      0.00004991
      1.15932825      0.00004988
      1.16158485      0.00004984
      1.16384145      0.00004980
      1.16609805      0.00004976
      1.16835465      0.00004972
      1.17061125      0.00004969
      1.17286785      0.00004965
      1.17512445      0.00004961
      1.17738105      0.00004957
      1.17963765      0.00004953
      1.18189425      0.00004949
      1.18415085      0.00004945
      1.18640745      0.00004941
      1.18866405      0.00004937
      1.19092065      0.00004933
      1.19317725      0.00004929
      1.19543385      0.00004925
      1.19769045      0.00004921
      1.19994705      0.00004917
      1.20220365      0.00004912
      1.20446025      0.00004908
      1.20671685      0.00004904
      1.20897345      0.00004900
      1.21123005      0.00004895
      1.21348665      0.00004891
      1.21574325      0.00004887
      1.21799985      0.00004883
      1.22025645      0.00004878
      1.22251305      0.00004874
      1.22476965      0.00004870
      1.22702625      0.00004865
      1.22928285      0.00004861
      1.23153945      0.00004856
      1.23379605      0.00004852
      1.23605265      0.00004847
      1.23830925      0.00004843
      1.24056585      0.00004838
      1.24282245      0.00004834
      1.24507905      0.00004829
      1.24733565      0.00004825
      1.24959225      0.00004820
      1.25184885      0.00004816
      1.25410545      0.00004811
      1.25636205      0.00004806
      1.25861865      0.00004802
      1.26087525      0.00004797
      1.26313185      0.00004793
      1.26538845      0.00004788
      1.26764505      0.00004783
      1.26990165      0.00004778
      1.27215825      0.00004774
      1.27441485      0.00004769
      1.27667145      0.00004764
      1.27892805      0.00004760
      1.28118465      0.00004755
      1.28344125      0.00004750
      1.28569785      0.00004745
      1.28795445      0.00004740
      1.29021105      0.00004736
      1.29246765      0.00004731
      1.29472425      0.00004726
      1.29698085      0.00004721
      1.29923745      0.00004716
      1.30149405      0.00004711
      1.30375065      0.00004707
      1.30600725      0.00004702
      1.30826385      0.00004697
      1.31052045      0.00004692
      1.31277705      0.00004687
      1.31503365      0.00004682
      1.31729025      0.00004677
      1.31954685      0.00004672
      1.32180345      0.00004667
      1.32406005      0.00004662
      1.32631665      0.00004657
      1.32857325      0.00004652
      1.33082985      0.00004648
      1.33308645      0.00004643
      1.33534305      0.00004638
      1.33759965      0.00004633
      1.33985625      0.00004628
      1.34211285      0.00004623
      1.34436945      0.00004618
      1.34662605      0.00004613
      1.34888265      0.00004608
      1.35113925      0.00004603
      1.35339585      0.00004598
      1.35565245      0.00004593
      1.35790905      0.00004588
      1.36016565      0.00004583
      1.36242225      0.00004577
      1.36467885      0.00004572
      1.36693545      0.00004567
      1.36919205      0.00004562
      1.37144865      0.00004557
      1.37370525      0.00004552
      1.37596185      0.00004547
      1.37821845      0.00004542
      1.38047505      0.00004537
      1.38273165      0.00004532
      1.38498825      0.00004527
      1.38724485      0.00004522
      1.38950145      0.00004517
      1.39175805      0.00004512
      1.39401465      0.00004507
      1.39627125      0.00004502
      1.39852785      0.00004497
      1.40078445      0.00004492
      1.40304105      0.00004487
      1.40529765      0.00004482
      1.40755425      0.00004477
      1.40981085      0.00004472
      1.41206745      0.00004467
      1.41432405      0.00004462
      1.41658065      0.00004456
      1.41883725      0.00004451
      1.42109385      0.00004446
      1.42335045      0.00004441
      1.42560705      0.00004436
      1.42786365      0.00004431
      1.43012025      0.00004426
      1.43237685      0.00004421
      1.43463345      0.00004416
      1.43689005      0.00004411
      1.43914665      0.00004406
      1.44140325      0.00004401
      1.44365985      0.00004396
      1.44591645      0.00004391
      1.44817305      0.00004386
      1.45042965      0.00004381
      1.45268625      0.00004376
      1.45494285      0.00004372
      1.45719945      0.00004367
      1.45945605      0.00004362
      1.46171265      0.00004357
      1.46396925      0.00004352
      1.46622585      0.00004347
      1.46848245      0.00004342
      1.47073905      0.00004337
      1.47299565      0.00004332
      1.47525225      0.00004327
      1.47750885      0.00004322
      1.47976545      0.00004317
      1.48202205      0.00004312
      1.48427865      0.00004308
      1.48653525      0.00004303
      1.48879185      0.00004298
      1.49104845      0.00004293
      1.49330505      0.00004288
      1.49556165      0.00004283
      1.49781825      0.00004279
      1.50007485      0.00004274
      1.50233145      0.00004269
      1.50458805      0.00004264
      1.50684465      0.00004259
      1.50910125      0.00004255
      1.51135785      0.00004250
      1.51361445      0.00004245
      1.51587105      0.00004240
      1.51812765      0.00004236
      1.52038425      0.00004231
      1.52264085      0.00004226
      1.52489745      0.00004222
      1.52715405      0.00004217
      1.52941065      0.00004212
      1.53166725      0.00004207
      1.53392385      0.00004203
      1.53618045      0.00004198
      1.53843705      0.00004194
      1.54069365      0.00004189
      1.54295025      0.00004184
      1.54520685      0.00004180
      1.54746345      0.00004175
      1.54972005      0.00004171
      1.55197665      0.00004166
      1.55423325      0.00004161
      1.55648985      0.00004157
      1.55874645      0.00004152
      1.56100305      0.00004148
      1.56325965      0.00004143
      1.56551625      0.00004139
      1.56777285      0.00004134
      1.57002945      0.00004130
      1.57228605      0.00004125
      1.57454265      0.00004121
      1.57679925      0.00004117
      1.57905585      0.00004112
      1.58131245      0.00004108
      1.58356905      0.00004103
      1.58582565      0.00004099
      1.58808225      0.00004095
      1.59033885      0.00004090
      1.59259545      0.00004086
      1.59485205      0.00004082
      1.59710865      0.00004077
      1.59936525      0.00004073
      1.60162185      0.00004069
      1.60387845      0.00004065
      1.60613505      0.00004060
      1.60839165      0.00004056
      1.61064825      0.00004052
      1.61290485      0.00004048
      1.61516145      0.00004044
      1.61741805      0.00004039
      1.61967465      0.00004035
      1.62193125      0.00004031
      1.62418785      0.00004027
      1.62644445      0.00004023
      1.62870105      0.00004019
      1.63095765      0.00004015
      1.63321425      0.00004011
      1.63547085      0.00004007
      1.63772745      0.00004003
      1.63998405      0.00003998
      1.64224065      0.00003994
      1.64449725      0.00003990
      1.64675385      0.00003986
      1.64901045      0.00003983
      1.65126705      0.00003979
      1.65352365      0.00003975
      1.65578025      0.00003971
      1.65803685      0.00003967
      1.66029345      0.00003963
      1.66255005      0.00003959
      1.66480665      0.00003955
      1.66706325      0.00003951
      1.66931985      0.00003948
      1.67157645      0.00003944
      1.67383305      0.00003940
      1.67608965      0.00003936
      1.67834625      0.00003932
      1.68060285      0.00003929
      1.68285945      0.00003925
      1.68511605      0.00003921
      1.68737265      0.00003917
      1.68962925      0.00003914
      1.69188585      0.00003910
      1.69414245      0.00003906
      1.69639905      0.00003903
      1.69865565      0.00003899
      1.70091225      0.00003896
      1.70316885      0.00003892
      1.70542545      0.00003888
      1.70768205      0.00003885
      1.70993865      0.00003881
      1.71219525      0.00003878
      1.71445185      0.00003874
      1.71670845      0.00003871
      1.71896505      0.00003867
      1.72122165      0.00003864
      1.72347825      0.00003860
      1.72573485      0.00003857
      1.72799145      0.00003853
      1.73024805      0.00003850
      1.73250465      0.00003847
      1.73476125      0.00003843
      1.73701785      0.00003840
      1.73927445      0.00003836
      1.74153105      0.00003833
      1.74378765      0.00003830
      1.74604425      0.00003827
      1.74830085      0.00003823
      1.75055745      0.00003820
      1.75281405      0.00003817
      1.75507065      0.00003813
      1.75732725      0.00003810
      1.75958385      0.00003807
      1.76184045      0.00003804
      1.76409705      0.00003801
      1.76635365      0.00003797
      1.76861025      0.00003794
      1.77086685      0.00003791
      1.77312345      0.00003788
      1.77538005      0.00003785
      1.77763665      0.00003782
      1.77989325      0.00003779
      1.78214985      0.00003776
      1.78440645      0.00003772
      1.78666305      0.00003769
      1.78891965      0.00003766
      1.79117625      0.00003763
      1.79343285      0.00003760
      1.79568945      0.00003757
      1.79794605      0.00003754
      1.80020265      0.00003751
      1.80245925      0.00003748
      1.80471585      0.00003745
      1.80697245      0.00003743
      1.80922905      0.00003740
      1.81148565      0.00003737
      1.81374225      0.00003734
      1.81599885      0.00003731
      1.81825545      0.00003728
      1.82051205      0.00003725
      1.82276865      0.00003722
      1.82502525      0.00003719
      1.82728185      0.00003717
      1.82953845      0.00003714
      1.83179505      0.00003711
      1.83405165      0.00003708
      1.83630825      0.00003706
      1.83856485      0.00003703
      1.84082145      0.00003700
      1.84307805      0.00003697
      1.84533465      0.00003695
      1.84759125      0.00003692
      1.84984785      0.00003689
      1.85210445      0.00003686
      1.85436105      0.00003684
      1.85661765      0.00003681
      1.85887425      0.00003678
      1.86113085      0.00003676
      1.86338745      0.00003673
      1.86564405      0.00003671
      1.86790065      0.00003668
      1.87015725      0.00003665
      1.87241385      0.00003663
      1.87467045      0.00003660
      1.87692705      0.00003658
      1.87918365      0.00003655
      1.88144025      0.00003652
      1.88369685      0.00003650
      1.88595345      0.00003647
      1.88821005      0.00003645
      1.89046665      0.00003642
      1.89272325      0.00003640
      1.89497985      0.00003637
      1.89723645      0.00003635
      1.89949305      0.00003632
      1.90174965      0.00003630
      1.90400625      0.00003627
      1.90626285      0.00003625
      1.90851945      0.00003623
      1.91077605      0.00003620
      1.91303265      0.00003618
      1.91528925      0.00003615
      1.91754585      0.00003613
      1.91980245      0.00003610
      1.92205905      0.00003608
      1.92431565      0.00003606
      1.92657225      0.00003603
      1.92882885      0.00003601
      1.93108545      0.00003599
      1.93334205      0.00003596
      1.93559865      0.00003594
      1.93785525      0.00003591
      1.94011185      0.00003589
      1.94236845      0.00003587
      1.94462505      0.00003584
      1.94688165      0.00003582
      1.94913825      0.00003580
      1.95139485      0.00003578
      1.95365145      0.00003575
      1.95590805      0.00003573
      1.95816465      0.00003571
      1.96042125      0.00003568
      1.96267785      0.00003566
      1.96493445      0.00003564
      1.96719105      0.00003562
      1.96944765      0.00003559
      1.97170425      0.00003557
      1.97396085      0.00003555
      1.97621745      0.00003552
      1.97847405      0.00003550
      1.98073065      0.00003548
      1.98298725      0.00003546
      1.98524385      0.00003544
      1.98750045      0.00003541
      1.98975705      0.00003539
      1.99201365      0.00003537
      1.99427025      0.00003535
      1.99652685      0.00003532
      1.99878345      0.00003530
      2.00104005      0.00003528
      2.00329665      0.00003526
      2.00555325      0.00003524
      2.00780985      0.00003521
      2.01006645      0.00003519
      2.01232305      0.00003517
      2.01457965      0.00003515
      2.01683625      0.00003513
      2.01909285      0.00003510
      2.02134945      0.00003508
      2.02360605      0.00003506
      2.02586265      0.00003504
      2.02811925      0.00003502
      2.03037585      0.00003500
      2.03263245      0.00003497
      2.03488905      0.00003495
      2.03714565      0.00003493
      2.03940225      0.00003491
      2.04165885      0.00003489
      2.04391545      0.00003486
      2.04617205      0.00003484
      2.04842865      0.00003482
      2.05068525      0.00003480
      2.05294185      0.00003478
      2.05519845      0.00003476
      2.05745505      0.00003473
      2.05971165      0.00003471
      2.06196825      0.00003469
      2.06422485      0.00003467
      2.06648145      0.00003465
      2.06873805      0.00003463
      2.07099465      0.00003460
      2.07325125      0.00003458
      2.07550785      0.00003456
      2.07776445      0.00003454
      2.08002105      0.00003452
      2.08227765      0.00003449
      2.08453425      0.00003447
      2.08679085      0.00003445
      2.08904745      0.00003443
      2.09130405      0.00003441
      2.09356065      0.00003438
      2.09581725      0.00003436
      2.09807385      0.00003434
      2.10033045      0.00003432
      2.10258705      0.00003430
      2.10484365      0.00003427
      2.10710025      0.00003425
      2.10935685      0.00003423
      2.11161345      0.00003421
      2.11387005      0.00003419
      2.11612665      0.00003416
      2.11838325      0.00003414
      2.12063985      0.00003412
      2.12289645      0.00003410
      2.12515305      0.00003407
      2.12740965      0.00003405
      2.12966625      0.00003403
      2.13192285      0.00003401
      2.13417945      0.00003398
      2.13643605      0.00003396
      2.13869265      0.00003394
      2.14094925      0.00003392
      2.14320585      0.00003389
      2.14546245      0.00003387
      2.14771905      0.00003385
      2.14997565      0.00003382
      2.15223225      0.00003380
      2.15448885      0.00003378
      2.15674545      0.00003375
      2.15900205      0.00003373
      2.16125865      0.00003371
      2.16351525      0.00003368
      2.16577185      0.00003366
      2.16802845      0.00003364
      2.17028505      0.00003361
      2.17254165      0.00003359
      2.17479825      0.00003357
      2.17705485      0.00003354
      2.17931145      0.00003352
      2.18156805      0.00003350
      2.18382465      0.00003347
      2.18608125      0.00003345
      2.18833785      0.00003342
      2.19059445      0.00003340
      2.19285105      0.00003338
      2.19510765      0.00003335
      2.19736425      0.00003333
      2.19962085      0.00003330
      2.20187745      0.00003328
      2.20413405      0.00003325
      2.20639065      0.00003323
      2.20864725      0.00003320
      2.21090385      0.00003318
      2.21316045      0.00003315
      2.21541705      0.00003313
      2.21767365      0.00003310
      2.21993025      0.00003308
      2.22218685      0.00003305
      2.22444345      0.00003303
      2.22670005      0.00003300
      2.22895665      0.00003298
      2.23121325      0.00003295
      2.23346985      0.00003293
      2.23572645      0.00003290
      2.23798305      0.00003287
      2.24023965      0.00003285
      2.24249625      0.00003282
      2.24475285      0.00003280
      2.24700945      0.00003277
      2.24926605      0.00003274
      2.25152265      0.00003272
      2.25377925      0.00003269
      2.25603585      0.00003266
      2.25829245      0.00003264
      2.26054905      0.00003261
      2.26280565      0.00003258
      2.26506225      0.00003256
      2.26731885      0.00003253
      2.26957545      0.00003250
      2.27183205      0.00003247
      2.27408865      0.00003245
      2.27634525      0.00003242
      2.27860185      0.00003239
      2.28085845      0.00003236
      2.28311505      0.00003234
      2.28537165      0.00003231
      2.28762825      0.00003228
      2.28988485      0.00003225
      2.29214145      0.00003222
      2.29439805      0.00003219
      2.29665465      0.00003217
      2.29891125      0.00003214
      2.30116785      0.00003211
      2.30342445      0.00003208
      2.30568105      0.00003205
      2.30793765      0.00003202
      2.31019425      0.00003199
      2.31245085      0.00003196
      2.31470745      0.00003193
      2.31696405      0.00003190
      2.31922065      0.00003187
      2.32147725      0.00003184
      2.32373385      0.00003181
      2.32599045      0.00003178
      2.32824705      0.00003175
      2.33050365      0.00003172
      2.33276025      0.00003169
      2.33501685      0.00003166
      2.33727345      0.00003163
      2.33953005      0.00003160
      2.34178665      0.00003157
      2.34404325      0.00003154
      2.34629985      0.00003151
      2.34855645      0.00003148
      2.35081305      0.00003145
      2.35306965      0.00003141
      2.35532625      0.00003138
      2.35758285      0.00003135
      2.35983945      0.00003132
      2.36209605      0.00003129
      2.36435265      0.00003126
      2.36660925      0.00003122
      2.36886585      0.00003119
      2.37112245      0.00003116
      2.37337905      0.00003113
      2.37563565      0.00003109
      2.37789225      0.00003106
      2.38014885      0.00003103
      2.38240545      0.00003099
      2.38466205      0.00003096
      2.38691865      0.00003093
      2.38917525      0.00003089
      2.39143185      0.00003086
      2.39368845      0.00003083
      2.39594505      0.00003079
      2.39820165      0.00003076
      2.40045825      0.00003073
      2.40271485      0.00003069
      2.40497145      0.00003066
      2.40722805      0.00003062
      2.40948465      0.00003059
      2.41174125      0.00003055
      2.41399785      0.00003052
      2.41625445      0.00003048
      2.41851105      0.00003045
      2.42076765      0.00003041
      2.42302425      0.00003038
      2.42528085      0.00003034
      2.42753745      0.00003031
      2.42979405      0.00003027
      2.43205065      0.00003024
      2.43430725      0.00003020
      2.43656385      0.00003016
      2.43882045      0.00003013
      2.44107705      0.00003009
      2.44333365      0.00003005
      2.44559025      0.00003002
      2.44784685      0.00002998
      2.45010345      0.00002994
      2.45236005      0.00002991
      2.45461665      0.00002987
      2.45687325      0.00002983
      2.45912985      0.00002980
      2.46138645      0.00002976
      2.46364305      0.00002972
      2.46589965      0.00002968
      2.46815625      0.00002964
      2.47041285      0.00002961
      2.47266945      0.00002957
      2.47492605      0.00002953
      2.47718265      0.00002949
      2.47943925      0.00002945
      2.48169585      0.00002942
      2.48395245      0.00002938
      2.48620905      0.00002934
      2.48846565      0.00002930
      2.49072225      0.00002926
      2.49297885      0.00002922
      2.49523545      0.00002918
      2.49749205      0.00002914
      2.49974865      0.00002910
      2.50200525      0.00002906
      2.50426185      0.00002902
      2.50651845      0.00002898
      2.50877505      0.00002894
      2.51103165      0.00002890
      2.51328825      0.00002886
      2.51554485      0.00002882
      2.51780145      0.00002878
      2.52005805      0.00002874
      2.52231465      0.00002870
      2.52457125      0.00002866
      2.52682785      0.00002862
      2.52908445      0.00002858
      2.53134105      0.00002854
      2.53359765      0.00002850
      2.53585425      0.00002845
      2.53811085      0.00002841
      2.54036745      0.00002837
      2.54262405      0.00002833
      2.54488065      0.00002829
      2.54713725      0.00002825
      2.54939385      0.00002820
      2.55165045      0.00002816
      2.55390705      0.00002812
      2.55616365      0.00002808
      2.55842025      0.00002804
      2.56067685      0.00002799
      2.56293345      0.00002795
      2.56519005      0.00002791
      2.56744665      0.00002786
      2.56970325      0.00002782
      2.57195985      0.00002778
      2.57421645      0.00002774
      2.57647305      0.00002769
      2.57872965      0.00002765
      2.58098625      0.00002760
      2.58324285      0.00002756
      2.58549945      0.00002752
      2.58775605      0.00002747
      2.59001265      0.00002743
      2.59226925      0.00002739
      2.59452585      0.00002734
      2.59678245      0.00002730
      2.59903905      0.00002725
      2.60129565      0.00002721
      2.60355225      0.00002716
      2.60580885      0.00002712
      2.60806545      0.00002708
      2.61032205      0.00002703
      2.61257865      0.00002699
      2.61483525      0.00002694
      2.61709185      0.00002690
      2.61934845      0.00002685
      2.62160505      0.00002681
      2.62386165      0.00002676
      2.62611825      0.00002672
      2.62837485      0.00002667
      2.63063145      0.00002662
      2.63288805      0.00002658
      2.63514465      0.00002653
      2.63740125      0.00002649
      2.63965785      0.00002644
      2.64191445      0.00002640
      2.64417105      0.00002635
      2.64642765      0.00002630
      2.64868425      0.00002626
      2.65094085      0.00002621
      2.65319745      0.00002616
      2.65545405      0.00002612
      2.65771065      0.00002607
      2.65996725      0.00002603
      2.66222385      0.00002598
      2.66448045      0.00002593
      2.66673705      0.00002588
      2.66899365      0.00002584
      2.67125025      0.00002579
      2.67350685      0.00002574
      2.67576345      0.00002570
      2.67802005      0.00002565
      2.68027665      0.00002560
      2.68253325      0.00002556
      2.68478985      0.00002551
      2.68704645      0.00002546
      2.68930305      0.00002541
      2.69155965      0.00002537
      2.69381625      0.00002532
      2.69607285      0.00002527
      2.69832945      0.00002522
      2.70058605      0.00002518
      2.70284265      0.00002513
      2.70509925      0.00002508
      2.70735585      0.00002503
      2.70961245      0.00002498
      2.71186905      0.00002494
      2.71412565      0.00002489
      2.71638225      0.00002484
      2.71863885      0.00002479
      2.72089545      0.00002474
      2.72315205      0.00002469
      2.72540865      0.00002465
      2.72766525      0.00002460
      2.72992185      0.00002455
      2.73217845      0.00002450
      2.73443505      0.00002445
      2.73669165      0.00002440
      2.73894825      0.00002435
      2.74120485      0.00002431
      2.74346145      0.00002426
      2.74571805      0.00002421
      2.74797465      0.00002416
      2.75023125      0.00002411
      2.75248785      0.00002406
      2.75474445      0.00002401
      2.75700105      0.00002396
      2.75925765      0.00002391
      2.76151425      0.00002387
      2.76377085      0.00002382
      2.76602745      0.00002377
      2.76828405      0.00002372
      2.77054065      0.00002367
      2.77279725      0.00002362
      2.77505385      0.00002357
      2.77731045      0.00002352
      2.77956705      0.00002347
      2.78182365      0.00002342
      2.78408025      0.00002337
      2.78633685      0.00002332
      2.78859345      0.00002327
      2.79085005      0.00002322
      2.79310665      0.00002318
      2.79536325      0.00002313
      2.79761985      0.00002308
      2.79987645      0.00002303
      2.80213305      0.00002298
      2.80438965      0.00002293
      2.80664625      0.00002288
      2.80890285      0.00002283
      2.81115945      0.00002278
      2.81341605      0.00002273
      2.81567265      0.00002268
      2.81792925      0.00002263
      2.82018585      0.00002258
      2.82244245      0.00002253
      2.82469905      0.00002248
      2.82695565      0.00002243
      2.82921225      0.00002238
      2.83146885      0.00002233
      2.83372545      0.00002228
      2.83598205      0.00002223
      2.83823865      0.00002218
      2.84049525      0.00002213
      2.84275185      0.00002208
      2.84500845      0.00002203
      2.84726505      0.00002198
      2.84952165      0.00002193
      2.85177825      0.00002188
      2.85403485      0.00002183
      2.85629145      0.00002178
      2.85854805      0.00002173
      2.86080465      0.00002168
      2.86306125      0.00002163
      2.86531785      0.00002159
      2.86757445      0.00002154
      2.86983105      0.00002149
      2.87208765      0.00002144
      2.87434425      0.00002139
      2.87660085      0.00002134
      2.87885745      0.00002129
      2.88111405      0.00002124
      2.88337065      0.00002119
      2.88562725      0.00002114
      2.88788385      0.00002109
      2.89014045      0.00002104
      2.89239705      0.00002099
      2.89465365      0.00002094
      2.89691025      0.00002089
      2.89916685      0.00002084
      2.90142345      0.00002079
      2.90368005      0.00002074
      2.90593665      0.00002069
      2.90819325      0.00002064
      2.91044985      0.00002059
      2.91270645      0.00002054
      2.91496305      0.00002049
      2.91721965      0.00002044
      2.91947625      0.00002039
      2.92173285      0.00002035
      2.92398945      0.00002030
      2.92624605      0.00002025
      2.92850265      0.00002020
      2.93075925      0.00002015
      2.93301585      0.00002010
      2.93527245      0.00002005
      2.93752905      0.00002000
      2.93978565      0.00001995
      2.94204225      0.00001990
      2.94429885      0.00001985
      2.94655545      0.00001980
      2.94881205      0.00001976
      2.95106865      0.00001971
      2.95332525      0.00001966
      2.95558185      0.00001961
      2.95783845      0.00001956
      2.96009505      0.00001951
      2.96235165      0.00001946
      2.96460825      0.00001941
      2.96686485      0.00001936
      2.96912145      0.00001932
      2.97137805      0.00001927
      2.97363465      0.00001922
      2.97589125      0.00001917
      2.97814785      0.00001912
      2.98040445      0.00001907
      2.98266105      0.00001903
      2.98491765      0.00001898
      2.98717425      0.00001893
      2.98943085      0.00001888
      2.99168745      0.00001883
      2.99394405      0.00001878
      2.99620065      0.00001874
      2.99845725      0.00001869
      3.00071385      0.00001864
      3.00297045      0.00001859
      3.00522705      0.00001854
      3.00748365      0.00001850
      3.00974025      0.00001845
      3.01199685      0.00001840
      3.01425345      0.00001835
      3.01651005      0.00001831
      3.01876665      0.00001826
      3.02102325      0.00001821
      3.02327985      0.00001816
      3.02553645      0.00001812
      3.02779305      0.00001807
      3.03004965      0.00001802
      3.03230625      0.00001797
      3.03456285      0.00001793
      3.03681945      0.00001788
      3.03907605      0.00001783
      3.04133265      0.00001779
      3.04358925      0.00001774
      3.04584585      0.00001769
      3.04810245      0.00001765
      3.05035905      0.00001760
      3.05261565      0.00001755
      3.05487225      0.00001751
      3.05712885      0.00001746
      3.05938545      0.00001741
      3.06164205      0.00001737
      3.06389865      0.00001732
      3.06615525      0.00001727
      3.06841185      0.00001723
      3.07066845      0.00001718
      3.07292505      0.00001713
      3.07518165      0.00001709
      3.07743825      0.00001704
      3.07969485      0.00001700
      3.08195145      0.00001695
      3.08420805      0.00001691
      3.08646465      0.00001686
      3.08872125      0.00001681
      3.09097785      0.00001677
      3.09323445      0.00001672
      3.09549105      0.00001668
      3.09774765      0.00001663
      3.10000425      0.00001659
      3.10226085      0.00001654
      3.10451745      0.00001650
      3.10677405      0.00001645
      3.10903065      0.00001641
      3.11128725      0.00001636
      3.11354385      0.00001632
      3.11580045      0.00001627
      3.11805705      0.00001623
      3.12031365      0.00001618
      3.12257025      0.00001614
      3.12482685      0.00001610
      3.12708345      0.00001605
      3.12934005      0.00001601
      3.13159665      0.00001596
      3.13385325      0.00001592
      3.13610985      0.00001587
      3.13836645      0.00001583
      3.14062305      0.00001579
      3.14287965      0.00001574
      3.14513625      0.00001570
      3.14739285      0.00001566
      3.14964945      0.00001561
      3.15190605      0.00001557
      3.15416265      0.00001553
      3.15641925      0.00001548
      3.15867585      0.00001544
      3.16093245      0.00001540
      3.16318905      0.00001535
      3.16544565      0.00001531
      3.16770225      0.00001527
      3.16995885      0.00001523
      3.17221545      0.00001518
      3.17447205      0.00001514
      3.17672865      0.00001510
      3.17898525      0.00001506
      3.18124185      0.00001501
      3.18349845      0.00001497
      3.18575505      0.00001493
      3.18801165      0.00001489
      3.19026825      0.00001484
      3.19252485      0.00001480
      3.19478145      0.00001476
      3.19703805      0.00001472
      3.19929465      0.00001468
      3.20155125      0.00001464
      3.20380785      0.00001460
      3.20606445      0.00001455
      3.20832105      0.00001451
      3.21057765      0.00001447
      3.21283425      0.00001443
      3.21509085      0.00001439
      3.21734745      0.00001435
      3.21960405      0.00001431
      3.22186065      0.00001427
      3.22411725      0.00001423
      3.22637385      0.00001419
      3.22863045      0.00001415
      3.23088705      0.00001410
      3.23314365      0.00001406
      3.23540025      0.00001402
      3.23765685      0.00001398
      3.23991345      0.00001394
      3.24217005      0.00001390
      3.24442665      0.00001386
      3.24668325      0.00001383
      3.24893985      0.00001379
      3.25119645      0.00001375
      3.25345305      0.00001371
      3.25570965      0.00001367
      3.25796625      0.00001363
      3.26022285      0.00001359
      3.26247945      0.00001355
      3.26473605      0.00001351
      3.26699265      0.00001347
      3.26924925      0.00001343
      3.27150585      0.00001339
      3.27376245      0.00001336
      3.27601905      0.00001332
      3.27827565      0.00001328
      3.28053225      0.00001324
      3.28278885      0.00001320
      3.28504545      0.00001316
      3.28730205      0.00001313
      3.28955865      0.00001309
      3.29181525      0.00001305
      3.29407185      0.00001301
      3.29632845      0.00001297
      3.29858505      0.00001294
      3.30084165      0.00001290
      3.30309825      0.00001286
      3.30535485      0.00001282
      3.30761145      0.00001279
      3.30986805      0.00001275
      3.31212465      0.00001271
      3.31438125      0.00001268
      3.31663785      0.00001264
      3.31889445      0.00001260
      3.32115105      0.00001257
      3.32340765      0.00001253
      3.32566425      0.00001249
      3.32792085      0.00001246
      3.33017745      0.00001242
      3.33243405      0.00001238
      3.33469065      0.00001235
      3.33694725      0.00001231
      3.33920385      0.00001228
      3.34146045      0.00001224
      3.34371705      0.00001220
      3.34597365      0.00001217
      3.34823025      0.00001213
      3.35048685      0.00001210
      3.35274345      0.00001206
      3.35500005      0.00001203
      3.35725665      0.00001199
      3.35951325      0.00001196
      3.36176985      0.00001192
      3.36402645      0.00001189
      3.36628305      0.00001185
      3.36853965      0.00001182
      3.37079625      0.00001178
      3.37305285      0.00001175
      3.37530945      0.00001171
      3.37756605      0.00001168
      3.37982265      0.00001164
      3.38207925      0.00001161
      3.38433585      0.00001158
      3.38659245      0.00001154
      3.38884905      0.00001151
      3.39110565      0.00001147
      3.39336225      0.00001144
      3.39561885      0.00001141
      3.39787545      0.00001137
      3.40013205      0.00001134
      3.40238865      0.00001131
      3.40464525      0.00001127
      3.40690185      0.00001124
      3.40915845      0.00001121
      3.41141505      0.00001117
      3.41367165      0.00001114
      3.41592825      0.00001111
      3.41818485      0.00001108
      3.42044145      0.00001104
      3.42269805      0.00001101
      3.42495465      0.00001098
      3.42721125      0.00001094
      3.42946785      0.00001091
      3.43172445      0.00001088
      3.43398105      0.00001085
      3.43623765      0.00001082
      3.43849425      0.00001078
      3.44075085      0.00001075
      3.44300745      0.00001072
      3.44526405      0.00001069
      3.44752065      0.00001066
      3.44977725      0.00001063
      3.45203385      0.00001059
      3.45429045      0.00001056
      3.45654705      0.00001053
      3.45880365      0.00001050
      3.46106025      0.00001047
      3.46331685      0.00001044
      3.46557345      0.00001041
      3.46783005      0.00001038
      3.47008665      0.00001035
      3.47234325      0.00001031
      3.47459985      0.00001028
      3.47685645      0.00001025
      3.47911305      0.00001022
      3.48136965      0.00001019
      3.48362625      0.00001016
      3.48588285      0.00001013
      3.48813945      0.00001010
      3.49039605      0.00001007
      3.49265265      0.00001004
      3.49490925      0.00001001
      3.49716585      0.00000998
      3.49942245      0.00000995
      3.50167905      0.00000992
      3.50393565      0.00000989
      3.50619225      0.00000986
      3.50844885      0.00000983
      3.51070545      0.00000981
      3.51296205      0.00000978
      3.51521865      0.00000975
      3.51747525      0.00000972
      3.51973185      0.00000969
      3.52198845      0.00000966
      3.52424505      0.00000963
      3.52650165      0.00000960
      3.52875825      0.00000957
      3.53101485      0.00000955
      3.53327145      0.00000952
      3.53552805      0.00000949
      3.53778465      0.00000946
      3.54004125      0.00000943
      3.54229785      0.00000940
      3.54455445      0.00000938
      3.54681105      0.00000935
      3.54906765      0.00000932
      3.55132425      0.00000929
      3.55358085      0.00000926
      3.55583745      0.00000924
      3.55809405      0.00000921
      3.56035065      0.00000918
      3.56260725      0.00000915
      3.56486385      0.00000913
      3.56712045      0.00000910
      3.56937705      0.00000907
      3.57163365      0.00000904
      3.57389025      0.00000902
      3.57614685      0.00000899
      3.57840345      0.00000896
      3.58066005      0.00000894
      3.58291665      0.00000891
      3.58517325      0.00000888
      3.58742985      0.00000886
      3.58968645      0.00000883
      3.59194305      0.00000880
      3.59419965      0.00000878
      3.59645625      0.00000875
      3.59871285      0.00000872
      3.60096945      0.00000870
      3.60322605      0.00000867
      3.60548265      0.00000865
      3.60773925      0.00000862
      3.60999585      0.00000859
      3.61225245      0.00000857
      3.61450905      0.00000854
      3.61676565      0.00000852
      3.61902225      0.00000849
      3.62127885      0.00000846
      3.62353545      0.00000844
      3.62579205      0.00000841
      3.62804865      0.00000839
      3.63030525      0.00000836
      3.63256185      0.00000834
      3.63481845      0.00000831
      3.63707505      0.00000829
      3.63933165      0.00000826
      3.64158825      0.00000824
      3.64384485      0.00000821
      3.64610145      0.00000819
      3.64835805      0.00000816
      3.65061465      0.00000814
      3.65287125      0.00000811
      3.65512785      0.00000809
      3.65738445      0.00000806
      3.65964105      0.00000804
      3.66189765      0.00000802
      3.66415425      0.00000799
      3.66641085      0.00000797
      3.66866745      0.00000794
      3.67092405      0.00000792
      3.67318065      0.00000790
      3.67543725      0.00000787
      3.67769385      0.00000785
      3.67995045      0.00000782
      3.68220705      0.00000780
      3.68446365      0.00000778
      3.68672025      0.00000775
      3.68897685      0.00000773
      3.69123345      0.00000771
      3.69349005      0.00000768
      3.69574665      0.00000766
      3.69800325      0.00000764
      3.70025985      0.00000761
      3.70251645      0.00000759
      3.70477305      0.00000757
      3.70702965      0.00000754
      3.70928625      0.00000752
      3.71154285      0.00000750
      3.71379945      0.00000747
      3.71605605      0.00000745
      3.71831265      0.00000743
      3.72056925      0.00000741
      3.72282585      0.00000738
      3.72508245      0.00000736
      3.72733905      0.00000734
      3.72959565      0.00000732
      3.73185225      0.00000729
      3.73410885      0.00000727
      3.73636545      0.00000725
      3.73862205      0.00000723
      3.74087865      0.00000720
      3.74313525      0.00000718
      3.74539185      0.00000716
      3.74764845      0.00000714
      3.74990505      0.00000712
      3.75216165      0.00000709
      3.75441825      0.00000707
      3.75667485      0.00000705
      3.75893145      0.00000703
      3.76118805      0.00000701
      3.76344465      0.00000699
      3.76570125      0.00000696
      3.76795785      0.00000694
      3.77021445      0.00000692
      3.77247105      0.00000690
      3.77472765      0.00000688
      3.77698425      0.00000686
      3.77924085      0.00000684
      3.78149745      0.00000681
      3.78375405      0.00000679
      3.78601065      0.00000677
      3.78826725      0.00000675
      3.79052385      0.00000673
      3.79278045      0.00000671
      3.79503705      0.00000669
      3.79729365      0.00000667
      3.79955025      0.00000665
      3.80180685      0.00000663
      3.80406345      0.00000661
      3.80632005      0.00000659
      3.80857665      0.00000656
      3.81083325      0.00000654
      3.81308985      0.00000652
      3.81534645      0.00000650
      3.81760305      0.00000648
      3.81985965      0.00000646
      3.82211625      0.00000644
      3.82437285      0.00000642
      3.82662945      0.00000640
      3.82888605      0.00000638
      3.83114265      0.00000636
      3.83339925      0.00000634
      3.83565585      0.00000632
      3.83791245      0.00000630
      3.84016905      0.00000628
      3.84242565      0.00000626
      3.84468225      0.00000624
      3.84693885      0.00000622
      3.84919545      0.00000621
      3.85145205      0.00000619
      3.85370865      0.00000617
      3.85596525      0.00000615
      3.85822185      0.00000613
      3.86047845      0.00000611
      3.86273505      0.00000609
      3.86499165      0.00000607
      3.86724825      0.00000605
      3.86950485      0.00000603
      3.87176145      0.00000601
      3.87401805      0.00000599
      3.87627465      0.00000597
      3.87853125      0.00000596
      3.88078785      0.00000594
      3.88304445      0.00000592
      3.88530105      0.00000590
      3.88755765      0.00000588
      3.88981425      0.00000586
      3.89207085      0.00000584
      3.89432745      0.00000582
      3.89658405      0.00000581
      3.89884065      0.00000579
      3.90109725      0.00000577
      3.90335385      0.00000575
      3.90561045      0.00000573
      3.90786705      0.00000571
      3.91012365      0.00000570
      3.91238025      0.00000568
      3.91463685      0.00000566
      3.91689345      0.00000564
      3.91915005      0.00000562
      3.92140665      0.00000560
      3.92366325      0.00000559
      3.92591985      0.00000557
      3.92817645      0.00000555
      3.93043305      0.00000553
      3.93268965      0.00000552
      3.93494625      0.00000550
      3.93720285      0.00000548
      3.93945945      0.00000546
      3.94171605      0.00000544
      3.94397265      0.00000543
      3.94622925      0.00000541
      3.94848585      0.00000539
      3.95074245      0.00000537
      3.95299905      0.00000536
      3.95525565      0.00000534
      3.95751225      0.00000532
      3.95976885      0.00000530
      3.96202545      0.00000529
      3.96428205      0.00000527
      3.96653865      0.00000525
      3.96879525      0.00000524
      3.97105185      0.00000522
      3.97330845      0.00000520
      3.97556505      0.00000519
      3.97782165      0.00000517
      3.98007825      0.00000515
      3.98233485      0.00000513
      3.98459145      0.00000512
      3.98684805      0.00000510
      3.98910465      0.00000508
      3.99136125      0.00000507
      3.99361785      0.00000505
      3.99587445      0.00000503
      3.99813105      0.00000502
      4.00038765      0.00000500
      4.00264425      0.00000498
      4.00490085      0.00000497
      4.00715745      0.00000495
      4.00941405      0.00000494
      4.01167065      0.00000492
      4.01392725      0.00000490
      4.01618385      0.00000489
      4.01844045      0.00000487
      4.02069705      0.00000485
      4.02295365      0.00000484
      4.02521025      0.00000482
      4.02746685      0.00000481
      4.02972345      0.00000479
      4.03198005      0.00000477
      4.03423665      0.00000476
      4.03649325      0.00000474
      4.03874985      0.00000473
      4.04100645      0.00000471
      4.04326305      0.00000470
      4.04551965      0.00000468
      4.04777625      0.00000466
      4.05003285      0.00000465
      4.05228945      0.00000463
      4.05454605      0.00000462
      4.05680265      0.00000460
      4.05905925      0.00000459
      4.06131585      0.00000457
      4.06357245      0.00000456
      4.06582905      0.00000454
      4.06808565      0.00000452
      4.07034225      0.00000451
      4.07259885      0.00000449
      4.07485545      0.00000448
      4.07711205      0.00000446
      4.07936865      0.00000445
      4.08162525      0.00000443
      4.08388185      0.00000442
      4.08613845      0.00000440
      4.08839505      0.00000439
      4.09065165      0.00000437
      4.09290825      0.00000436
      4.09516485      0.00000434
      4.09742145      0.00000433
      4.09967805      0.00000431
      4.10193465      0.00000430
      4.10419125      0.00000428
      4.10644785      0.00000427
      4.10870445      0.00000426
      4.11096105      0.00000424
      4.11321765      0.00000423
      4.11547425      0.00000421
      4.11773085      0.00000420
      4.11998745      0.00000418
      4.12224405      0.00000417
      4.12450065      0.00000415
      4.12675725      0.00000414
      4.12901385      0.00000413
      4.13127045      0.00000411
      4.13352705      0.00000410
      4.13578365      0.00000408
      4.13804025      0.00000407
      4.14029685      0.00000405
      4.14255345      0.00000404
      4.14481005      0.00000403
      4.14706665      0.00000401
      4.14932325      0.00000400
      4.15157985      0.00000398
      4.15383645      0.00000397
      4.15609305      0.00000396
      4.15834965      0.00000394
      4.16060625      0.00000393
      4.16286285      0.00000392
      4.16511945      0.00000390
      4.16737605      0.00000389
      4.16963265      0.00000387
      4.17188925      0.00000386
      4.17414585      0.00000385
      4.17640245      0.00000383
      4.17865905      0.00000382
      4.18091565      0.00000381
      4.18317225      0.00000379
      4.18542885      0.00000378
      4.18768545      0.00000377
      4.18994205      0.00000375
      4.19219865      0.00000374
      4.19445525      0.00000373
      4.19671185      0.00000371
      4.19896845      0.00000370
      4.20122505      0.00000369
      4.20348165      0.00000367
      4.20573825      0.00000366
      4.20799485      0.00000365
      4.21025145      0.00000363
      4.21250805      0.00000362
      4.21476465      0.00000361
      4.21702125      0.00000360
      4.21927785      0.00000358
      4.22153445      0.00000357
      4.22379105      0.00000356
      4.22604765      0.00000354
      4.22830425      0.00000353
      4.23056085      0.00000352
      4.23281745      0.00000351
      4.23507405      0.00000349
      4.23733065      0.00000348
      4.23958725      0.00000347
      4.24184385      0.00000346
      4.24410045      0.00000344
      4.24635705      0.00000343
      4.24861365      0.00000342
      4.25087025      0.00000341
      4.25312685      0.00000339
      4.25538345      0.00000338
      4.25764005      0.00000337
      4.25989665      0.00000336
      4.26215325      0.00000334
      4.26440985      0.00000333
      4.26666645      0.00000332
      4.26892305      0.00000331
      4.27117965      0.00000330
      4.27343625      0.00000328
      4.27569285      0.00000327
      4.27794945      0.00000326
      4.28020605      0.00000325
      4.28246265      0.00000324
      4.28471925      0.00000322
      4.28697585      0.00000321
      4.28923245      0.00000320
      4.29148905      0.00000319
      4.29374565      0.00000318
      4.29600225      0.00000316
      4.29825885      0.00000315
      4.30051545      0.00000314
      4.30277205      0.00000313
      4.30502865      0.00000312
      4.30728525      0.00000311
      4.30954185      0.00000309
      4.31179845      0.00000308
      4.31405505      0.00000307
      4.31631165      0.00000306
      4.31856825      0.00000305
      4.32082485      0.00000304
      4.32308145      0.00000303
      4.32533805      0.00000301
      4.32759465      0.00000300
      4.32985125      0.00000299
      4.33210785      0.00000298
      4.33436445      0.00000297
      4.33662105      0.00000296
      4.33887765      0.00000295
      4.34113425      0.00000294
      4.34339085      0.00000293
      4.34564745      0.00000291
      4.34790405      0.00000290
      4.35016065      0.00000289
      4.35241725      0.00000288
      4.35467385      0.00000287
      4.35693045      0.00000286
      4.35918705      0.00000285
      4.36144365      0.00000284
      4.36370025      0.00000283
      4.36595685      0.00000282
      4.36821345      0.00000281
      4.37047005      0.00000279
      4.37272665      0.00000278
      4.37498325      0.00000277
      4.37723985      0.00000276
      4.37949645      0.00000275
      4.38175305      0.00000274
      4.38400965      0.00000273
      4.38626625      0.00000272
      4.38852285      0.00000271
      4.39077945      0.00000270
      4.39303605      0.00000269
      4.39529265      0.00000268
      4.39754925      0.00000267
      4.39980585      0.00000266
      4.40206245      0.00000265
      4.40431905      0.00000264
      4.40657565      0.00000263
      4.40883225      0.00000262
      4.41108885      0.00000261
      4.41334545      0.00000260
      4.41560205      0.00000259
      4.41785865      0.00000258
      4.42011525      0.00000257
      4.42237185      0.00000256
      4.42462845      0.00000255
      4.42688505      0.00000254
      4.42914165      0.00000253
      4.43139825      0.00000252
      4.43365485      0.00000251
      4.43591145      0.00000250
      4.43816805      0.00000249
      4.44042465      0.00000248
      4.44268125      0.00000247
      4.44493785      0.00000246
      4.44719445      0.00000245
      4.44945105      0.00000244
      4.45170765      0.00000243
      4.45396425      0.00000242
      4.45622085      0.00000241
      4.45847745      0.00000240
      4.46073405      0.00000239
      4.46299065      0.00000238
      4.46524725      0.00000237
      4.46750385      0.00000236
      4.46976045      0.00000235
      4.47201705      0.00000234
      4.47427365      0.00000233
      4.47653025      0.00000232
      4.47878685      0.00000232
      4.48104345      0.00000231
      4.48330005      0.00000230
      4.48555665      0.00000229
      4.48781325      0.00000228
      4.49006985      0.00000227
      4.49232645      0.00000226
      4.49458305      0.00000225
      4.49683965      0.00000224
      4.49909625      0.00000223
      4.50135285      0.00000222
      4.50360945      0.00000221
      4.50586605      0.00000221
      4.50812265      0.00000220
      4.51037925      0.00000219
      4.51263585      0.00000218
      4.51489245      0.00000217
      4.51714905      0.00000216
      4.51940565      0.00000215
      4.52166225      0.00000214
      4.52391885      0.00000214
      4.52617545      0.00000213
      4.52843205      0.00000212
      4.53068865      0.00000211
      4.53294525      0.00000210
      4.53520185      0.00000209
      4.53745845      0.00000208
      4.53971505      0.00000207
      4.54197165      0.00000207
      4.54422825      0.00000206
      4.54648485      0.00000205
      4.54874145      0.00000204
      4.55099805      0.00000203
      4.55325465      0.00000202
      4.55551125      0.00000202
      4.55776785      0.00000201
      4.56002445      0.00000200
      4.56228105      0.00000199
      4.56453765      0.00000198
      4.56679425      0.00000197
      4.56905085      0.00000197
      4.57130745      0.00000196
      4.57356405      0.00000195
      4.57582065      0.00000194
      4.57807725      0.00000193
      4.58033385      0.00000193
      4.58259045      0.00000192
      4.58484705      0.00000191
      4.58710365      0.00000190
      4.58936025      0.00000189
      4.59161685      0.00000189
      4.59387345      0.00000188
      4.59613005      0.00000187
      4.59838665      0.00000186
      4.60064325      0.00000185
      4.60289985      0.00000185
      4.60515645      0.00000184
      4.60741305      0.00000183
      4.60966965      0.00000182
      4.61192625      0.00000181
      4.61418285      0.00000181
      4.61643945      0.00000180
      4.61869605      0.00000179
      4.62095265      0.00000178
      4.62320925      0.00000178
      4.62546585      0.00000177
      4.62772245      0.00000176
      4.62997905      0.00000175
      4.63223565      0.00000175
      4.63449225      0.00000174
      4.63674885      0.00000173
      4.63900545      0.00000172
      4.64126205      0.00000172
      4.64351865      0.00000171
      4.64577525      0.00000170
      4.64803185      0.00000169
      4.65028845      0.00000169
      4.65254505      0.00000168
      4.65480165      0.00000167
      4.65705825      0.00000167
      4.65931485      0.00000166
      4.66157145      0.00000165
      4.66382805      0.00000164
      4.66608465      0.00000164
      4.66834125      0.00000163
      4.67059785      0.00000162
      4.67285445      0.00000162
      4.67511105      0.00000161
      4.67736765      0.00000160
      4.67962425      0.00000159
      4.68188085      0.00000159
      4.68413745      0.00000158
      4.68639405      0.00000157
      4.68865065      0.00000157
      4.69090725      0.00000156
      4.69316385      0.00000155
      4.69542045      0.00000155
      4.69767705      0.00000154
      4.69993365      0.00000153
      4.70219025      0.00000153
      4.70444685      0.00000152
      4.70670345      0.00000151
      4.70896005      0.00000151
      4.71121665      0.00000150
      4.71347325      0.00000149
      4.71572985      0.00000149
      4.71798645      0.00000148
      4.72024305      0.00000147
      4.72249965      0.00000147
      4.72475625      0.00000146
      4.72701285      0.00000145
      4.72926945      0.00000145
      4.73152605      0.00000144
      4.73378265      0.00000143
      4.73603925      0.00000143
      4.73829585      0.00000142
      4.74055245      0.00000141
      4.74280905      0.00000141
      4.74506565      0.00000140
      4.74732225      0.00000140
      4.74957885      0.00000139
      4.75183545      0.00000138
      4.75409205      0.00000138
      4.75634865      0.00000137
      4.75860525      0.00000136
      4.76086185      0.00000136
      4.76311845      0.00000135
      4.76537505      0.00000135
      4.76763165      0.00000134
      4.76988825      0.00000133
      4.77214485      0.00000133
      4.77440145      0.00000132
      4.77665805      0.00000132
      4.77891465      0.00000131
      4.78117125      0.00000130
      4.78342785      0.00000130
      4.78568445      0.00000129
      4.78794105      0.00000129
      4.79019765      0.00000128
      4.79245425      0.00000127
      4.79471085      0.00000127
      4.79696745      0.00000126
      4.79922405      0.00000126
      4.80148065      0.00000125
      4.80373725      0.00000125
      4.80599385      0.00000124
      4.80825045      0.00000123
      4.81050705      0.00000123
      4.81276365      0.00000122
      4.81502025      0.00000122
      4.81727685      0.00000121
      4.81953345      0.00000121
      4.82179005      0.00000120
      4.82404665      0.00000119
      4.82630325      0.00000119
      4.82855985      0.00000118
      4.83081645      0.00000118
      4.83307305      0.00000117
      4.83532965      0.00000117
      4.83758625      0.00000116
      4.83984285      0.00000116
      4.84209945      0.00000115
      4.84435605      0.00000115
      4.84661265      0.00000114
      4.84886925      0.00000113
      4.85112585      0.00000113
      4.85338245      0.00000112
      4.85563905      0.00000112
      4.85789565      0.00000111
      4.86015225      0.00000111
      4.86240885      0.00000110
      4.86466545      0.00000110
      4.86692205      0.00000109
      4.86917865      0.00000109
      4.87143525      0.00000108
      4.87369185      0.00000108
      4.87594845      0.00000107
      4.87820505      0.00000107
      4.88046165      0.00000106
      4.88271825      0.00000106
      4.88497485      0.00000105
      4.88723145      0.00000105
      4.88948805      0.00000104
      4.89174465      0.00000104
      4.89400125      0.00000103
      4.89625785      0.00000103
      4.89851445      0.00000102
      4.90077105      0.00000102
      4.90302765      0.00000101
      4.90528425      0.00000101
      4.90754085      0.00000100
      4.90979745      0.00000100
      4.91205405      0.00000099
      4.91431065      0.00000099
      4.91656725      0.00000098
      4.91882385      0.00000098
      4.92108045      0.00000097
      4.92333705      0.00000097
      4.92559365      0.00000096
      4.92785025      0.00000096
      4.93010685      0.00000095
      4.93236345      0.00000095
      4.93462005      0.00000095
      4.93687665      0.00000094
      4.93913325      0.00000094
      4.94138985      0.00000093
      4.94364645      0.00000093
      4.94590305      0.00000092
      4.94815965      0.00000092
      4.95041625      0.00000091
      4.95267285      0.00000091
      4.95492945      0.00000090
      4.95718605      0.00000090
      4.95944265      0.00000090
      4.96169925      0.00000089
      4.96395585      0.00000089
      4.96621245      0.00000088
      4.96846905      0.00000088
      4.97072565      0.00000087
      4.97298225      0.00000087
      4.97523885      0.00000086
      4.97749545      0.00000086
      4.97975205      0.00000086
      4.98200865      0.00000085
      4.98426525      0.00000085
      4.98652185      0.00000084
      4.98877845      0.00000084
      4.99103505      0.00000084
      4.99329165      0.00000083
      4.99554825      0.00000083
      4.99780485      0.00000082
      5.00006145      0.00000082
      5.00231805      0.00000081
      5.00457465      0.00000081
      5.00683125      0.00000081
      5.00908785      0.00000080
      5.01134445      0.00000080
      5.01360105      0.00000079
      5.01585765      0.00000079
      5.01811425      0.00000079
      5.02037085      0.00000078
      5.02262745      0.00000078
      5.02488405      0.00000077
      5.02714065      0.00000077
      5.02939725      0.00000077
      5.03165385      0.00000076
      5.03391045      0.00000076
      5.03616705      0.00000075
      5.03842365      0.00000075
      5.04068025      0.00000075
      5.04293685      0.00000074
      5.04519345      0.00000074
      5.04745005      0.00000074
      5.04970665      0.00000073
      5.05196325      0.00000073
      5.05421985      0.00000072
      5.05647645      0.00000072
      5.05873305      0.00000072
      5.06098965      0.00000071
      5.06324625      0.00000071
      5.06550285      0.00000071
      5.06775945      0.00000070
      5.07001605      0.00000070
      5.07227265      0.00000069
      5.07452925      0.00000069
      5.07678585      0.00000069
      5.07904245      0.00000068
      5.08129905      0.00000068
      5.08355565      0.00000068
      5.08581225      0.00000067
      5.08806885      0.00000067
      5.09032545      0.00000067
      5.09258205      0.00000066
      5.09483865      0.00000066
      5.09709525      0.00000066
      5.09935185      0.00000065
      5.10160845      0.00000065
      5.10386505      0.00000065
      5.10612165      0.00000064
      5.10837825      0.00000064
      5.11063485      0.00000063
      5.11289145      0.00000063
      5.11514805      0.00000063
      5.11740465      0.00000062
      5.11966125      0.00000062
      5.12191785      0.00000062
      5.12417445      0.00000061
      5.12643105      0.00000061
      5.12868765      0.00000061
      5.13094425      0.00000061
      5.13320085      0.00000060
      5.13545745      0.00000060
      5.13771405      0.00000060
      5.13997065      0.00000059
      5.14222725      0.00000059
      5.14448385      0.00000059
      5.14674045      0.00000058
      5.14899705      0.00000058
      5.15125365      0.00000058
      5.15351025      0.00000057
      5.15576685      0.00000057
      5.15802345      0.00000057
      5.16028005      0.00000056
      5.16253665      0.00000056
      5.16479325      0.00000056
      5.16704985      0.00000055
      5.16930645      0.00000055
      5.17156305      0.00000055
      5.17381965      0.00000055
      5.17607625      0.00000054
      5.17833285      0.00000054
      5.18058945      0.00000054
      5.18284605      0.00000053
      5.18510265      0.00000053
      5.18735925      0.00000053
      5.18961585      0.00000053
      5.19187245      0.00000052
      5.19412905      0.00000052
      5.19638565      0.00000052
      5.19864225      0.00000051
      5.20089885      0.00000051
      5.20315545      0.00000051
      5.20541205      0.00000050
      5.20766865      0.00000050
      5.20992525      0.00000050
      5.21218185      0.00000050
      5.21443845      0.00000049
      5.21669505      0.00000049
      5.21895165      0.00000049
      5.22120825      0.00000049
      5.22346485      0.00000048
      5.22572145      0.00000048
      5.22797805      0.00000048
      5.23023465      0.00000047
      5.23249125      0.00000047
      5.23474785      0.00000047
      5.23700445      0.00000047
      5.23926105      0.00000046
      5.24151765      0.00000046
      5.24377425      0.00000046
      5.24603085      0.00000046
      5.24828745      0.00000045
      5.25054405      0.00000045
      5.25280065      0.00000045
      5.25505725      0.00000045
      5.25731385      0.00000044
      5.25957045      0.00000044
      5.26182705      0.00000044
      5.26408365      0.00000044
      5.26634025      0.00000043
      5.26859685      0.00000043
      5.27085345      0.00000043
      5.27311005      0.00000043
      5.27536665      0.00000042
      5.27762325      0.00000042
      5.27987985      0.00000042
      5.28213645      0.00000042
      5.28439305      0.00000041
      5.28664965      0.00000041
      5.28890625      0.00000041
      5.29116285      0.00000041
      5.29341945      0.00000040
      5.29567605      0.00000040
      5.29793265      0.00000040
      5.30018925      0.00000040
      5.30244585      0.00000039
      5.30470245      0.00000039
      5.30695905      0.00000039
      5.30921565      0.00000039
      5.31147225      0.00000039
      5.31372885      0.00000038
      5.31598545      0.00000038
      5.31824205      0.00000038
      5.32049865      0.00000038
      5.32275525      0.00000037
      5.32501185      0.00000037
      5.32726845      0.00000037
      5.32952505      0.00000037
      5.33178165      0.00000037
      5.33403825      0.00000036
      5.33629485      0.00000036
      5.33855145      0.00000036
      5.34080805      0.00000036
      5.34306465      0.00000035
      5.34532125      0.00000035
      5.34757785      0.00000035
      5.34983445      0.00000035
      5.35209105      0.00000035
      5.35434765      0.00000034
      5.35660425      0.00000034
      5.35886085      0.00000034
      5.36111745      0.00000034
      5.36337405      0.00000034
      5.36563065      0.00000033
      5.36788725      0.00000033
      5.37014385      0.00000033
      5.37240045      0.00000033
      5.37465705      0.00000033
      5.37691365      0.00000032
      5.37917025      0.00000032
      5.38142685      0.00000032
      5.38368345      0.00000032
      5.38594005      0.00000032
      5.38819665      0.00000031
      5.39045325      0.00000031
      5.39270985      0.00000031
      5.39496645      0.00000031
      5.39722305      0.00000031
      5.39947965      0.00000030
      5.40173625      0.00000030
      5.40399285      0.00000030
      5.40624945      0.00000030
      5.40850605      0.00000030
      5.41076265      0.00000030
      5.41301925      0.00000029
      5.41527585      0.00000029
      5.41753245      0.00000029
      5.41978905      0.00000029
      5.42204565      0.00000029
      5.42430225      0.00000028
      5.42655885      0.00000028
      5.42881545      0.00000028
      5.43107205      0.00000028
      5.43332865      0.00000028
      5.43558525      0.00000028
      5.43784185      0.00000027
      5.44009845      0.00000027
      5.44235505      0.00000027
      5.44461165      0.00000027
      5.44686825      0.00000027
      5.44912485      0.00000027
      5.45138145      0.00000026
      5.45363805      0.00000026
      5.45589465      0.00000026
      5.45815125      0.00000026
      5.46040785      0.00000026
      5.46266445      0.00000026
      5.46492105      0.00000025
      5.46717765      0.00000025
      5.46943425      0.00000025
      5.47169085      0.00000025
      5.47394745      0.00000025
      5.47620405      0.00000025
      5.47846065      0.00000024
      5.48071725      0.00000024
      5.48297385      0.00000024
      5.48523045      0.00000024
      5.48748705      0.00000024
      5.48974365      0.00000024
      5.49200025      0.00000024
      5.49425685      0.00000023
      5.49651345      0.00000023
      5.49877005      0.00000023
      5.50102665      0.00000023
      5.50328325      0.00000023
      5.50553985      0.00000023
      5.50779645      0.00000022
      5.51005305      0.00000022
      5.51230965      0.00000022
      5.51456625      0.00000022
      5.51682285      0.00000022
      5.51907945      0.00000022
      5.52133605      0.00000022
      5.52359265      0.00000021
      5.52584925      0.00000021
      5.52810585      0.00000021
      5.53036245      0.00000021
      5.53261905      0.00000021
      5.53487565      0.00000021
      5.53713225      0.00000021
      5.53938885      0.00000021
      5.54164545      0.00000020
      5.54390205      0.00000020
      5.54615865      0.00000020
      5.54841525      0.00000020
      5.55067185      0.00000020
      5.55292845      0.00000020
      5.55518505      0.00000020
      5.55744165      0.00000019
      5.55969825      0.00000019
      5.56195485      0.00000019
      5.56421145      0.00000019
      5.56646805      0.00000019
      5.56872465      0.00000019
      5.57098125      0.00000019
      5.57323785      0.00000019
      5.57549445      0.00000018
      5.57775105      0.00000018
      5.58000765      0.00000018
      5.58226425      0.00000018
      5.58452085      0.00000018
      5.58677745      0.00000018
      5.58903405      0.00000018
      5.59129065      0.00000018
      5.59354725      0.00000017
      5.59580385      0.00000017
      5.59806045      0.00000017
      5.60031705      0.00000017
      5.60257365      0.00000017
      5.60483025      0.00000017
      5.60708685      0.00000017
      5.60934345      0.00000017
      5.61160005      0.00000017
      5.61385665      0.00000016
      5.61611325      0.00000016
      5.61836985      0.00000016
      5.62062645      0.00000016
      5.62288305      0.00000016
      5.62513965      0.00000016
      5.62739625      0.00000016
      5.62965285      0.00000016
      5.63190945      0.00000016
      5.63416605      0.00000015
      5.63642265      0.00000015
      5.63867925      0.00000015
      5.64093585      0.00000015
      5.64319245      0.00000015
      5.64544905      0.00000015
      5.64770565      0.00000015
      5.64996225      0.00000015
      5.65221885      0.00000015
      5.65447545      0.00000014
      5.65673205      0.00000014
      5.65898865      0.00000014
      5.66124525      0.00000014
      5.66350185      0.00000014
      5.66575845      0.00000014
      5.66801505      0.00000014
      5.67027165      0.00000014
      5.67252825      0.00000014
      5.67478485      0.00000014
      5.67704145      0.00000013
      5.67929805      0.00000013
      5.68155465      0.00000013
      5.68381125      0.00000013
      5.68606785      0.00000013
      5.68832445      0.00000013
      5.69058105      0.00000013
      5.69283765      0.00000013
      5.69509425      0.00000013
      5.69735085      0.00000013
      5.69960745      0.00000013
      5.70186405      0.00000012
      5.70412065      0.00000012
      5.70637725      0.00000012
      5.70863385      0.00000012
      5.71089045      0.00000012
      5.71314705      0.00000012
      5.71540365      0.00000012
      5.71766025      0.00000012
      5.71991685      0.00000012
      5.72217345      0.00000012
      5.72443005      0.00000012
      5.72668665      0.00000011
      5.72894325      0.00000011
      5.73119985      0.00000011
      5.73345645      0.00000011
      5.73571305      0.00000011
      5.73796965      0.00000011
      5.74022625      0.00000011
