      0.00068400      0.00005968
      0.00159600      0.00005984
      0.00250800      0.00005999
      0.00342000      0.00006015
      0.00433200      0.00006030
      0.00524400      0.00006046
      0.00615600      0.00006062
      0.00706800      0.00006077
      0.00798000      0.00006093
      0.00889200      0.00006108
      0.00980400      0.00006124
      0.01071600      0.00006139
      0.01162800      0.00006155
      0.01254000      0.00006170
      0.01345200      0.00006186
      0.01436400      0.00006201
      0.01527600      0.00006217
      0.01618800      0.00006233
      0.01710000      0.00006248
      0.01801200      0.00006264
      0.01892400      0.00006279
      0.01983600      0.00006295
      0.02074800      0.00006310
      0.02166000      0.00006326
      0.02257200      0.00006341
      0.02348400      0.00006357
      0.02439600      0.00006372
      0.02530800      0.00006388
      0.02622000      0.00006403
      0.02713200      0.00006419
      0.02804400      0.00006434
      0.02895600      0.00006450
      0.02986800      0.00006465
      0.03078000      0.00006481
      0.03169200      0.00006496
      0.03260400      0.00006512
      0.03351600      0.00006527
      0.03442800      0.00006543
      0.03534000      0.00006558
      0.03625200      0.00006573
      0.03716400      0.00006589
      0.03807600      0.00006604
      0.03898800      0.00006620
      0.03990000      0.00006635
      0.04081200      0.00006650
      0.04172400      0.00006666
      0.04263600      0.00006681
      0.04354800      0.00006697
      0.04446000      0.00006712
      0.04537200      0.00006727
      0.04628400      0.00006743
      0.04719600      0.00006758
      0.04810800      0.00006773
      0.04902000      0.00006789
      0.04993200      0.00006804
      0.05084400      0.00006819
      0.05175600      0.00006835
      0.05266800      0.00006850
      0.05358000      0.00006865
      0.05449200      0.00006880
      0.05540400      0.00006896
      0.05631600      0.00006911
      0.05722800      0.00006926
      0.05814000      0.00006941
      0.05905200      0.00006957
      0.05996400      0.00006972
      0.06087600      0.00006987
      0.06178800      0.00007002
      0.06270000      0.00007017
      0.06361200      0.00007032
      0.06452400      0.00007048
      0.06543600      0.00007063
      0.06634800      0.00007078
      0.06726000      0.00007093
      0.06817200      0.00007108
      0.06908400      0.00007123
      0.06999600      0.00007138
      0.07090800      0.00007153
      0.07182000      0.00007168
      0.07273200      0.00007183
      0.07364400      0.00007198
      0.07455600      0.00007213
      0.07546800      0.00007228
      0.07638000      0.00007243
      0.07729200      0.00007258
      0.07820400      0.00007273
      0.07911600      0.00007288
      0.08002800      0.00007303
      0.08094000      0.00007318
      0.08185200      0.00007333
      0.08276400      0.00007347
      0.08367600      0.00007362
      0.08458800      0.00007377
      0.08550000      0.00007392
      0.08641200      0.00007407
      0.08732400      0.00007421
      0.08823600      0.00007436
      0.08914800      0.00007451
      0.09006000      0.00007466
      0.09097200      0.00007480
      0.09188400      0.00007495
      0.09279600      0.00007510
      0.09370800      0.00007524
      0.09462000      0.00007539
      0.09553200      0.00007554
      0.09644400      0.00007568
      0.09735600      0.00007583
      0.09826800      0.00007597
      0.09918000      0.00007612
      0.10009200      0.00007626
      0.10100400      0.00007641
      0.10191600      0.00007655
      0.10282800      0.00007670
      0.10374000      0.00007684
      0.10465200      0.00007698
      0.10556400      0.00007713
      0.10647600      0.00007727
      0.10738800      0.00007742
      0.10830000      0.00007756
      0.10921200      0.00007770
      0.11012400      0.00007784
      0.11103600      0.00007799
      0.11194800      0.00007813
      0.11286000      0.00007827
      0.11377200      0.00007841
      0.11468400      0.00007855
      0.11559600      0.00007870
      0.11650800      0.00007884
      0.11742000      0.00007898
      0.11833200      0.00007912
      0.11924400      0.00007926
      0.12015600      0.00007940
      0.12106800      0.00007954
      0.12198000      0.00007968
      0.12289200      0.00007982
      0.12380400      0.00007996
      0.12471600      0.00008010
      0.12562800      0.00008024
      0.12654000      0.00008037
      0.12745200      0.00008051
      0.12836400      0.00008065
      0.12927600      0.00008079
      0.13018800      0.00008093
      0.13110000      0.00008106
      0.13201200      0.00008120
      0.13292400      0.00008134
      0.13383600      0.00008147
      0.13474800      0.00008161
      0.13566000      0.00008175
      0.13657200      0.00008188
      0.13748400      0.00008202
      0.13839600      0.00008215
      0.13930800      0.00008229
      0.14022000      0.00008242
      0.14113200      0.00008256
      0.14204400      0.00008269
      0.14295600      0.00008282
      0.14386800      0.00008296
      0.14478000      0.00008309
      0.14569200      0.00008322
      0.14660400      0.00008336
      0.14751600      0.00008349
      0.14842800      0.00008362
      0.14934000      0.00008375
      0.15025200      0.00008388
      0.15116400      0.00008402
      0.15207600      0.00008415
      0.15298800      0.00008428
      0.15390000      0.00008441
      0.15481200      0.00008454
      0.15572400      0.00008467
      0.15663600      0.00008480
      0.15754800      0.00008493
      0.15846000      0.00008505
      0.15937200      0.00008518
      0.16028400      0.00008531
      0.16119600      0.00008544
      0.16210800      0.00008557
      0.16302000      0.00008569
      0.16393200      0.00008582
      0.16484400      0.00008595
      0.16575600      0.00008607
      0.16666800      0.00008620
      0.16758000      0.00008633
      0.16849200      0.00008645
      0.16940400      0.00008658
      0.17031600      0.00008670
      0.17122800      0.00008683
      0.17214000      0.00008695
      0.17305200      0.00008707
      0.17396400      0.00008720
      0.17487600      0.00008732
      0.17578800      0.00008744
      0.17670000      0.00008756
      0.17761200      0.00008769
      0.17852400      0.00008781
      0.17943600      0.00008793
      0.18034800      0.00008805
      0.18126000      0.00008817
      0.18217200      0.00008829
      0.18308400      0.00008841
      0.18399600      0.00008853
      0.18490800      0.00008865
      0.18582000      0.00008877
      0.18673200      0.00008889
      0.18764400      0.00008901
      0.18855600      0.00008912
      0.18946800      0.00008924
      0.19038000      0.00008936
      0.19129200      0.00008948
      0.19220400      0.00008959
      0.19311600      0.00008971
      0.19402800      0.00008982
      0.19494000      0.00008994
      0.19585200      0.00009005
      0.19676400      0.00009017
      0.19767600      0.00009028
      0.19858800      0.00009040
      0.19950000      0.00009051
      0.20041200      0.00009062
      0.20132400      0.00009074
      0.20223600      0.00009085
      0.20314800      0.00009096
      0.20406000      0.00009107
      0.20497200      0.00009118
      0.20588400      0.00009130
      0.20679600      0.00009141
      0.20770800      0.00009152
      0.20862000      0.00009163
      0.20953200      0.00009174
      0.21044400      0.00009184
      0.21135600      0.00009195
      0.21226800      0.00009206
      0.21318000      0.00009217
      0.21409200      0.00009228
      0.21500400      0.00009238
      0.21591600      0.00009249
      0.21682800      0.00009260
      0.21774000      0.00009270
      0.21865200      0.00009281
      0.21956400      0.00009291
      0.22047600      0.00009302
      0.22138800      0.00009312
      0.22230000      0.00009323
      0.22321200      0.00009333
      0.22412400      0.00009343
      0.22503600      0.00009354
      0.22594800      0.00009364
      0.22686000      0.00009374
      0.22777200      0.00009384
      0.22868400      0.00009394
      0.22959600      0.00009404
      0.23050800      0.00009414
      0.23142000      0.00009424
      0.23233200      0.00009434
      0.23324400      0.00009444
      0.23415600      0.00009454
      0.23506800      0.00009464
      0.23598000      0.00009474
      0.23689200      0.00009483
      0.23780400      0.00009493
      0.23871600      0.00009503
      0.23962800      0.00009512
      0.24054000      0.00009522
      0.24145200      0.00009531
      0.24236400      0.00009541
      0.24327600      0.00009550
      0.24418800      0.00009560
      0.24510000      0.00009569
      0.24601200      0.00009578
      0.24692400      0.00009588
      0.24783600      0.00009597
      0.24874800      0.00009606
      0.24966000      0.00009615
      0.25057200      0.00009624
      0.25148400      0.00009633
      0.25239600      0.00009642
      0.25330800      0.00009651
      0.25422000      0.00009660
      0.25513200      0.00009669
      0.25604400      0.00009678
      0.25695600      0.00009687
      0.25786800      0.00009696
      0.25878000      0.00009704
      0.25969200      0.00009713
      0.26060400      0.00009722
      0.26151600      0.00009730
      0.26242800      0.00009739
      0.26334000      0.00009747
      0.26425200      0.00009756
      0.26516400      0.00009764
      0.26607600      0.00009773
      0.26698800      0.00009781
      0.26790000      0.00009789
      0.26881200      0.00009797
      0.26972400      0.00009805
      0.27063600      0.00009814
      0.27154800      0.00009822
      0.27246000      0.00009830
      0.27337200      0.00009838
      0.27428400      0.00009846
      0.27519600      0.00009854
      0.27610800      0.00009862
      0.27702000      0.00009869
      0.27793200      0.00009877
      0.27884400      0.00009885
      0.27975600      0.00009893
      0.28066800      0.00009900
      0.28158000      0.00009908
      0.28249200      0.00009915
      0.28340400      0.00009923
      0.28431600      0.00009930
      0.28522800      0.00009938
      0.28614000      0.00009945
      0.28705200      0.00009952
      0.28796400      0.00009960
      0.28887600      0.00009967
      0.28978800      0.00009974
      0.29070000      0.00009981
      0.29161200      0.00009988
      0.29252400      0.00009995
      0.29343600      0.00010002
      0.29434800      0.00010009
      0.29526000      0.00010016
      0.29617200      0.00010023
      0.29708400      0.00010030
      0.29799600      0.00010037
      0.29890800      0.00010043
      0.29982000      0.00010050
      0.30073200      0.00010057
      0.30164400      0.00010063
      0.30255600      0.00010070
      0.30346800      0.00010076
      0.30438000      0.00010083
      0.30529200      0.00010089
      0.30620400      0.00010095
      0.30711600      0.00010102
      0.30802800      0.00010108
      0.30894000      0.00010114
      0.30985200      0.00010120
      0.31076400      0.00010126
      0.31167600      0.00010133
      0.31258800      0.00010139
      0.31350000      0.00010144
      0.31441200      0.00010150
      0.31532400      0.00010156
      0.31623600      0.00010162
      0.31714800      0.00010168
      0.31806000      0.00010174
      0.31897200      0.00010179
      0.31988400      0.00010185
      0.32079600      0.00010191
      0.32170800      0.00010196
      0.32262000      0.00010202
      0.32353200      0.00010207
      0.32444400      0.00010212
      0.32535600      0.00010218
      0.32626800      0.00010223
      0.32718000      0.00010228
      0.32809200      0.00010234
      0.32900400      0.00010239
      0.32991600      0.00010244
      0.33082800      0.00010249
      0.33174000      0.00010254
      0.33265200      0.00010259
      0.33356400      0.00010264
      0.33447600      0.00010269
      0.33538800      0.00010274
      0.33630000      0.00010278
      0.33721200      0.00010283
      0.33812400      0.00010288
      0.33903600      0.00010292
      0.33994800      0.00010297
      0.34086000      0.00010301
      0.34177200      0.00010306
      0.34268400      0.00010310
      0.34359600      0.00010315
      0.34450800      0.00010319
      0.34542000      0.00010323
      0.34633200      0.00010328
      0.34724400      0.00010332
      0.34815600      0.00010336
      0.34906800      0.00010340
      0.34998000      0.00010344
      0.35089200      0.00010348
      0.35180400      0.00010352
      0.35271600      0.00010356
      0.35362800      0.00010360
      0.35454000      0.00010364
      0.35545200      0.00010368
      0.35636400      0.00010371
      0.35727600      0.00010375
      0.35818800      0.00010379
      0.35910000      0.00010382
      0.36001200      0.00010386
      0.36092400      0.00010389
      0.36183600      0.00010393
      0.36274800      0.00010396
      0.36366000      0.00010399
      0.36457200      0.00010403
      0.36548400      0.00010406
      0.36639600      0.00010409
      0.36730800      0.00010412
      0.36822000      0.00010415
      0.36913200      0.00010418
      0.37004400      0.00010421
      0.37095600      0.00010424
      0.37186800      0.00010427
      0.37278000      0.00010430
      0.37369200      0.00010433
      0.37460400      0.00010436
      0.37551600      0.00010439
      0.37642800      0.00010441
      0.37734000      0.00010444
      0.37825200      0.00010446
      0.37916400      0.00010449
      0.38007600      0.00010451
      0.38098800      0.00010454
      0.38190000      0.00010456
      0.38281200      0.00010459
      0.38372400      0.00010461
      0.38463600      0.00010463
      0.38554800      0.00010465
      0.38646000      0.00010467
      0.38737200      0.00010470
      0.38828400      0.00010472
      0.38919600      0.00010474
      0.39010800      0.00010476
      0.39102000      0.00010477
      0.39193200      0.00010479
      0.39284400      0.00010481
      0.39375600      0.00010483
      0.39466800      0.00010485
      0.39558000      0.00010486
      0.39649200      0.00010488
      0.39740400      0.00010490
      0.39831600      0.00010491
      0.39922800      0.00010493
      0.40014000      0.00010494
      0.40105200      0.00010495
      0.40196400      0.00010497
      0.40287600      0.00010498
      0.40378800      0.00010499
      0.40470000      0.00010500
      0.40561200      0.00010502
      0.40652400      0.00010503
      0.40743600      0.00010504
      0.40834800      0.00010505
      0.40926000      0.00010506
      0.41017200      0.00010507
      0.41108400      0.00010508
      0.41199600      0.00010508
      0.41290800      0.00010509
      0.41382000      0.00010510
      0.41473200      0.00010511
      0.41564400      0.00010511
      0.41655600      0.00010512
      0.41746800      0.00010512
      0.41838000      0.00010513
      0.41929200      0.00010513
      0.42020400      0.00010514
      0.42111600      0.00010514
      0.42202800      0.00010514
      0.42294000      0.00010515
      0.42385200      0.00010515
      0.42476400      0.00010515
      0.42567600      0.00010515
      0.42658800      0.00010515
      0.42750000      0.00010515
      0.42841200      0.00010515
      0.42932400      0.00010515
      0.43023600      0.00010515
      0.43114800      0.00010515
      0.43206000      0.00010515
      0.43297200      0.00010515
      0.43388400      0.00010514
      0.43479600      0.00010514
      0.43570800      0.00010514
      0.43662000      0.00010513
      0.43753200      0.00010513
      0.43844400      0.00010512
      0.43935600      0.00010512
      0.44026800      0.00010511
      0.44118000      0.00010511
      0.44209200      0.00010510
      0.44300400      0.00010509
      0.44391600      0.00010508
      0.44482800      0.00010508
      0.44574000      0.00010507
      0.44665200      0.00010506
      0.44756400      0.00010505
      0.44847600      0.00010504
      0.44938800      0.00010503
      0.45030000      0.00010502
      0.45121200      0.00010501
      0.45212400      0.00010499
      0.45303600      0.00010498
      0.45394800      0.00010497
      0.45486000      0.00010496
      0.45577200      0.00010494
      0.45668400      0.00010493
      0.45759600      0.00010491
      0.45850800      0.00010490
      0.45942000      0.00010488
      0.46033200      0.00010487
      0.46124400      0.00010485
      0.46215600      0.00010484
      0.46306800      0.00010482
      0.46398000      0.00010480
      0.46489200      0.00010478
      0.46580400      0.00010477
      0.46671600      0.00010475
      0.46762800      0.00010473
      0.46854000      0.00010471
      0.46945200      0.00010469
      0.47036400      0.00010467
      0.47127600      0.00010465
      0.47218800      0.00010463
      0.47310000      0.00010460
      0.47401200      0.00010458
      0.47492400      0.00010456
      0.47583600      0.00010454
      0.47674800      0.00010451
      0.47766000      0.00010449
      0.47857200      0.00010446
      0.47948400      0.00010444
      0.48039600      0.00010441
      0.48130800      0.00010439
      0.48222000      0.00010436
      0.48313200      0.00010434
      0.48404400      0.00010431
      0.48495600      0.00010428
      0.48586800      0.00010425
      0.48678000      0.00010423
      0.48769200      0.00010420
      0.48860400      0.00010417
      0.48951600      0.00010414
      0.49042800      0.00010411
      0.49134000      0.00010408
      0.49225200      0.00010405
      0.49316400      0.00010402
      0.49407600      0.00010399
      0.49498800      0.00010395
      0.49590000      0.00010392
      0.49681200      0.00010389
      0.49772400      0.00010386
      0.49863600      0.00010382
      0.49954800      0.00010379
      0.50046000      0.00010376
      0.50137200      0.00010372
      0.50228400      0.00010369
      0.50319600      0.00010365
      0.50410800      0.00010361
      0.50502000      0.00010358
      0.50593200      0.00010354
      0.50684400      0.00010350
      0.50775600      0.00010347
      0.50866800      0.00010343
      0.50958000      0.00010339
      0.51049200      0.00010335
      0.51140400      0.00010331
      0.51231600      0.00010327
      0.51322800      0.00010323
      0.51414000      0.00010319
      0.51505200      0.00010315
      0.51596400      0.00010311
      0.51687600      0.00010307
      0.51778800      0.00010303
      0.51870000      0.00010299
      0.51961200      0.00010295
      0.52052400      0.00010290
      0.52143600      0.00010286
      0.52234800      0.00010282
      0.52326000      0.00010277
      0.52417200      0.00010273
      0.52508400      0.00010268
      0.52599600      0.00010264
      0.52690800      0.00010259
      0.52782000      0.00010255
      0.52873200      0.00010250
      0.52964400      0.00010245
      0.53055600      0.00010241
      0.53146800      0.00010236
      0.53238000      0.00010231
      0.53329200      0.00010226
      0.53420400      0.00010221
      0.53511600      0.00010217
      0.53602800      0.00010212
      0.53694000      0.00010207
      0.53785200      0.00010202
      0.53876400      0.00010197
      0.53967600      0.00010192
      0.54058800      0.00010186
      0.54150000      0.00010181
      0.54241200      0.00010176
      0.54332400      0.00010171
      0.54423600      0.00010166
      0.54514800      0.00010160
      0.54606000      0.00010155
      0.54697200      0.00010150
      0.54788400      0.00010144
      0.54879600      0.00010139
      0.54970800      0.00010133
      0.55062000      0.00010128
      0.55153200      0.00010122
      0.55244400      0.00010117
      0.55335600      0.00010111
      0.55426800      0.00010106
      0.55518000      0.00010100
      0.55609200      0.00010094
      0.55700400      0.00010088
      0.55791600      0.00010083
      0.55882800      0.00010077
      0.55974000      0.00010071
      0.56065200      0.00010065
      0.56156400      0.00010059
      0.56247600      0.00010053
      0.56338800      0.00010047
      0.56430000      0.00010041
      0.56521200      0.00010035
      0.56612400      0.00010029
      0.56703600      0.00010023
      0.56794800      0.00010017
      0.56886000      0.00010011
      0.56977200      0.00010004
      0.57068400      0.00009998
      0.57159600      0.00009992
      0.57250800      0.00009986
      0.57342000      0.00009979
      0.57433200      0.00009973
      0.57524400      0.00009966
      0.57615600      0.00009960
      0.57706800      0.00009954
      0.57798000      0.00009947
      0.57889200      0.00009940
      0.57980400      0.00009934
      0.58071600      0.00009927
      0.58162800      0.00009921
      0.58254000      0.00009914
      0.58345200      0.00009907
      0.58436400      0.00009901
      0.58527600      0.00009894
      0.58618800      0.00009887
      0.58710000      0.00009880
      0.58801200      0.00009873
      0.58892400      0.00009866
      0.58983600      0.00009860
      0.59074800      0.00009853
      0.59166000      0.00009846
      0.59257200      0.00009839
      0.59348400      0.00009832
      0.59439600      0.00009825
      0.59530800      0.00009817
      0.59622000      0.00009810
      0.59713200      0.00009803
      0.59804400      0.00009796
      0.59895600      0.00009789
      0.59986800      0.00009781
      0.60078000      0.00009774
      0.60169200      0.00009767
      0.60260400      0.00009760
      0.60351600      0.00009752
      0.60442800      0.00009745
      0.60534000      0.00009737
      0.60625200      0.00009730
      0.60716400      0.00009722
      0.60807600      0.00009715
      0.60898800      0.00009707
      0.60990000      0.00009700
      0.61081200      0.00009692
      0.61172400      0.00009685
      0.61263600      0.00009677
      0.61354800      0.00009669
      0.61446000      0.00009662
      0.61537200      0.00009654
      0.61628400      0.00009646
      0.61719600      0.00009638
      0.61810800      0.00009631
      0.61902000      0.00009623
      0.61993200      0.00009615
      0.62084400      0.00009607
      0.62175600      0.00009599
      0.62266800      0.00009591
      0.62358000      0.00009583
      0.62449200      0.00009575
      0.62540400      0.00009567
      0.62631600      0.00009559
      0.62722800      0.00009551
      0.62814000      0.00009543
      0.62905200      0.00009535
      0.62996400      0.00009526
      0.63087600      0.00009518
      0.63178800      0.00009510
      0.63270000      0.00009502
      0.63361200      0.00009494
      0.63452400      0.00009485
      0.63543600      0.00009477
      0.63634800      0.00009469
      0.63726000      0.00009460
      0.63817200      0.00009452
      0.63908400      0.00009443
      0.63999600      0.00009435
      0.64090800      0.00009427
      0.64182000      0.00009418
      0.64273200      0.00009410
      0.64364400      0.00009401
      0.64455600      0.00009392
      0.64546800      0.00009384
      0.64638000      0.00009375
      0.64729200      0.00009367
      0.64820400      0.00009358
      0.64911600      0.00009349
      0.65002800      0.00009341
      0.65094000      0.00009332
      0.65185200      0.00009323
      0.65276400      0.00009314
      0.65367600      0.00009306
      0.65458800      0.00009297
      0.65550000      0.00009288
      0.65641200      0.00009279
      0.65732400      0.00009270
      0.65823600      0.00009261
      0.65914800      0.00009252
      0.66006000      0.00009243
      0.66097200      0.00009234
      0.66188400      0.00009225
      0.66279600      0.00009216
      0.66370800      0.00009207
      0.66462000      0.00009198
      0.66553200      0.00009189
      0.66644400      0.00009180
      0.66735600      0.00009171
      0.66826800      0.00009162
      0.66918000      0.00009153
      0.67009200      0.00009143
      0.67100400      0.00009134
      0.67191600      0.00009125
      0.67282800      0.00009116
      0.67374000      0.00009106
      0.67465200      0.00009097
      0.67556400      0.00009088
      0.67647600      0.00009078
      0.67738800      0.00009069
      0.67830000      0.00009060
      0.67921200      0.00009050
      0.68012400      0.00009041
      0.68103600      0.00009031
      0.68194800      0.00009022
      0.68286000      0.00009013
      0.68377200      0.00009003
      0.68468400      0.00008993
      0.68559600      0.00008984
      0.68650800      0.00008974
      0.68742000      0.00008965
      0.68833200      0.00008955
      0.68924400      0.00008946
      0.69015600      0.00008936
      0.69106800      0.00008926
      0.69198000      0.00008917
      0.69289200      0.00008907
      0.69380400      0.00008897
      0.69471600      0.00008888
      0.69562800      0.00008878
      0.69654000      0.00008868
      0.69745200      0.00008858
      0.69836400      0.00008848
      0.69927600      0.00008839
      0.70018800      0.00008829
      0.70110000      0.00008819
      0.70201200      0.00008809
      0.70292400      0.00008799
      0.70383600      0.00008789
      0.70474800      0.00008779
      0.70566000      0.00008769
      0.70657200      0.00008759
      0.70748400      0.00008750
      0.70839600      0.00008740
      0.70930800      0.00008730
      0.71022000      0.00008720
      0.71113200      0.00008709
      0.71204400      0.00008699
      0.71295600      0.00008689
      0.71386800      0.00008679
      0.71478000      0.00008669
      0.71569200      0.00008659
      0.71660400      0.00008649
      0.71751600      0.00008639
      0.71842800      0.00008629
      0.71934000      0.00008618
      0.72025200      0.00008608
      0.72116400      0.00008598
      0.72207600      0.00008588
      0.72298800      0.00008578
      0.72390000      0.00008567
      0.72481200      0.00008557
      0.72572400      0.00008547
      0.72663600      0.00008536
      0.72754800      0.00008526
      0.72846000      0.00008516
      0.72937200      0.00008505
      0.73028400      0.00008495
      0.73119600      0.00008485
      0.73210800      0.00008474
      0.73302000      0.00008464
      0.73393200      0.00008454
      0.73484400      0.00008443
      0.73575600      0.00008433
      0.73666800      0.00008422
      0.73758000      0.00008412
      0.73849200      0.00008401
      0.73940400      0.00008391
      0.74031600      0.00008380
      0.74122800      0.00008370
      0.74214000      0.00008359
      0.74305200      0.00008349
      0.74396400      0.00008338
      0.74487600      0.00008328
      0.74578800      0.00008317
      0.74670000      0.00008306
      0.74761200      0.00008296
      0.74852400      0.00008285
      0.74943600      0.00008275
      0.75034800      0.00008264
      0.75126000      0.00008253
      0.75217200      0.00008243
      0.75308400      0.00008232
      0.75399600      0.00008221
      0.75490800      0.00008210
      0.75582000      0.00008200
      0.75673200      0.00008189
      0.75764400      0.00008178
      0.75855600      0.00008168
      0.75946800      0.00008157
      0.76038000      0.00008146
      0.76129200      0.00008135
      0.76220400      0.00008124
      0.76311600      0.00008114
      0.76402800      0.00008103
      0.76494000      0.00008092
      0.76585200      0.00008081
      0.76676400      0.00008070
      0.76767600      0.00008060
      0.76858800      0.00008049
      0.76950000      0.00008038
      0.77041200      0.00008027
      0.77132400      0.00008016
      0.77223600      0.00008005
      0.77314800      0.00007994
      0.77406000      0.00007983
      0.77497200      0.00007972
      0.77588400      0.00007961
      0.77679600      0.00007950
      0.77770800      0.00007939
      0.77862000      0.00007929
      0.77953200      0.00007918
      0.78044400      0.00007907
      0.78135600      0.00007896
      0.78226800      0.00007885
      0.78318000      0.00007874
      0.78409200      0.00007863
      0.78500400      0.00007851
      0.78591600      0.00007840
      0.78682800      0.00007829
      0.78774000      0.00007818
      0.78865200      0.00007807
      0.78956400      0.00007796
      0.79047600      0.00007785
      0.79138800      0.00007774
      0.79230000      0.00007763
      0.79321200      0.00007752
      0.79412400      0.00007741
      0.79503600      0.00007730
      0.79594800      0.00007719
      0.79686000      0.00007707
      0.79777200      0.00007696
      0.79868400      0.00007685
      0.79959600      0.00007674
      0.80050800      0.00007663
      0.80142000      0.00007652
      0.80233200      0.00007640
      0.80324400      0.00007629
      0.80415600      0.00007618
      0.80506800      0.00007607
      0.80598000      0.00007596
      0.80689200      0.00007584
      0.80780400      0.00007573
      0.80871600      0.00007562
      0.80962800      0.00007551
      0.81054000      0.00007540
      0.81145200      0.00007528
      0.81236400      0.00007517
      0.81327600      0.00007506
      0.81418800      0.00007495
      0.81510000      0.00007483
      0.81601200      0.00007472
      0.81692400      0.00007461
      0.81783600      0.00007450
      0.81874800      0.00007438
      0.81966000      0.00007427
      0.82057200      0.00007416
      0.82148400      0.00007404
      0.82239600      0.00007393
      0.82330800      0.00007382
      0.82422000      0.00007371
      0.82513200      0.00007359
      0.82604400      0.00007348
      0.82695600      0.00007337
      0.82786800      0.00007325
      0.82878000      0.00007314
      0.82969200      0.00007303
      0.83060400      0.00007291
      0.83151600      0.00007280
      0.83242800      0.00007269
      0.83334000      0.00007257
      0.83425200      0.00007246
      0.83516400      0.00007235
      0.83607600      0.00007223
      0.83698800      0.00007212
      0.83790000      0.00007200
      0.83881200      0.00007189
      0.83972400      0.00007178
      0.84063600      0.00007166
      0.84154800      0.00007155
      0.84246000      0.00007144
      0.84337200      0.00007132
      0.84428400      0.00007121
      0.84519600      0.00007109
      0.84610800      0.00007098
      0.84702000      0.00007087
      0.84793200      0.00007075
      0.84884400      0.00007064
      0.84975600      0.00007052
      0.85066800      0.00007041
      0.85158000      0.00007030
      0.85249200      0.00007018
      0.85340400      0.00007007
      0.85431600      0.00006995
      0.85522800      0.00006984
      0.85614000      0.00006973
      0.85705200      0.00006961
      0.85796400      0.00006950
      0.85887600      0.00006938
      0.85978800      0.00006927
      0.86070000      0.00006915
      0.86161200      0.00006904
      0.86252400      0.00006893
      0.86343600      0.00006881
      0.86434800      0.00006870
      0.86526000      0.00006858
      0.86617200      0.00006847
      0.86708400      0.00006835
      0.86799600      0.00006824
      0.86890800      0.00006813
      0.86982000      0.00006801
      0.87073200      0.00006790
      0.87164400      0.00006778
      0.87255600      0.00006767
      0.87346800      0.00006755
      0.87438000      0.00006744
      0.87529200      0.00006732
      0.87620400      0.00006721
      0.87711600      0.00006710
      0.87802800      0.00006698
      0.87894000      0.00006687
      0.87985200      0.00006675
      0.88076400      0.00006664
      0.88167600      0.00006652
      0.88258800      0.00006641
      0.88350000      0.00006629
      0.88441200      0.00006618
      0.88532400      0.00006607
      0.88623600      0.00006595
      0.88714800      0.00006584
      0.88806000      0.00006572
      0.88897200      0.00006561
      0.88988400      0.00006549
      0.89079600      0.00006538
      0.89170800      0.00006527
      0.89262000      0.00006515
      0.89353200      0.00006504
      0.89444400      0.00006492
      0.89535600      0.00006481
      0.89626800      0.00006469
      0.89718000      0.00006458
      0.89809200      0.00006447
      0.89900400      0.00006435
      0.89991600      0.00006424
      0.90082800      0.00006412
      0.90174000      0.00006401
      0.90265200      0.00006389
      0.90356400      0.00006378
      0.90447600      0.00006367
      0.90538800      0.00006355
      0.90630000      0.00006344
      0.90721200      0.00006332
      0.90812400      0.00006321
      0.90903600      0.00006310
      0.90994800      0.00006298
      0.91086000      0.00006287
      0.91177200      0.00006275
      0.91268400      0.00006264
      0.91359600      0.00006253
      0.91450800      0.00006241
      0.91542000      0.00006230
      0.91633200      0.00006218
      0.91724400      0.00006207
      0.91815600      0.00006196
      0.91906800      0.00006184
      0.91998000      0.00006173
      0.92089200      0.00006162
      0.92180400      0.00006150
      0.92271600      0.00006139
      0.92362800      0.00006127
      0.92454000      0.00006116
      0.92545200      0.00006105
      0.92636400      0.00006093
      0.92727600      0.00006082
      0.92818800      0.00006071
      0.92910000      0.00006059
      0.93001200      0.00006048
      0.93092400      0.00006037
      0.93183600      0.00006025
      0.93274800      0.00006014
      0.93366000      0.00006003
      0.93457200      0.00005991
      0.93548400      0.00005980
      0.93639600      0.00005969
      0.93730800      0.00005957
      0.93822000      0.00005946
      0.93913200      0.00005935
      0.94004400      0.00005924
      0.94095600      0.00005912
      0.94186800      0.00005901
      0.94278000      0.00005890
      0.94369200      0.00005878
      0.94460400      0.00005867
      0.94551600      0.00005856
      0.94642800      0.00005845
      0.94734000      0.00005833
      0.94825200      0.00005822
      0.94916400      0.00005811
      0.95007600      0.00005800
      0.95098800      0.00005788
      0.95190000      0.00005777
      0.95281200      0.00005766
      0.95372400      0.00005755
      0.95463600      0.00005743
      0.95554800      0.00005732
      0.95646000      0.00005721
      0.95737200      0.00005710
      0.95828400      0.00005699
      0.95919600      0.00005687
      0.96010800      0.00005676
      0.96102000      0.00005665
      0.96193200      0.00005654
      0.96284400      0.00005643
      0.96375600      0.00005632
      0.96466800      0.00005620
      0.96558000      0.00005609
      0.96649200      0.00005598
      0.96740400      0.00005587
      0.96831600      0.00005576
      0.96922800      0.00005565
      0.97014000      0.00005554
      0.97105200      0.00005542
      0.97196400      0.00005531
      0.97287600      0.00005520
      0.97378800      0.00005509
      0.97470000      0.00005498
      0.97561200      0.00005487
      0.97652400      0.00005476
      0.97743600      0.00005465
      0.97834800      0.00005454
      0.97926000      0.00005443
      0.98017200      0.00005432
      0.98108400      0.00005421
      0.98199600      0.00005409
      0.98290800      0.00005398
      0.98382000      0.00005387
      0.98473200      0.00005376
      0.98564400      0.00005365
      0.98655600      0.00005354
      0.98746800      0.00005343
      0.98838000      0.00005332
      0.98929200      0.00005321
      0.99020400      0.00005310
      0.99111600      0.00005299
      0.99202800      0.00005288
      0.99294000      0.00005277
      0.99385200      0.00005267
      0.99476400      0.00005256
      0.99567600      0.00005245
      0.99658800      0.00005234
      0.99750000      0.00005223
      0.99841200      0.00005212
      0.99932400      0.00005201
      1.00023600      0.00005190
      1.00114800      0.00005179
      1.00206000      0.00005168
      1.00297200      0.00005157
      1.00388400      0.00005147
      1.00479600      0.00005136
      1.00570800      0.00005125
      1.00662000      0.00005114
      1.00753200      0.00005103
      1.00844400      0.00005092
      1.00935600      0.00005081
      1.01026800      0.00005071
      1.01118000      0.00005060
      1.01209200      0.00005049
      1.01300400      0.00005038
      1.01391600      0.00005027
      1.01482800      0.00005017
      1.01574000      0.00005006
      1.01665200      0.00004995
      1.01756400      0.00004984
      1.01847600      0.00004974
      1.01938800      0.00004963
      1.02030000      0.00004952
      1.02121200      0.00004941
      1.02212400      0.00004931
      1.02303600      0.00004920
      1.02394800      0.00004909
      1.02486000      0.00004899
      1.02577200      0.00004888
      1.02668400      0.00004877
      1.02759600      0.00004867
      1.02850800      0.00004856
      1.02942000      0.00004845
      1.03033200      0.00004835
      1.03124400      0.00004824
      1.03215600      0.00004813
      1.03306800      0.00004803
      1.03398000      0.00004792
      1.03489200      0.00004782
      1.03580400      0.00004771
      1.03671600      0.00004761
      1.03762800      0.00004750
      1.03854000      0.00004739
      1.03945200      0.00004729
      1.04036400      0.00004718
      1.04127600      0.00004708
      1.04218800      0.00004697
      1.04310000      0.00004687
      1.04401200      0.00004676
      1.04492400      0.00004666
      1.04583600      0.00004655
      1.04674800      0.00004645
      1.04766000      0.00004634
      1.04857200      0.00004624
      1.04948400      0.00004614
      1.05039600      0.00004603
      1.05130800      0.00004593
      1.05222000      0.00004582
      1.05313200      0.00004572
      1.05404400      0.00004561
      1.05495600      0.00004551
      1.05586800      0.00004541
      1.05678000      0.00004530
      1.05769200      0.00004520
      1.05860400      0.00004510
      1.05951600      0.00004499
      1.06042800      0.00004489
      1.06134000      0.00004479
      1.06225200      0.00004468
      1.06316400      0.00004458
      1.06407600      0.00004448
      1.06498800      0.00004438
      1.06590000      0.00004427
      1.06681200      0.00004417
      1.06772400      0.00004407
      1.06863600      0.00004397
      1.06954800      0.00004386
      1.07046000      0.00004376
      1.07137200      0.00004366
      1.07228400      0.00004356
      1.07319600      0.00004346
      1.07410800      0.00004335
      1.07502000      0.00004325
      1.07593200      0.00004315
      1.07684400      0.00004305
      1.07775600      0.00004295
      1.07866800      0.00004285
      1.07958000      0.00004275
      1.08049200      0.00004264
      1.08140400      0.00004254
      1.08231600      0.00004244
      1.08322800      0.00004234
      1.08414000      0.00004224
      1.08505200      0.00004214
      1.08596400      0.00004204
      1.08687600      0.00004194
      1.08778800      0.00004184
      1.08870000      0.00004174
      1.08961200      0.00004164
      1.09052400      0.00004154
      1.09143600      0.00004144
      1.09234800      0.00004134
      1.09326000      0.00004124
      1.09417200      0.00004114
      1.09508400      0.00004104
      1.09599600      0.00004094
      1.09690800      0.00004084
      1.09782000      0.00004075
      1.09873200      0.00004065
      1.09964400      0.00004055
      1.10055600      0.00004045
      1.10146800      0.00004035
      1.10238000      0.00004025
      1.10329200      0.00004015
      1.10420400      0.00004006
      1.10511600      0.00003996
      1.10602800      0.00003986
      1.10694000      0.00003976
      1.10785200      0.00003967
      1.10876400      0.00003957
      1.10967600      0.00003947
      1.11058800      0.00003937
      1.11150000      0.00003928
      1.11241200      0.00003918
      1.11332400      0.00003908
      1.11423600      0.00003898
      1.11514800      0.00003889
      1.11606000      0.00003879
      1.11697200      0.00003869
      1.11788400      0.00003860
      1.11879600      0.00003850
      1.11970800      0.00003841
      1.12062000      0.00003831
      1.12153200      0.00003821
      1.12244400      0.00003812
      1.12335600      0.00003802
      1.12426800      0.00003793
      1.12518000      0.00003783
      1.12609200      0.00003774
      1.12700400      0.00003764
      1.12791600      0.00003755
      1.12882800      0.00003745
      1.12974000      0.00003736
      1.13065200      0.00003726
      1.13156400      0.00003717
      1.13247600      0.00003707
      1.13338800      0.00003698
      1.13430000      0.00003688
      1.13521200      0.00003679
      1.13612400      0.00003669
      1.13703600      0.00003660
      1.13794800      0.00003651
      1.13886000      0.00003641
      1.13977200      0.00003632
      1.14068400      0.00003623
      1.14159600      0.00003613
      1.14250800      0.00003604
      1.14342000      0.00003595
      1.14433200      0.00003585
      1.14524400      0.00003576
      1.14615600      0.00003567
      1.14706800      0.00003558
      1.14798000      0.00003548
      1.14889200      0.00003539
      1.14980400      0.00003530
      1.15071600      0.00003521
      1.15162800      0.00003511
      1.15254000      0.00003502
      1.15345200      0.00003493
      1.15436400      0.00003484
      1.15527600      0.00003475
      1.15618800      0.00003466
      1.15710000      0.00003456
      1.15801200      0.00003447
      1.15892400      0.00003438
      1.15983600      0.00003429
      1.16074800      0.00003420
      1.16166000      0.00003411
      1.16257200      0.00003402
      1.16348400      0.00003393
      1.16439600      0.00003384
      1.16530800      0.00003375
      1.16622000      0.00003366
      1.16713200      0.00003357
      1.16804400      0.00003348
      1.16895600      0.00003339
      1.16986800      0.00003330
      1.17078000      0.00003321
      1.17169200      0.00003312
      1.17260400      0.00003303
      1.17351600      0.00003294
      1.17442800      0.00003286
      1.17534000      0.00003277
      1.17625200      0.00003268
      1.17716400      0.00003259
      1.17807600      0.00003250
      1.17898800      0.00003241
      1.17990000      0.00003232
      1.18081200      0.00003224
      1.18172400      0.00003215
      1.18263600      0.00003206
      1.18354800      0.00003197
      1.18446000      0.00003189
      1.18537200      0.00003180
      1.18628400      0.00003171
      1.18719600      0.00003162
      1.18810800      0.00003154
      1.18902000      0.00003145
      1.18993200      0.00003136
      1.19084400      0.00003128
      1.19175600      0.00003119
      1.19266800      0.00003111
      1.19358000      0.00003102
      1.19449200      0.00003093
      1.19540400      0.00003085
      1.19631600      0.00003076
      1.19722800      0.00003068
      1.19814000      0.00003059
      1.19905200      0.00003051
      1.19996400      0.00003042
      1.20087600      0.00003033
      1.20178800      0.00003025
      1.20270000      0.00003017
      1.20361200      0.00003008
      1.20452400      0.00003000
      1.20543600      0.00002991
      1.20634800      0.00002983
      1.20726000      0.00002974
      1.20817200      0.00002966
      1.20908400      0.00002957
      1.20999600      0.00002949
      1.21090800      0.00002941
      1.21182000      0.00002932
      1.21273200      0.00002924
      1.21364400      0.00002916
      1.21455600      0.00002907
      1.21546800      0.00002899
      1.21638000      0.00002891
      1.21729200      0.00002883
      1.21820400      0.00002874
      1.21911600      0.00002866
      1.22002800      0.00002858
      1.22094000      0.00002850
      1.22185200      0.00002841
      1.22276400      0.00002833
      1.22367600      0.00002825
      1.22458800      0.00002817
      1.22550000      0.00002809
      1.22641200      0.00002801
      1.22732400      0.00002792
      1.22823600      0.00002784
      1.22914800      0.00002776
      1.23006000      0.00002768
      1.23097200      0.00002760
      1.23188400      0.00002752
      1.23279600      0.00002744
      1.23370800      0.00002736
      1.23462000      0.00002728
      1.23553200      0.00002720
      1.23644400      0.00002712
      1.23735600      0.00002704
      1.23826800      0.00002696
      1.23918000      0.00002688
      1.24009200      0.00002680
      1.24100400      0.00002672
      1.24191600      0.00002664
      1.24282800      0.00002656
      1.24374000      0.00002649
      1.24465200      0.00002641
      1.24556400      0.00002633
      1.24647600      0.00002625
      1.24738800      0.00002617
      1.24830000      0.00002609
      1.24921200      0.00002602
      1.25012400      0.00002594
      1.25103600      0.00002586
      1.25194800      0.00002578
      1.25286000      0.00002571
      1.25377200      0.00002563
      1.25468400      0.00002555
      1.25559600      0.00002547
      1.25650800      0.00002540
      1.25742000      0.00002532
      1.25833200      0.00002524
      1.25924400      0.00002517
      1.26015600      0.00002509
      1.26106800      0.00002501
      1.26198000      0.00002494
      1.26289200      0.00002486
      1.26380400      0.00002479
      1.26471600      0.00002471
      1.26562800      0.00002464
      1.26654000      0.00002456
      1.26745200      0.00002449
      1.26836400      0.00002441
      1.26927600      0.00002434
      1.27018800      0.00002426
      1.27110000      0.00002419
      1.27201200      0.00002411
      1.27292400      0.00002404
      1.27383600      0.00002396
      1.27474800      0.00002389
      1.27566000      0.00002381
      1.27657200      0.00002374
      1.27748400      0.00002367
      1.27839600      0.00002359
      1.27930800      0.00002352
      1.28022000      0.00002345
      1.28113200      0.00002337
      1.28204400      0.00002330
      1.28295600      0.00002323
      1.28386800      0.00002315
      1.28478000      0.00002308
      1.28569200      0.00002301
      1.28660400      0.00002294
      1.28751600      0.00002286
      1.28842800      0.00002279
      1.28934000      0.00002272
      1.29025200      0.00002265
      1.29116400      0.00002258
      1.29207600      0.00002251
      1.29298800      0.00002243
      1.29390000      0.00002236
      1.29481200      0.00002229
      1.29572400      0.00002222
      1.29663600      0.00002215
      1.29754800      0.00002208
      1.29846000      0.00002201
      1.29937200      0.00002194
      1.30028400      0.00002187
      1.30119600      0.00002180
      1.30210800      0.00002173
      1.30302000      0.00002166
      1.30393200      0.00002159
      1.30484400      0.00002152
      1.30575600      0.00002145
      1.30666800      0.00002138
      1.30758000      0.00002131
      1.30849200      0.00002124
      1.30940400      0.00002117
      1.31031600      0.00002110
      1.31122800      0.00002104
      1.31214000      0.00002097
      1.31305200      0.00002090
      1.31396400      0.00002083
      1.31487600      0.00002076
      1.31578800      0.00002069
      1.31670000      0.00002063
      1.31761200      0.00002056
      1.31852400      0.00002049
      1.31943600      0.00002042
      1.32034800      0.00002036
      1.32126000      0.00002029
      1.32217200      0.00002022
      1.32308400      0.00002016
      1.32399600      0.00002009
      1.32490800      0.00002002
      1.32582000      0.00001996
      1.32673200      0.00001989
      1.32764400      0.00001982
      1.32855600      0.00001976
      1.32946800      0.00001969
      1.33038000      0.00001963
      1.33129200      0.00001956
      1.33220400      0.00001950
      1.33311600      0.00001943
      1.33402800      0.00001937
      1.33494000      0.00001930
      1.33585200      0.00001924
      1.33676400      0.00001917
      1.33767600      0.00001911
      1.33858800      0.00001904
      1.33950000      0.00001898
      1.34041200      0.00001891
      1.34132400      0.00001885
      1.34223600      0.00001879
      1.34314800      0.00001872
      1.34406000      0.00001866
      1.34497200      0.00001859
      1.34588400      0.00001853
      1.34679600      0.00001847
      1.34770800      0.00001840
      1.34862000      0.00001834
      1.34953200      0.00001828
      1.35044400      0.00001822
      1.35135600      0.00001815
      1.35226800      0.00001809
      1.35318000      0.00001803
      1.35409200      0.00001797
      1.35500400      0.00001791
      1.35591600      0.00001784
      1.35682800      0.00001778
      1.35774000      0.00001772
      1.35865200      0.00001766
      1.35956400      0.00001760
      1.36047600      0.00001754
      1.36138800      0.00001748
      1.36230000      0.00001741
      1.36321200      0.00001735
      1.36412400      0.00001729
      1.36503600      0.00001723
      1.36594800      0.00001717
      1.36686000      0.00001711
      1.36777200      0.00001705
      1.36868400      0.00001699
      1.36959600      0.00001693
      1.37050800      0.00001687
      1.37142000      0.00001681
      1.37233200      0.00001675
      1.37324400      0.00001669
      1.37415600      0.00001664
      1.37506800      0.00001658
      1.37598000      0.00001652
      1.37689200      0.00001646
      1.37780400      0.00001640
      1.37871600      0.00001634
      1.37962800      0.00001628
      1.38054000      0.00001623
      1.38145200      0.00001617
      1.38236400      0.00001611
      1.38327600      0.00001605
      1.38418800      0.00001599
      1.38510000      0.00001594
      1.38601200      0.00001588
      1.38692400      0.00001582
      1.38783600      0.00001577
      1.38874800      0.00001571
      1.38966000      0.00001565
      1.39057200      0.00001560
      1.39148400      0.00001554
      1.39239600      0.00001548
      1.39330800      0.00001543
      1.39422000      0.00001537
      1.39513200      0.00001531
      1.39604400      0.00001526
      1.39695600      0.00001520
      1.39786800      0.00001515
      1.39878000      0.00001509
      1.39969200      0.00001504
      1.40060400      0.00001498
      1.40151600      0.00001493
      1.40242800      0.00001487
      1.40334000      0.00001482
      1.40425200      0.00001476
      1.40516400      0.00001471
      1.40607600      0.00001465
      1.40698800      0.00001460
      1.40790000      0.00001455
      1.40881200      0.00001449
      1.40972400      0.00001444
      1.41063600      0.00001438
      1.41154800      0.00001433
      1.41246000      0.00001428
      1.41337200      0.00001422
      1.41428400      0.00001417
      1.41519600      0.00001412
      1.41610800      0.00001406
      1.41702000      0.00001401
      1.41793200      0.00001396
      1.41884400      0.00001391
      1.41975600      0.00001385
      1.42066800      0.00001380
      1.42158000      0.00001375
      1.42249200      0.00001370
      1.42340400      0.00001365
      1.42431600      0.00001360
      1.42522800      0.00001354
      1.42614000      0.00001349
      1.42705200      0.00001344
      1.42796400      0.00001339
      1.42887600      0.00001334
      1.42978800      0.00001329
      1.43070000      0.00001324
      1.43161200      0.00001319
      1.43252400      0.00001314
      1.43343600      0.00001309
      1.43434800      0.00001304
      1.43526000      0.00001299
      1.43617200      0.00001294
      1.43708400      0.00001289
      1.43799600      0.00001284
      1.43890800      0.00001279
      1.43982000      0.00001274
      1.44073200      0.00001269
      1.44164400      0.00001264
      1.44255600      0.00001259
      1.44346800      0.00001254
      1.44438000      0.00001249
      1.44529200      0.00001244
      1.44620400      0.00001240
      1.44711600      0.00001235
      1.44802800      0.00001230
      1.44894000      0.00001225
      1.44985200      0.00001220
      1.45076400      0.00001215
      1.45167600      0.00001211
      1.45258800      0.00001206
      1.45350000      0.00001201
      1.45441200      0.00001196
      1.45532400      0.00001192
      1.45623600      0.00001187
      1.45714800      0.00001182
      1.45806000      0.00001178
      1.45897200      0.00001173
      1.45988400      0.00001168
      1.46079600      0.00001164
      1.46170800      0.00001159
      1.46262000      0.00001154
      1.46353200      0.00001150
      1.46444400      0.00001145
      1.46535600      0.00001141
      1.46626800      0.00001136
      1.46718000      0.00001132
      1.46809200      0.00001127
      1.46900400      0.00001123
      1.46991600      0.00001118
      1.47082800      0.00001114
      1.47174000      0.00001109
      1.47265200      0.00001105
      1.47356400      0.00001100
      1.47447600      0.00001096
      1.47538800      0.00001091
      1.47630000      0.00001087
      1.47721200      0.00001082
      1.47812400      0.00001078
      1.47903600      0.00001074
      1.47994800      0.00001069
      1.48086000      0.00001065
      1.48177200      0.00001061
      1.48268400      0.00001056
      1.48359600      0.00001052
      1.48450800      0.00001048
      1.48542000      0.00001043
      1.48633200      0.00001039
      1.48724400      0.00001035
      1.48815600      0.00001030
      1.48906800      0.00001026
      1.48998000      0.00001022
      1.49089200      0.00001018
      1.49180400      0.00001014
      1.49271600      0.00001009
      1.49362800      0.00001005
      1.49454000      0.00001001
      1.49545200      0.00000997
      1.49636400      0.00000993
      1.49727600      0.00000989
      1.49818800      0.00000984
      1.49910000      0.00000980
      1.50001200      0.00000976
      1.50092400      0.00000972
      1.50183600      0.00000968
      1.50274800      0.00000964
      1.50366000      0.00000960
      1.50457200      0.00000956
      1.50548400      0.00000952
      1.50639600      0.00000948
      1.50730800      0.00000944
      1.50822000      0.00000940
      1.50913200      0.00000936
      1.51004400      0.00000932
      1.51095600      0.00000928
      1.51186800      0.00000924
      1.51278000      0.00000920
      1.51369200      0.00000916
      1.51460400      0.00000912
      1.51551600      0.00000908
      1.51642800      0.00000904
      1.51734000      0.00000901
      1.51825200      0.00000897
      1.51916400      0.00000893
      1.52007600      0.00000889
      1.52098800      0.00000885
      1.52190000      0.00000881
      1.52281200      0.00000878
      1.52372400      0.00000874
      1.52463600      0.00000870
      1.52554800      0.00000866
      1.52646000      0.00000863
      1.52737200      0.00000859
      1.52828400      0.00000855
      1.52919600      0.00000851
      1.53010800      0.00000848
      1.53102000      0.00000844
      1.53193200      0.00000840
      1.53284400      0.00000837
      1.53375600      0.00000833
      1.53466800      0.00000829
      1.53558000      0.00000826
      1.53649200      0.00000822
      1.53740400      0.00000818
      1.53831600      0.00000815
      1.53922800      0.00000811
      1.54014000      0.00000808
      1.54105200      0.00000804
      1.54196400      0.00000801
      1.54287600      0.00000797
      1.54378800      0.00000794
      1.54470000      0.00000790
      1.54561200      0.00000786
      1.54652400      0.00000783
      1.54743600      0.00000780
      1.54834800      0.00000776
      1.54926000      0.00000773
      1.55017200      0.00000769
      1.55108400      0.00000766
      1.55199600      0.00000762
      1.55290800      0.00000759
      1.55382000      0.00000755
      1.55473200      0.00000752
      1.55564400      0.00000749
      1.55655600      0.00000745
      1.55746800      0.00000742
      1.55838000      0.00000739
      1.55929200      0.00000735
      1.56020400      0.00000732
      1.56111600      0.00000729
      1.56202800      0.00000725
      1.56294000      0.00000722
      1.56385200      0.00000719
      1.56476400      0.00000715
      1.56567600      0.00000712
      1.56658800      0.00000709
      1.56750000      0.00000706
      1.56841200      0.00000703
      1.56932400      0.00000699
      1.57023600      0.00000696
      1.57114800      0.00000693
      1.57206000      0.00000690
      1.57297200      0.00000687
      1.57388400      0.00000683
      1.57479600      0.00000680
      1.57570800      0.00000677
      1.57662000      0.00000674
      1.57753200      0.00000671
      1.57844400      0.00000668
      1.57935600      0.00000665
      1.58026800      0.00000662
      1.58118000      0.00000659
      1.58209200      0.00000655
      1.58300400      0.00000652
      1.58391600      0.00000649
      1.58482800      0.00000646
      1.58574000      0.00000643
      1.58665200      0.00000640
      1.58756400      0.00000637
      1.58847600      0.00000634
      1.58938800      0.00000631
      1.59030000      0.00000628
      1.59121200      0.00000625
      1.59212400      0.00000622
      1.59303600      0.00000620
      1.59394800      0.00000617
      1.59486000      0.00000614
      1.59577200      0.00000611
      1.59668400      0.00000608
      1.59759600      0.00000605
      1.59850800      0.00000602
      1.59942000      0.00000599
      1.60033200      0.00000596
      1.60124400      0.00000594
      1.60215600      0.00000591
      1.60306800      0.00000588
      1.60398000      0.00000585
      1.60489200      0.00000582
      1.60580400      0.00000580
      1.60671600      0.00000577
      1.60762800      0.00000574
      1.60854000      0.00000571
      1.60945200      0.00000568
      1.61036400      0.00000566
      1.61127600      0.00000563
      1.61218800      0.00000560
      1.61310000      0.00000558
      1.61401200      0.00000555
      1.61492400      0.00000552
      1.61583600      0.00000550
      1.61674800      0.00000547
      1.61766000      0.00000544
      1.61857200      0.00000542
      1.61948400      0.00000539
      1.62039600      0.00000536
      1.62130800      0.00000534
      1.62222000      0.00000531
      1.62313200      0.00000528
      1.62404400      0.00000526
      1.62495600      0.00000523
      1.62586800      0.00000521
      1.62678000      0.00000518
      1.62769200      0.00000516
      1.62860400      0.00000513
      1.62951600      0.00000510
      1.63042800      0.00000508
      1.63134000      0.00000505
      1.63225200      0.00000503
      1.63316400      0.00000500
      1.63407600      0.00000498
      1.63498800      0.00000495
      1.63590000      0.00000493
      1.63681200      0.00000491
      1.63772400      0.00000488
      1.63863600      0.00000486
      1.63954800      0.00000483
      1.64046000      0.00000481
      1.64137200      0.00000478
      1.64228400      0.00000476
      1.64319600      0.00000474
      1.64410800      0.00000471
      1.64502000      0.00000469
      1.64593200      0.00000467
      1.64684400      0.00000464
      1.64775600      0.00000462
      1.64866800      0.00000459
      1.64958000      0.00000457
      1.65049200      0.00000455
      1.65140400      0.00000453
      1.65231600      0.00000450
      1.65322800      0.00000448
      1.65414000      0.00000446
      1.65505200      0.00000443
      1.65596400      0.00000441
      1.65687600      0.00000439
      1.65778800      0.00000437
      1.65870000      0.00000434
      1.65961200      0.00000432
      1.66052400      0.00000430
      1.66143600      0.00000428
      1.66234800      0.00000426
      1.66326000      0.00000423
      1.66417200      0.00000421
      1.66508400      0.00000419
      1.66599600      0.00000417
      1.66690800      0.00000415
      1.66782000      0.00000413
      1.66873200      0.00000410
      1.66964400      0.00000408
      1.67055600      0.00000406
      1.67146800      0.00000404
      1.67238000      0.00000402
      1.67329200      0.00000400
      1.67420400      0.00000398
      1.67511600      0.00000396
      1.67602800      0.00000394
      1.67694000      0.00000392
      1.67785200      0.00000389
      1.67876400      0.00000387
      1.67967600      0.00000385
      1.68058800      0.00000383
      1.68150000      0.00000381
      1.68241200      0.00000379
      1.68332400      0.00000377
      1.68423600      0.00000375
      1.68514800      0.00000373
      1.68606000      0.00000371
      1.68697200      0.00000369
      1.68788400      0.00000367
      1.68879600      0.00000366
      1.68970800      0.00000364
      1.69062000      0.00000362
      1.69153200      0.00000360
      1.69244400      0.00000358
      1.69335600      0.00000356
      1.69426800      0.00000354
      1.69518000      0.00000352
      1.69609200      0.00000350
      1.69700400      0.00000348
      1.69791600      0.00000346
      1.69882800      0.00000345
      1.69974000      0.00000343
      1.70065200      0.00000341
      1.70156400      0.00000339
      1.70247600      0.00000337
      1.70338800      0.00000335
      1.70430000      0.00000334
      1.70521200      0.00000332
      1.70612400      0.00000330
      1.70703600      0.00000328
      1.70794800      0.00000326
      1.70886000      0.00000325
      1.70977200      0.00000323
      1.71068400      0.00000321
      1.71159600      0.00000319
      1.71250800      0.00000318
      1.71342000      0.00000316
      1.71433200      0.00000314
      1.71524400      0.00000312
      1.71615600      0.00000311
      1.71706800      0.00000309
      1.71798000      0.00000307
      1.71889200      0.00000306
      1.71980400      0.00000304
      1.72071600      0.00000302
      1.72162800      0.00000301
      1.72254000      0.00000299
      1.72345200      0.00000297
      1.72436400      0.00000296
      1.72527600      0.00000294
      1.72618800      0.00000292
      1.72710000      0.00000291
      1.72801200      0.00000289
      1.72892400      0.00000287
      1.72983600      0.00000286
      1.73074800      0.00000284
      1.73166000      0.00000283
      1.73257200      0.00000281
      1.73348400      0.00000280
      1.73439600      0.00000278
      1.73530800      0.00000276
      1.73622000      0.00000275
      1.73713200      0.00000273
      1.73804400      0.00000272
      1.73895600      0.00000270
      1.73986800      0.00000269
      1.74078000      0.00000267
      1.74169200      0.00000266
      1.74260400      0.00000264
      1.74351600      0.00000263
      1.74442800      0.00000261
      1.74534000      0.00000260
      1.74625200      0.00000258
      1.74716400      0.00000257
      1.74807600      0.00000255
      1.74898800      0.00000254
      1.74990000      0.00000252
      1.75081200      0.00000251
      1.75172400      0.00000249
      1.75263600      0.00000248
      1.75354800      0.00000247
      1.75446000      0.00000245
      1.75537200      0.00000244
      1.75628400      0.00000242
      1.75719600      0.00000241
      1.75810800      0.00000240
      1.75902000      0.00000238
      1.75993200      0.00000237
      1.76084400      0.00000235
      1.76175600      0.00000234
      1.76266800      0.00000233
      1.76358000      0.00000231
      1.76449200      0.00000230
      1.76540400      0.00000229
      1.76631600      0.00000227
      1.76722800      0.00000226
      1.76814000      0.00000225
      1.76905200      0.00000223
      1.76996400      0.00000222
      1.77087600      0.00000221
      1.77178800      0.00000219
      1.77270000      0.00000218
      1.77361200      0.00000217
      1.77452400      0.00000216
      1.77543600      0.00000214
      1.77634800      0.00000213
      1.77726000      0.00000212
      1.77817200      0.00000211
      1.77908400      0.00000209
      1.77999600      0.00000208
      1.78090800      0.00000207
      1.78182000      0.00000206
      1.78273200      0.00000204
      1.78364400      0.00000203
      1.78455600      0.00000202
      1.78546800      0.00000201
      1.78638000      0.00000200
      1.78729200      0.00000198
      1.78820400      0.00000197
      1.78911600      0.00000196
      1.79002800      0.00000195
      1.79094000      0.00000194
      1.79185200      0.00000193
      1.79276400      0.00000191
      1.79367600      0.00000190
      1.79458800      0.00000189
      1.79550000      0.00000188
      1.79641200      0.00000187
      1.79732400      0.00000186
      1.79823600      0.00000185
      1.79914800      0.00000183
      1.80006000      0.00000182
      1.80097200      0.00000181
      1.80188400      0.00000180
      1.80279600      0.00000179
      1.80370800      0.00000178
      1.80462000      0.00000177
      1.80553200      0.00000176
      1.80644400      0.00000175
      1.80735600      0.00000174
      1.80826800      0.00000173
      1.80918000      0.00000172
      1.81009200      0.00000170
      1.81100400      0.00000169
      1.81191600      0.00000168
      1.81282800      0.00000167
      1.81374000      0.00000166
      1.81465200      0.00000165
      1.81556400      0.00000164
      1.81647600      0.00000163
      1.81738800      0.00000162
      1.81830000      0.00000161
      1.81921200      0.00000160
      1.82012400      0.00000159
      1.82103600      0.00000158
      1.82194800      0.00000157
      1.82286000      0.00000156
      1.82377200      0.00000155
      1.82468400      0.00000154
      1.82559600      0.00000153
      1.82650800      0.00000152
      1.82742000      0.00000151
      1.82833200      0.00000151
      1.82924400      0.00000150
      1.83015600      0.00000149
      1.83106800      0.00000148
      1.83198000      0.00000147
      1.83289200      0.00000146
      1.83380400      0.00000145
      1.83471600      0.00000144
      1.83562800      0.00000143
      1.83654000      0.00000142
      1.83745200      0.00000141
      1.83836400      0.00000140
      1.83927600      0.00000140
      1.84018800      0.00000139
      1.84110000      0.00000138
      1.84201200      0.00000137
      1.84292400      0.00000136
      1.84383600      0.00000135
      1.84474800      0.00000134
      1.84566000      0.00000133
      1.84657200      0.00000133
      1.84748400      0.00000132
      1.84839600      0.00000131
      1.84930800      0.00000130
      1.85022000      0.00000129
      1.85113200      0.00000128
      1.85204400      0.00000128
      1.85295600      0.00000127
      1.85386800      0.00000126
      1.85478000      0.00000125
      1.85569200      0.00000124
      1.85660400      0.00000124
      1.85751600      0.00000123
      1.85842800      0.00000122
      1.85934000      0.00000121
      1.86025200      0.00000120
      1.86116400      0.00000120
      1.86207600      0.00000119
      1.86298800      0.00000118
      1.86390000      0.00000117
      1.86481200      0.00000116
      1.86572400      0.00000116
      1.86663600      0.00000115
      1.86754800      0.00000114
      1.86846000      0.00000113
      1.86937200      0.00000113
      1.87028400      0.00000112
      1.87119600      0.00000111
      1.87210800      0.00000111
      1.87302000      0.00000110
      1.87393200      0.00000109
      1.87484400      0.00000108
      1.87575600      0.00000108
      1.87666800      0.00000107
      1.87758000      0.00000106
      1.87849200      0.00000106
      1.87940400      0.00000105
      1.88031600      0.00000104
      1.88122800      0.00000103
      1.88214000      0.00000103
      1.88305200      0.00000102
      1.88396400      0.00000101
      1.88487600      0.00000101
      1.88578800      0.00000100
      1.88670000      0.00000099
      1.88761200      0.00000099
      1.88852400      0.00000098
      1.88943600      0.00000097
      1.89034800      0.00000097
      1.89126000      0.00000096
      1.89217200      0.00000095
      1.89308400      0.00000095
      1.89399600      0.00000094
      1.89490800      0.00000094
      1.89582000      0.00000093
      1.89673200      0.00000092
      1.89764400      0.00000092
      1.89855600      0.00000091
      1.89946800      0.00000090
      1.90038000      0.00000090
      1.90129200      0.00000089
      1.90220400      0.00000089
      1.90311600      0.00000088
      1.90402800      0.00000087
      1.90494000      0.00000087
      1.90585200      0.00000086
      1.90676400      0.00000086
      1.90767600      0.00000085
      1.90858800      0.00000084
      1.90950000      0.00000084
      1.91041200      0.00000083
      1.91132400      0.00000083
      1.91223600      0.00000082
      1.91314800      0.00000082
      1.91406000      0.00000081
      1.91497200      0.00000080
      1.91588400      0.00000080
      1.91679600      0.00000079
      1.91770800      0.00000079
      1.91862000      0.00000078
      1.91953200      0.00000078
      1.92044400      0.00000077
      1.92135600      0.00000077
      1.92226800      0.00000076
      1.92318000      0.00000076
      1.92409200      0.00000075
      1.92500400      0.00000075
      1.92591600      0.00000074
      1.92682800      0.00000073
      1.92774000      0.00000073
      1.92865200      0.00000072
      1.92956400      0.00000072
      1.93047600      0.00000071
      1.93138800      0.00000071
      1.93230000      0.00000070
      1.93321200      0.00000070
      1.93412400      0.00000069
      1.93503600      0.00000069
      1.93594800      0.00000068
      1.93686000      0.00000068
      1.93777200      0.00000068
      1.93868400      0.00000067
      1.93959600      0.00000067
      1.94050800      0.00000066
      1.94142000      0.00000066
      1.94233200      0.00000065
      1.94324400      0.00000065
      1.94415600      0.00000064
      1.94506800      0.00000064
      1.94598000      0.00000063
      1.94689200      0.00000063
      1.94780400      0.00000062
      1.94871600      0.00000062
      1.94962800      0.00000062
      1.95054000      0.00000061
      1.95145200      0.00000061
      1.95236400      0.00000060
      1.95327600      0.00000060
      1.95418800      0.00000059
      1.95510000      0.00000059
      1.95601200      0.00000059
      1.95692400      0.00000058
      1.95783600      0.00000058
      1.95874800      0.00000057
      1.95966000      0.00000057
      1.96057200      0.00000056
      1.96148400      0.00000056
      1.96239600      0.00000056
      1.96330800      0.00000055
      1.96422000      0.00000055
      1.96513200      0.00000054
      1.96604400      0.00000054
      1.96695600      0.00000054
      1.96786800      0.00000053
      1.96878000      0.00000053
      1.96969200      0.00000052
      1.97060400      0.00000052
      1.97151600      0.00000052
      1.97242800      0.00000051
      1.97334000      0.00000051
      1.97425200      0.00000051
      1.97516400      0.00000050
      1.97607600      0.00000050
      1.97698800      0.00000049
      1.97790000      0.00000049
      1.97881200      0.00000049
      1.97972400      0.00000048
      1.98063600      0.00000048
      1.98154800      0.00000048
      1.98246000      0.00000047
      1.98337200      0.00000047
      1.98428400      0.00000047
      1.98519600      0.00000046
      1.98610800      0.00000046
      1.98702000      0.00000046
      1.98793200      0.00000045
      1.98884400      0.00000045
      1.98975600      0.00000045
      1.99066800      0.00000044
      1.99158000      0.00000044
      1.99249200      0.00000044
      1.99340400      0.00000043
      1.99431600      0.00000043
      1.99522800      0.00000043
      1.99614000      0.00000042
      1.99705200      0.00000042
      1.99796400      0.00000042
      1.99887600      0.00000041
      1.99978800      0.00000041
      2.00070000      0.00000041
      2.00161200      0.00000040
      2.00252400      0.00000040
      2.00343600      0.00000040
      2.00434800      0.00000040
      2.00526000      0.00000039
      2.00617200      0.00000039
      2.00708400      0.00000039
      2.00799600      0.00000038
      2.00890800      0.00000038
      2.00982000      0.00000038
      2.01073200      0.00000037
      2.01164400      0.00000037
      2.01255600      0.00000037
      2.01346800      0.00000037
      2.01438000      0.00000036
      2.01529200      0.00000036
      2.01620400      0.00000036
      2.01711600      0.00000036
      2.01802800      0.00000035
      2.01894000      0.00000035
      2.01985200      0.00000035
      2.02076400      0.00000034
      2.02167600      0.00000034
      2.02258800      0.00000034
      2.02350000      0.00000034
      2.02441200      0.00000033
      2.02532400      0.00000033
      2.02623600      0.00000033
      2.02714800      0.00000033
      2.02806000      0.00000032
      2.02897200      0.00000032
      2.02988400      0.00000032
      2.03079600      0.00000032
      2.03170800      0.00000031
      2.03262000      0.00000031
      2.03353200      0.00000031
      2.03444400      0.00000031
      2.03535600      0.00000030
      2.03626800      0.00000030
      2.03718000      0.00000030
      2.03809200      0.00000030
      2.03900400      0.00000029
      2.03991600      0.00000029
      2.04082800      0.00000029
      2.04174000      0.00000029
      2.04265200      0.00000029
      2.04356400      0.00000028
      2.04447600      0.00000028
      2.04538800      0.00000028
      2.04630000      0.00000028
      2.04721200      0.00000027
      2.04812400      0.00000027
      2.04903600      0.00000027
      2.04994800      0.00000027
      2.05086000      0.00000027
      2.05177200      0.00000026
      2.05268400      0.00000026
      2.05359600      0.00000026
      2.05450800      0.00000026
      2.05542000      0.00000026
      2.05633200      0.00000025
      2.05724400      0.00000025
      2.05815600      0.00000025
      2.05906800      0.00000025
      2.05998000      0.00000025
      2.06089200      0.00000024
      2.06180400      0.00000024
      2.06271600      0.00000024
      2.06362800      0.00000024
      2.06454000      0.00000024
      2.06545200      0.00000023
      2.06636400      0.00000023
      2.06727600      0.00000023
      2.06818800      0.00000023
      2.06910000      0.00000023
      2.07001200      0.00000022
      2.07092400      0.00000022
      2.07183600      0.00000022
      2.07274800      0.00000022
      2.07366000      0.00000022
      2.07457200      0.00000022
      2.07548400      0.00000021
      2.07639600      0.00000021
      2.07730800      0.00000021
      2.07822000      0.00000021
      2.07913200      0.00000021
      2.08004400      0.00000021
      2.08095600      0.00000020
      2.08186800      0.00000020
      2.08278000      0.00000020
      2.08369200      0.00000020
      2.08460400      0.00000020
      2.08551600      0.00000020
      2.08642800      0.00000019
      2.08734000      0.00000019
      2.08825200      0.00000019
      2.08916400      0.00000019
      2.09007600      0.00000019
      2.09098800      0.00000019
      2.09190000      0.00000018
      2.09281200      0.00000018
      2.09372400      0.00000018
      2.09463600      0.00000018
      2.09554800      0.00000018
      2.09646000      0.00000018
      2.09737200      0.00000018
      2.09828400      0.00000017
      2.09919600      0.00000017
      2.10010800      0.00000017
      2.10102000      0.00000017
      2.10193200      0.00000017
      2.10284400      0.00000017
      2.10375600      0.00000017
      2.10466800      0.00000016
      2.10558000      0.00000016
      2.10649200      0.00000016
      2.10740400      0.00000016
      2.10831600      0.00000016
      2.10922800      0.00000016
      2.11014000      0.00000016
      2.11105200      0.00000015
      2.11196400      0.00000015
      2.11287600      0.00000015
      2.11378800      0.00000015
      2.11470000      0.00000015
      2.11561200      0.00000015
      2.11652400      0.00000015
      2.11743600      0.00000015
      2.11834800      0.00000014
      2.11926000      0.00000014
      2.12017200      0.00000014
      2.12108400      0.00000014
      2.12199600      0.00000014
      2.12290800      0.00000014
      2.12382000      0.00000014
      2.12473200      0.00000014
      2.12564400      0.00000014
      2.12655600      0.00000013
      2.12746800      0.00000013
      2.12838000      0.00000013
      2.12929200      0.00000013
      2.13020400      0.00000013
      2.13111600      0.00000013
      2.13202800      0.00000013
      2.13294000      0.00000013
      2.13385200      0.00000012
      2.13476400      0.00000012
      2.13567600      0.00000012
      2.13658800      0.00000012
      2.13750000      0.00000012
      2.13841200      0.00000012
      2.13932400      0.00000012
      2.14023600      0.00000012
      2.14114800      0.00000012
      2.14206000      0.00000012
      2.14297200      0.00000011
