     13.82360918        0.999526    0.000000    @   1  File:  17
     15.32818811        0.999500    0.000000    @   1  File:  17
    147.57434692        0.694012    0.000000    @   1  File:  17
    154.86221472        0.253598    0.000000    @   1  File:  17
    155.25136219        0.001380    0.000000    @   1  File:  17
    156.06552711        0.001915    0.000000    @   1  File:  17
    156.35400156        0.084120    0.000000    @   1  File:  17
    157.01684665        0.000612    0.000000    @   0  File:  17
    157.47545936        0.015291    0.000000    @   1  File:  17
    157.93399984        0.032245    0.000000    @   1  File:  17
    157.95334714        0.001727    0.000000    @   1  File:  17
    158.22163702        0.006152    0.000000    @   1  File:  17
    158.79218638        0.003957    0.000000    @   1  File:  17
    159.83129495        0.001086    0.000092    @   1  File:  17
    159.96779632        0.000000    0.506986    @   0  File:  17
    160.14664310        0.052126    0.000000    @   1  File:  17
    160.81020619        0.106664    0.000000    @   1  File:  17
    160.96058528        0.004192    0.001145    @   1  File:  17
    161.06121581        0.003111    0.001555    @   1  File:  17
    161.25129449        0.010804    0.000000    @   1  File:  17
    161.29645671        0.001229    0.000014    @   1  File:  17
    161.80356383        0.000005    0.000182    @   0  File:  17
    162.20808645        0.000902    0.003295    @   0  File:  17
    162.89858774        0.002620    0.000013    @   1  File:  17
    162.94547177        0.006386    0.014957    @   1  File:  17
    163.06912668        0.000144    0.105747    @   0  File:  17
    163.15494992        0.027405    0.000007    @   1  File:  17
    163.31043493        0.000005    0.004252    @   0  File:  17
    163.63475120        0.000160    0.000075    @   0  File:  17
    163.78245303        0.000127    0.011037    @   0  File:  17
    163.94611212        0.000489    0.000030    @   0  File:  17
    164.30230532        0.001648    0.019647    @   1  File:  17
    164.52317078        0.000084    0.000536    @   0  File:  17
    164.58775241        0.002637    0.111510    @   1  File:  17
    164.73727500        0.001632    0.144285    @   1  File:  17
    165.30878782        0.000183    0.004197    @   0  File:  17
    165.46215213        0.000875    0.000748    @   0  File:  17
    165.83407092        0.001308    0.226849    @   1  File:  17
    165.90345331        0.001572    0.000432    @   1  File:  17
    165.98002995        0.000166    0.613076    @   0  File:  17
    166.52481763        0.000009    0.008991    @   0  File:  17
    166.54003680        0.000020    0.035858    @   0  File:  17
    167.55471627        0.000801    0.008323    @   0  File:  17
    167.74043638        0.001351    0.070067    @   1  File:  17
    167.86188049        0.002605    0.006913    @   1  File:  17
    168.13610259        0.000068    0.052600    @   0  File:  17
    168.15395636        0.000058    0.075023    @   0  File:  17
    168.58292530        0.000249    0.251350    @   0  File:  17
    168.99587522        0.000231    0.097125    @   0  File:  17
    169.09384442        0.000015    0.124879    @   0  File:  17
    169.32597651        0.001093    0.045308    @   1  File:  17
    169.45176689        0.009836    0.050710    @   1  File:  17
    169.86273117        0.004278    0.036031    @   1  File:  17
    170.20827714        0.000289    0.064115    @   0  File:  17
    170.22534601        0.000246    0.064555    @   0  File:  17
    170.66901598        0.000366    0.224858    @   0  File:  17
    170.96098601        0.006295    0.099317    @   1  File:  17
    171.01263004        0.010497    0.031978    @   1  File:  17
    171.15537140        0.000248    0.201826    @   0  File:  17
    171.78662968        0.008233    0.032216    @   1  File:  17
    171.87770159        0.001167    0.153386    @   1  File:  17
    172.01976247        0.001844    0.178401    @   1  File:  17
    172.58064787        0.000043    0.177752    @   0  File:  17
    173.23071907        0.000198    0.218489    @   0  File:  17
    173.34163269        0.007524    0.037041    @   1  File:  17
    173.60322577        0.022504    0.061355    @   1  File:  17
    174.02970233        0.000490    0.225064    @   0  File:  17
    174.33485419        0.028705    0.016009    @   1  File:  17
    174.51567931        0.000382    0.214528    @   0  File:  17
    175.05926572        0.002918    0.239785    @   1  File:  17
    175.65570838        0.001121    0.158264    @   1  File:  17
    175.76009355        0.000065    0.242770    @   0  File:  17
    176.28336256        0.008445    0.164193    @   1  File:  17
    176.70038078        0.012839    0.035238    @   1  File:  17
    177.26446118        0.000026    0.109714    @   0  File:  17
    177.31728656        0.000101    0.146426    @   0  File:  17
    177.83809489        0.004834    0.173836    @   1  File:  17
    178.00929164        0.041040    0.043073    @   1  File:  17
    179.23740164        0.002007    0.123288    @   1  File:  17
    179.29414411        0.000672    0.156954    @   0  File:  17
    179.47124474        0.011450    0.175930    @   1  File:  17
    179.68235081        0.007052    0.145668    @   1  File:  17
    180.23501245        0.008619    0.220974    @   1  File:  17
    180.72775127        0.000294    0.168629    @   0  File:  17
    180.89431137        0.000238    0.174185    @   0  File:  17
    181.20741431        0.002994    0.179995    @   1  File:  17
    181.37826836        0.000941    0.276991    @   0  File:  17
    182.64118216        0.000129    0.327707    @   0  File:  17
    183.15677214        0.000011    0.239133    @   0  File:  17
    183.30641697        0.000162    0.210768    @   0  File:  17
    183.90552497        0.005729    0.284981    @   1  File:  17
    184.13940940        0.000678    0.297641    @   0  File:  17
    185.10390863        0.021955    0.200271    @   1  File:  17
    185.26203014        0.001830    0.208801    @   0  File:  17
    185.89374347        0.006282    0.099820    @   1  File:  17
    186.04376017        0.000199    0.226307    @   0  File:  17
    186.30010589        0.074531    0.078475    @   1  File:  17
    186.69878916        0.014896    0.191958    @   1  File:  17
    187.07101813        0.001956    0.265465    @   1  File:  17
    188.00505581        0.000835    0.302756    @   0  File:  17
    188.19334228        0.000008    0.232028    @   0  File:  17
    188.77360189        0.011969    0.179554    @   1  File:  17
    189.29167185        0.000108    0.196950    @   0  File:  17
    190.06708610        0.000511    0.119142    @   0  File:  17
    190.35928229        0.005783    0.169802    @   1  File:  17
    190.42918295        0.000003    0.237109    @   0  File:  17
    192.25607410        0.000046    0.406876    @   0  File:  17
    192.67970288        0.000024    0.248173    @   0  File:  17
    193.76529669        0.000863    0.333473    @   0  File:  17
    194.06612534        0.002773    0.131515    @   1  File:  17
    194.34208845        0.000175    0.244795    @   0  File:  17
    195.29749607        0.000072    0.187345    @   0  File:  17
    195.58015544        0.003570    0.288696    @   1  File:  17
    195.78776375        0.000833    0.178747    @   0  File:  17
    196.18841965        0.003880    0.329019    @   2  File:  17
    197.02372222        0.005040    0.289966    @   1  File:  17
    197.12340167        0.000116    0.324574    @   0  File:  17
    198.04953336        0.006018    0.415818    @   1  File:  17
    198.54717500        0.000108    0.097875    @   0  File:  17
    198.89778851        0.003267    0.251178    @   2  File:  17
    199.35719502        0.001674    0.370332    @   1  File:  17
    199.74288823        0.000972    0.476245    @   0  File:  17
    201.38282121        0.000211    0.361602    @   0  File:  17
    201.82571455        0.000021    0.340824    @   0  File:  17
    202.39705701        0.002846    0.315214    @   2  File:  17
    202.80579392        0.040725    0.143813    @   1  File:  17
    203.14122373        0.003274    0.208911    @   2  File:  17
    204.04056684        0.023346    0.221153    @   2  File:  17
    204.17257040        0.044383    0.144281    @   2  File:  17
    204.52721234        0.000080    0.301388    @   0  File:  17
    205.26050298        0.002041    0.386244    @   1  File:  17
    206.60301189        0.001211    0.378488    @   1  File:  17
    206.88745890        0.000604    0.292506    @   0  File:  17
    207.08399427        0.002982    0.244228    @   1  File:  17
    208.29358299        0.000049    0.203410    @   0  File:  17
    208.88079766        0.000340    0.483710    @   0  File:  17
    209.23207359        0.000364    0.349902    @   0  File:  17
    209.61517388        0.004721    0.206621    @   1  File:  17
    211.09230193        0.000459    0.326666    @   0  File:  17
    211.94915573        0.036090    0.195728    @   1  File:  17
    212.41046793        0.002753    0.588643    @   1  File:  17
    212.73816753        0.000138    0.428546    @   0  File:  17
    213.16771905        0.000754    0.379138    @   0  File:  17
    214.22271591        0.003016    0.320949    @   1  File:  17
    214.61014062        0.001574    0.558855    @   1  File:  17
    215.24456888        0.000329    0.517317    @   0  File:  17
    215.88556622        0.000415    0.465621    @   0  File:  17
    216.68381845        0.001127    0.357003    @   1  File:  17
    216.97985945        0.000358    0.288289    @   0  File:  17
    217.39827104        0.000220    0.450468    @   0  File:  17
    218.08528622        0.004253    0.043024    @   1  File:  17
    219.53511943        0.000174    0.424367    @   0  File:  17
    219.67396943        0.001919    0.331261    @   1  File:  17
    220.90370009        0.000158    0.736888    @   0  File:  17
    221.48691137        0.000055    0.451280    @   0  File:  17
    222.74487026        0.000064    0.539232    @   0  File:  17
    223.77158718        0.000096    0.405723    @   0  File:  17
    224.26322301        0.000028    0.694229    @   0  File:  17
    225.75173622        0.005148    0.086558    @   1  File:  17
    226.10828491        0.000152    0.291602    @   0  File:  17
    226.31396223        0.000010    0.270538    @   0  File:  17
    228.01260323        0.000104    0.381930    @   0  File:  17
    228.56644213        0.000073    0.520252    @   0  File:  17
    228.72441042        0.000163    0.285140    @   0  File:  17
    229.40691451        0.000146    0.300609    @   0  File:  17
    229.49759582        0.000131    0.276163    @   0  File:  17
    230.24704560        0.000105    0.405446    @   0  File:  17
    230.90999868        0.003118    0.069065    @   1  File:  17
    233.29381961        0.000003    0.914043    @   0  File:  17
    236.41800629        0.000008    0.222683    @   0  File:  17
    236.89012738        0.000219    0.273218    @   0  File:  17
    237.31841352        0.000072    0.283955    @   0  File:  17
    237.83004268        0.000481    0.341750    @   0  File:  17
    238.44132741        0.002323    0.080366    @   1  File:  17
    238.87484659        0.001396    0.172270    @   1  File:  17
    239.43227354        0.000075    0.393138    @   0  File:  17
    239.92943805        0.000425    0.370232    @   0  File:  17
    242.60088281        0.000494    0.409301    @   0  File:  17
    243.06587187        0.004285    0.241209    @   1  File:  17
    243.29062303        0.001003    0.292058    @   1  File:  17
    244.55534387        0.003684    0.483464    @   2  File:  17
    244.99165632        0.010151    0.184937    @   1  File:  17
    245.69311403        0.002761    0.482164    @   1  File:  17
    246.01923734        0.000217    0.458576    @   0  File:  17
    247.55440054        0.000031    0.409445    @   0  File:  17
    248.02405071        0.000417    0.530429    @   0  File:  17
    249.19633315        0.000717    0.332180    @   0  File:  17
    249.56347585        0.000165    0.517930    @   0  File:  17
    251.47290291        0.000028    0.410298    @   0  File:  17
    252.22302454        0.000374    0.336438    @   0  File:  17
    252.32295108        0.000082    0.309030    @   0  File:  17
    252.98265711        0.000808    0.361529    @   0  File:  17
    254.26052797        0.000002    0.542678    @   0  File:  17
    255.59901855        0.000071    0.380148    @   0  File:  17
    256.05799874        0.001464    0.398160    @   1  File:  17
    256.48470427        0.001739    0.356351    @   1  File:  17
    257.33245555        0.000032    0.487685    @   0  File:  17
    259.09374234        0.000682    0.561825    @   0  File:  17
    259.22652614        0.000305    0.541719    @   0  File:  17
    261.31349165        0.000240    0.520163    @   0  File:  17
    262.05797487        0.000072    0.371507    @   0  File:  17
    262.38587263        0.000193    0.413030    @   0  File:  17
    262.93559582        0.000723    0.458859    @   0  File:  17
    264.27582636        0.000435    0.370637    @   0  File:  17
    264.87803918        0.000206    0.409320    @   0  File:  17
    265.47032978        0.000107    0.480569    @   0  File:  17
    267.22971127        0.001193    0.571040    @   1  File:  17
    268.59708708        0.000574    0.569401    @   0  File:  17
    269.10293368        0.001147    0.386285    @   0  File:  17
    269.76874336        0.000208    0.332365    @   0  File:  17
    270.13996187        0.001614    0.441724    @   1  File:  17
    271.42606321        0.003181    0.448618    @   1  File:  17
    273.00468322        0.000330    0.570428    @   0  File:  17
    273.47265323        0.001127    0.591575    @   0  File:  17
    273.80639935        0.000099    0.460266    @   0  File:  17
    275.16127729        0.000718    0.498164    @   0  File:  17
    276.44671421        0.000099    0.450044    @   0  File:  17
    277.12279259        0.000754    0.577117    @   0  File:  17
    277.82127626        0.000030    0.377139    @   0  File:  17
    278.74828933        0.000814    0.560046    @   0  File:  17
    280.68315561        0.000230    0.583252    @   0  File:  17
    281.17226039        0.000551    0.565618    @   0  File:  17
    281.80702467        0.000036    0.458707    @   0  File:  17
    282.77329525        0.000343    0.478075    @   0  File:  17
    283.66874671        0.000694    0.392569    @   0  File:  17
    284.64296981        0.000561    0.528854    @   0  File:  17
    285.61302112        0.000041    0.478606    @   0  File:  17
    285.90992965        0.000157    0.436075    @   0  File:  17
    287.12294473        0.000204    0.662975    @   0  File:  17
    288.20586656        0.000199    0.751699    @   0  File:  17
    289.16181305        0.001089    0.317902    @   1  File:  17
    290.58433876        0.002004    0.433044    @   1  File:  17
    291.21403718        0.000049    0.412141    @   0  File:  17
    292.08092370        0.000300    0.755984    @   0  File:  17
    292.70169220        0.000013    0.370849    @   0  File:  17
    295.54870722        0.000092    0.798237    @   0  File:  17
    297.62495666        0.000043    0.470279    @   0  File:  17
    298.12739765        0.000347    0.437922    @   0  File:  17
    298.33058455        0.000117    0.434752    @   0  File:  17
    299.26546109        0.000214    0.744392    @   0  File:  17
    301.98585332        0.000019    0.327797    @   0  File:  17
    302.08120367        0.000124    0.513607    @   0  File:  17
    302.61565655        0.000706    0.317549    @   0  File:  17
    304.12873358        0.000638    0.660251    @   0  File:  17
    305.27153355        0.002746    0.220062    @   1  File:  17
    305.81666642        0.000679    0.628785    @   0  File:  17
    306.65971076        0.000081    0.607832    @   0  File:  17
    307.47022952        0.000033    0.557088    @   0  File:  17
    308.99699184        0.000033    0.787583    @   0  File:  17
    310.00289974        0.000055    0.566742    @   0  File:  17
    311.08711520        0.000007    0.625307    @   0  File:  17
    312.72758320        0.000072    0.918954    @   0  File:  17
    314.19267252        0.000007    0.785908    @   0  File:  17
    315.04179039        0.000320    0.506376    @   0  File:  17
    315.35416492        0.000287    0.390281    @   0  File:  17
    316.31352189        0.000426    0.440503    @   0  File:  17
    318.25234377        0.000301    0.591192    @   0  File:  17
    318.95282874        0.000252    0.556698    @   0  File:  17
    319.49265008        0.000040    0.627800    @   0  File:  17
    320.39136266        0.000107    0.795563    @   0  File:  17
    322.86351361        0.000023    0.624503    @   0  File:  17
    323.74777201        0.000096    0.567463    @   0  File:  17
    324.18262355        0.000009    0.663089    @   0  File:  17
    325.87178419        0.000092    0.838545    @   0  File:  17
    326.70780008        0.000016    0.609826    @   0  File:  17
    328.27374467        0.000064    0.710594    @   0  File:  17
    328.94869504        0.000179    0.358982    @   0  File:  17
    329.86578591        0.000201    0.643954    @   0  File:  17
    330.39467569        0.000028    0.568124    @   0  File:  17
    332.87839712        0.000206    0.659959    @   0  File:  17
    333.56611701        0.000729    0.278346    @   0  File:  17
    334.15313300        0.001256    0.500728    @   1  File:  17
    336.61075822        0.000114    0.964877    @   0  File:  17
    337.05936812        0.000003    0.754399    @   0  File:  17
    338.43965056        0.000220    0.535369    @   0  File:  17
    338.91220096        0.000179    0.472808    @   0  File:  17
    339.98227257        0.000032    0.444129    @   0  File:  17
    340.47879678        0.000023    0.913654    @   0  File:  17
    342.61911126        0.001098    0.287630    @   1  File:  17
    344.06776227        0.001078    0.115176    @   1  File:  17
    344.54601545        0.001060    0.204057    @   1  File:  17
    345.36061340        0.000138    0.642162    @   0  File:  17
    347.42807948        0.000688    0.611326    @   0  File:  17
    348.18664975        0.002175    0.275001    @   1  File:  17
    350.72038451        0.000172    0.572408    @   0  File:  17
    351.29295539        0.000054    0.529686    @   0  File:  17
    351.88121968        0.000119    0.615936    @   0  File:  17
    352.84613273        0.000762    0.307525    @   0  File:  17
    356.41258952        0.000018    0.830111    @   0  File:  17
    356.62585571        0.000410    0.518599    @   0  File:  17
    356.97473276        0.000424    0.274772    @   0  File:  17
    358.30694505        0.000221    0.615653    @   0  File:  17
    359.97523839        0.000008    0.882315    @   0  File:  17
    361.24920351        0.000210    0.586685    @   0  File:  17
    361.90525620        0.001735    0.385330    @   1  File:  17
    362.48616640        0.002008    0.381155    @   1  File:  17
    363.06952319        0.000121    0.234509    @   0  File:  17
    363.75834820        0.001656    0.513426    @   1  File:  17
    364.30376778        0.001364    0.531386    @   0  File:  17
    365.76046044        0.000458    0.766418    @   0  File:  17
    368.13632174        0.000017    0.721531    @   0  File:  17
    368.77846556        0.000143    0.713917    @   0  File:  17
    369.61550948        0.000064    0.913418    @   0  File:  17
    372.26058758        0.000141    0.942249    @   0  File:  17
    373.48425686        0.000037    0.233746    @   0  File:  17
    373.75705454        0.000103    0.478711    @   0  File:  17
    374.23356631        0.000122    0.610220    @   0  File:  17
    375.68523763        0.000300    0.771795    @   0  File:  17
    379.30465303        0.000062    0.496272    @   0  File:  17
    379.89401841        0.000208    0.371798    @   0  File:  17
    380.20912978        0.000230    0.194859    @   0  File:  17
    380.36300668        0.000241    0.283760    @   0  File:  17
    384.68333533        0.000071    0.670871    @   0  File:  17
    384.90818188        0.000004    0.700863    @   0  File:  17
    386.15741543        0.000008    0.609823    @   0  File:  17
    387.08161740        0.000039    0.617011    @   0  File:  17
    388.88560511        0.000003    0.804720    @   0  File:  17
    390.19416089        0.000044    0.676832    @   0  File:  17
    390.89316654        0.000247    0.375609    @   0  File:  17
    391.68359790        0.000094    0.613821    @   0  File:  17
    393.23458577        0.000002    0.645004    @   0  File:  17
    394.51589791        0.000008    0.767824    @   0  File:  17
    396.07086635        0.000198    0.362996    @   0  File:  17
    396.41298203        0.000183    0.351023    @   0  File:  17
    397.18237748        0.000011    0.567471    @   0  File:  17
    399.45672977        0.000023    0.977646    @   0  File:  17
    402.03689160        0.000533    0.606259    @   0  File:  17
    402.60921323        0.000710    0.335370    @   0  File:  17
    403.92983187        0.000063    0.617267    @   0  File:  17
    404.43598475        0.000382    0.617458    @   0  File:  17
    405.32998232        0.000107    0.601426    @   0  File:  17
    406.16454007        0.000535    0.257925    @   0  File:  17
    409.30342080        0.000002    0.545257    @   0  File:  17
    409.95337450        0.000032    0.700559    @   0  File:  17
    410.76046786        0.000066    0.700796    @   0  File:  17
    412.41249173        0.000140    0.532113    @   0  File:  17
    413.16031363        0.000007    1.040854    @   0  File:  17
    414.48408080        0.000122    0.806706    @   0  File:  17
    416.22466340        0.000049    0.541359    @   0  File:  17
    416.70203596        0.000116    0.602853    @   0  File:  17
    417.81093096        0.000011    0.639253    @   0  File:  17
    419.71752188        0.000073    0.898946    @   0  File:  17
    421.84610280        0.000103    0.515947    @   0  File:  17
    422.15160037        0.000159    0.451429    @   0  File:  17
    422.95459254        0.000451    0.523886    @   0  File:  17
    423.92669327        0.000117    0.736567    @   0  File:  17
    425.57358605        0.000199    0.681523    @   0  File:  17
    426.80497872        0.000228    0.654784    @   0  File:  17
    427.68374420        0.000181    0.472810    @   0  File:  17
    428.80003275        0.000132    0.508937    @   0  File:  17
    430.06764373        0.000277    0.424273    @   0  File:  17
    430.95509072        0.000222    0.952419    @   0  File:  17
    432.91393631        0.000061    0.327549    @   0  File:  17
    433.80709128        0.000045    0.525103    @   0  File:  17
    434.10871580        0.000117    0.674038    @   0  File:  17
    435.18293169        0.000106    0.666225    @   0  File:  17
    437.07014166        0.000750    0.487109    @   0  File:  17
    438.42377004        0.000646    0.470712    @   0  File:  17
    438.77939483        0.000093    0.240164    @   0  File:  17
    439.85972929        0.000176    0.402294    @   0  File:  17
    440.85843011        0.000003    0.468649    @   0  File:  17
    442.05264068        0.000190    0.241043    @   0  File:  17
    443.30232201        0.000142    0.183656    @   0  File:  17
    444.13249506        0.000015    0.495902    @   0  File:  17
    446.23344546        0.000014    0.512465    @   0  File:  17
    448.18564589        0.000012    0.227643    @   0  File:  17
    449.52733684        0.000002    0.903276    @   0  File:  17
    451.33492864        0.000015    0.193059    @   0  File:  17
    451.50470479        0.000073    0.017115    @   0  File:  17
    458.66965472        0.000002    1.955824    @   0  File:  17
    460.72097755        0.000035    0.308630    @   0  File:  17
    462.59513785        0.000041    0.121203    @   0  File:  17
    462.75012145        0.000075    0.429840    @   0  File:  17
    464.23481572        0.000023    0.007206    @   0  File:  17
    466.36729734        0.000044    1.310109    @   0  File:  17
    467.52093013        0.000024    0.458319    @   0  File:  17
    468.86593182        0.000109    0.723616    @   0  File:  17
    470.37578865        0.000048    0.759380    @   0  File:  17
    471.20300435        0.000020    0.643286    @   0  File:  17
    472.27341009        0.000024    0.567282    @   0  File:  17
    473.74399974        0.000039    0.323540    @   0  File:  17
    474.88952600        0.000027    1.236850    @   0  File:  17
    475.93868213        0.000032    0.724381    @   0  File:  17
    477.94628527        0.000009    0.147326    @   0  File:  17
    479.11080163        0.000183    0.596579    @   0  File:  17
    479.89937236        0.000021    0.755201    @   0  File:  17
    480.91705917        0.000018    0.678094    @   0  File:  17
    482.15303866        0.000055    0.747511    @   0  File:  17
    483.03964275        0.000344    0.429378    @   0  File:  17
    483.64826055        0.000001    0.452969    @   0  File:  17
    484.00773908        0.000028    0.600269    @   0  File:  17
    485.94071364        0.000032    0.741018    @   0  File:  17
    487.00934687        0.000008    0.246282    @   0  File:  17
    487.40046309        0.000050    0.536177    @   0  File:  17
    490.66055533        0.000018    1.290829    @   0  File:  17
    490.90797103        0.000000    0.647808    @   0  File:  17
    491.76205656        0.000141    0.292960    @   0  File:  17
    494.97499867        0.000005    0.916114    @   0  File:  17
    495.93632440        0.000000    0.343692    @   0  File:  17
    496.18963224        0.000005    0.715387    @   0  File:  17
    498.82545982        0.000032    0.987774    @   0  File:  17
    499.48123633        0.000022    0.982784    @   0  File:  17
    499.86813156        0.000019    0.273111    @   0  File:  17
    502.30388161        0.000018    1.023789    @   0  File:  17
    503.80534286        0.000023    0.404737    @   0  File:  17
    506.52496744        0.000018    0.898411    @   0  File:  17
    507.39722219        0.000008    0.712736    @   0  File:  17
    508.53878915        0.000018    0.799834    @   0  File:  17
    509.20384991        0.000012    0.685293    @   0  File:  17
    509.90493050        0.000007    0.336840    @   0  File:  17
    510.62237522        0.000011    1.061316    @   0  File:  17
    512.16090026        0.000036    0.378988    @   0  File:  17
    512.72894782        0.000004    0.750947    @   0  File:  17
    514.37184095        0.000006    0.870024    @   0  File:  17
    514.69328071        0.000000    0.232434    @   0  File:  17
    517.63706293        0.000003    0.843414    @   0  File:  17
    518.13048926        0.000002    0.752316    @   0  File:  17
    519.43469663        0.000019    0.228021    @   0  File:  17
    519.58565148        0.000021    0.180259    @   0  File:  17
    521.19487794        0.000066    0.058761    @   0  File:  17
    521.32088319        0.000000    0.388117    @   0  File:  17
    522.21467367        0.000000    0.271369    @   0  File:  17
    526.73408891        0.000003    0.076343    @   0  File:  17
    528.37987747        0.000005    0.590957    @   0  File:  17
    528.93891301        0.000000    2.202991    @   0  File:  17
    537.13826389        0.000000    0.030786    @   0  File:  17
    537.52926217        0.000001    0.368321    @   0  File:  17
    537.89047487        0.000004    0.044803    @   0  File:  17
    538.15481983        0.000016    0.193372    @   0  File:  17
    541.22253797        0.000005    1.054444    @   0  File:  17
    541.32161937        0.000002    0.054637    @   0  File:  17
    541.68836280        0.000005    0.067873    @   0  File:  17
    542.44870394        0.000006    0.588189    @   0  File:  17
    543.13054076        0.000002    1.547495    @   0  File:  17
    543.38164851        0.000001    0.023927    @   0  File:  17
    544.12450604        0.000002    1.596541    @   0  File:  17
    546.78348059        0.000038    0.289700    @   0  File:  17
    551.66128641        0.000027    0.164970    @   0  File:  17
    551.87745914        0.000016    0.068997    @   0  File:  17
    552.79090268        0.000020    0.031788    @   0  File:  17
    554.04151794        0.000000    0.115239    @   0  File:  17
    554.14224870        0.000002    0.118245    @   0  File:  17
    555.35394657        0.000027    0.030999    @   0  File:  17
    555.43155682        0.000012    0.256314    @   0  File:  17
    556.28447332        0.000002    0.668976    @   0  File:  17
    558.77230016        0.000018    0.031966    @   0  File:  17
    563.27680163        0.000000    1.297015    @   0  File:  17
    566.18547808        0.000001    0.476273    @   0  File:  17
    567.97005325        0.000005    0.996884    @   0  File:  17
    568.21538621        0.000007    0.216463    @   0  File:  17
    568.82159760        0.000005    1.292465    @   0  File:  17
    569.39944342        0.000021    0.501098    @   0  File:  17
    569.61363136        0.000006    1.267344    @   0  File:  17
    573.94885582        0.000001    0.114145    @   0  File:  17
    574.61034547        0.000002    0.344294    @   0  File:  17
    578.58589600        0.000000    0.032070    @   0  File:  17
    578.99541151        0.000000    0.320659    @   0  File:  17
    579.84997220        0.000001    1.153218    @   0  File:  17
    580.00038130        0.000002    0.479220    @   0  File:  17
    582.78097761        0.000001    1.840784    @   0  File:  17
    584.28215425        0.000001    0.447982    @   0  File:  17
    586.58943521        0.000017    0.830991    @   0  File:  17
    586.94940184        0.000000    1.006187    @   0  File:  17
    588.15706162        0.000002    0.229650    @   0  File:  17
    589.18937021        0.000006    0.664004    @   0  File:  17
    589.61014644        0.000015    0.316828    @   0  File:  17
    589.86516459        0.000003    0.871517    @   0  File:  17
    590.03700253        0.000009    0.816591    @   0  File:  17
    590.91169030        0.000010    0.596357    @   0  File:  17
    591.75782916        0.000013    0.281860    @   0  File:  17
    593.62110794        0.000006    0.810487    @   0  File:  17
    593.71809429        0.000014    1.405355    @   0  File:  17
    594.28632298        0.000006    0.309775    @   0  File:  17
    594.68195152        0.000017    0.653582    @   0  File:  17
    595.41970675        0.000047    0.320462    @   0  File:  17
    595.52190224        0.000058    0.363688    @   0  File:  17
    596.29945834        0.000004    1.086149    @   0  File:  17
    598.03904132        0.000031    1.026361    @   0  File:  17
    598.57712960        0.000001    0.105087    @   0  File:  17
    600.33775002        0.000091    0.688225    @   0  File:  17
    600.77802996        0.000011    0.110758    @   0  File:  17
    601.57340754        0.000004    0.149618    @   0  File:  17
    601.99040423        0.000021    0.766352    @   0  File:  17
    603.01280339        0.000002    0.074022    @   0  File:  17
    603.23439323        0.000004    0.017345    @   0  File:  17
    603.72899277        0.000000    1.213109    @   0  File:  17
    604.21081070        0.000048    0.359326    @   0  File:  17
    607.09009632        0.000001    1.796393    @   0  File:  17
    607.48086747        0.000003    0.002739    @   0  File:  17
    608.07908450        0.000006    0.003471    @   0  File:  17
    608.15086025        0.000002    1.128711    @   0  File:  17
    608.21790553        0.000018    0.560688    @   0  File:  17
    610.11128569        0.000001    2.416875    @   0  File:  17
    610.57239767        0.000002    1.339989    @   0  File:  17
    614.81352537        0.000224    0.000000    @   0  File:  17
    626.57232694        0.000000    3.462243    @   0  File:  17
    628.36185630        0.000001    0.001811    @   0  File:  17
    629.56855513        0.000000    0.004404    @   0  File:  17
    630.69476590        0.000001    0.000000    @   0  File:  17
    631.65521677        0.000007    0.000363    @   0  File:  17
    638.08075011        0.000002    0.000284    @   0  File:  17
    638.30133303        0.000002    0.000000    @   0  File:  17
    640.13245572        0.000000    0.000337    @   0  File:  17
    640.32032645        0.000009    0.000000    @   0  File:  17
    641.58825595        0.000000    0.000000    @   0  File:  17
    642.08004955        0.000001    0.000353    @   0  File:  17
    643.49472709        0.000003    0.000297    @   0  File:  17
    654.00618924        0.000002    0.000055    @   0  File:  17
    657.47930158        0.000003    0.000000    @   0  File:  17
    663.77108646        0.000000    0.000000    @   0  File:  17
    665.48613040        0.000002    0.000191    @   0  File:  17
    667.24013552        0.000003    0.000000    @   0  File:  17
    668.46901146        0.000034    0.000144    @   0  File:  17
    669.17320154        0.000000    0.543301    @   0  File:  17
    669.76054409        0.000008    0.000329    @   0  File:  17
    672.49506635        0.000058    0.000047    @   0  File:  17
    676.57990635        0.000006    0.000000    @   0  File:  17
    677.42806698        0.000000    0.005137    @   0  File:  17
    682.16745590        0.000000    0.000583    @   0  File:  17
    683.44108708        0.000008    0.000000    @   0  File:  17
    683.90904260        0.000101    0.000000    @   0  File:  17
    687.15553309        0.000000    0.000002    @   0  File:  17
    688.03988697        0.000000    0.087754    @   0  File:  17
    691.20612030        0.000000    2.668769    @   0  File:  17
    692.63658677        0.000000    0.000000    @   0  File:  17
    693.38651833        0.000000    2.390654    @   0  File:  17
    693.53506799        0.000000    0.444954    @   0  File:  17
    696.09648550        0.000000    0.150658    @   0  File:  17
    698.81655652        0.000001    0.136723    @   0  File:  17
    699.26091263        0.000007    0.000000    @   0  File:  17
    700.85010080        0.000000    0.873952    @   0  File:  17
    703.84375262        0.000038    0.000000    @   0  File:  17
    704.75849783        0.000001    0.210723    @   0  File:  17
    705.15031419        0.000033    0.123839    @   0  File:  17
    705.60170405        0.000004    0.000001    @   0  File:  17
    706.23087000        0.000005    0.244896    @   0  File:  17
    706.63063665        0.000007    0.000003    @   0  File:  17
    707.00741422        0.000009    0.381410    @   0  File:  17
    707.37961678        0.000000    0.000011    @   0  File:  17
    708.26648662        0.000006    0.000002    @   0  File:  17
    709.19445748        0.000023    0.562059    @   0  File:  17
    709.90048916        0.000048    0.448039    @   0  File:  17
    710.28456875        0.000001    0.000007    @   0  File:  17
    711.26683195        0.000003    0.254051    @   0  File:  17
    711.26684469        0.000079    0.000913    @   0  File:  17
    711.73304342        0.000004    0.477297    @   0  File:  17
    712.38260234        0.000011    0.000000    @   0  File:  17
    713.14667231        0.000000    0.159557    @   0  File:  17
    713.91454320        0.000007    0.252534    @   0  File:  17
    715.19951680        0.000038    0.000000    @   0  File:  17
    716.28809393        0.000025    0.043016    @   0  File:  17
    720.11830823        0.000017    0.006035    @   0  File:  17
    735.01948726        0.000000    3.216425    @   0  File:  17
    736.26305530        0.000000    0.000004    @   0  File:  17
    736.87001540        0.000000    0.693240    @   0  File:  17
    737.74264074        0.000000    0.238033    @   0  File:  17
    737.87279468        0.000001    0.000000    @   0  File:  17
    738.50430104        0.000000    0.000001    @   0  File:  17
    738.78303910        0.000000    0.362110    @   0  File:  17
    739.65243988        0.000001    0.231481    @   0  File:  17
    740.47276004        0.000000    0.000000    @   0  File:  17
    740.55736342        0.000000    0.224338    @   0  File:  17
    740.62672973        0.000000    0.000001    @   0  File:  17
    741.10411130        0.000001    0.222842    @   0  File:  17
    742.49453837        0.000000    0.145542    @   0  File:  17
    744.25801669        0.000015    0.037102    @   0  File:  17
    745.20100643        0.000001    0.000000    @   0  File:  17
    745.25127974        0.000000    0.275540    @   0  File:  17
    747.34062392        0.000000    0.893706    @   0  File:  17
    748.67589099        0.000000    0.169387    @   0  File:  17
    748.70137077        0.000000    0.000000    @   0  File:  17
    749.35203180        0.000007    0.000000    @   0  File:  17
    749.37788368        0.000006    0.062106    @   0  File:  17
    750.47138738        0.000000    0.503635    @   0  File:  17
    751.32940132        0.000000    0.740885    @   0  File:  17
    751.70352834        0.000000    0.212506    @   0  File:  17
    752.13797553        0.000000    0.000000    @   0  File:  17
    752.24950979        0.000000    0.059921    @   0  File:  17
    752.61136491        0.000000    0.038316    @   0  File:  17
    753.76661262        0.000000    0.015794    @   0  File:  17
    756.14596899        0.000000    0.002418    @   0  File:  17
    756.16115926        0.000008    0.000000    @   0  File:  17
    761.56099206        0.000002    0.000000    @   0  File:  17
    763.15308963        0.000000    0.000004    @   0  File:  17
    767.03746129        0.000000    0.000018    @   0  File:  17
    767.50388883        0.000007    0.000000    @   0  File:  17
    768.20261552        0.000001    0.000011    @   0  File:  17
    794.51423996        0.000000    0.000000    @   0  File:  17
    805.05974615        0.000000    0.000000    @   0  File:  17
    858.06493130        0.000000    0.000000    @   0  File:  17
    858.53310625        0.000000    0.000000    @   0  File:  17
    860.87803839        0.000000    0.000000    @   0  File:  17
    861.82869275        0.000000    0.000000    @   0  File:  17
    862.49626568        0.000000    0.000000    @   0  File:  17
    862.75892130        0.000002    0.000000    @   0  File:  17
    863.56241096        0.000001    0.000000    @   0  File:  17
    864.31722847        0.000000    0.000000    @   0  File:  17
    865.46439053        0.000014    0.000000    @   0  File:  17
    865.77344963        0.000025    0.000000    @   0  File:  17
    866.01672353        0.000010    0.000000    @   0  File:  17
    887.97096597        0.000000    0.000000    @   0  File:  17
    889.35283057        0.000007    0.000000    @   0  File:  17
    890.42264916        0.000007    0.000000    @   0  File:  17
    897.89000030        0.000000    0.000000    @   0  File:  17
    902.20007583        0.000014    0.000000    @   0  File:  17
    902.74331801        0.000013    0.000000    @   0  File:  17
    905.54456130        0.000001    0.000000    @   0  File:  17
    910.30009978        0.000000    0.000000    @   0  File:  17
    911.90310991        0.000000    0.000000    @   0  File:  17
    912.19743305        0.000000    0.000000    @   0  File:  17
    914.84549525        0.000000    0.000007    @   0  File:  17
    918.19168568        0.000000    0.000008    @   0  File:  17
    918.22375483        0.000000    0.000000    @   0  File:  17
    918.53806892        0.000000    0.000010    @   0  File:  17
    921.07706749        0.000000    0.000013    @   0  File:  17
    922.75513604        0.000000    0.000157    @   0  File:  17
    923.32411354        0.000000    0.000018    @   0  File:  17
    923.43967512        0.000000    0.000000    @   0  File:  17
    924.58680289        0.000000    0.000270    @   0  File:  17
    925.86923305        0.000000    0.000033    @   0  File:  17
    926.28280121        0.000000    0.000653    @   0  File:  17
    926.87321385        0.000000    0.000000    @   0  File:  17
    926.98252928        0.000000    0.000052    @   0  File:  17
    930.10386345        0.000001    0.000000    @   0  File:  17
    931.20878386        0.000000    0.000012    @   0  File:  17
    944.22869031        0.000000    0.000084    @   0  File:  17
    945.74942009        0.000000    0.000002    @   0  File:  17
    947.35232050        0.000000    0.020663    @   0  File:  17
    947.85886767        0.000000    0.030793    @   0  File:  17
    948.35125059        0.000000    0.000034    @   0  File:  17
    948.59214430        0.000000    0.020564    @   0  File:  17
    951.02509778        0.000000    0.000347    @   0  File:  17
    951.13116582        0.000000    0.000568    @   0  File:  17
    951.18663999        0.000000    0.099043    @   0  File:  17
    951.25444454        0.000000    0.172378    @   0  File:  17
    952.46459951        0.000000    0.344947    @   0  File:  17
    952.73683188        0.000000    0.004247    @   0  File:  17
    953.08644205        0.000000    0.163276    @   0  File:  17
    953.13040903        0.000001    0.004019    @   0  File:  17
    953.39548960        0.000000    0.011815    @   0  File:  17
    953.51191883        0.000000    0.315817    @   0  File:  17
    953.96097060        0.000000    0.510519    @   0  File:  17
    954.26129247        0.000000    0.001163    @   0  File:  17
    956.51465531        0.000000    0.324522    @   0  File:  17
    957.14314713        0.000000    0.178324    @   0  File:  17
    957.77201316        0.000000    0.021155    @   0  File:  17
    958.28098948        0.000007    0.106356    @   0  File:  17
    958.52808802        0.000000    0.010573    @   0  File:  17
    959.52260720        0.000000    0.200213    @   0  File:  17
    960.43168512        0.000000    0.016405    @   0  File:  17
    960.67511929        0.000000    0.001305    @   0  File:  17
    961.39424307        0.000006    0.138065    @   0  File:  17
    961.96200187        0.000002    0.071545    @   0  File:  17
    961.96264944        0.000001    0.124730    @   0  File:  17
    962.44562836        0.000003    0.015737    @   0  File:  17
    963.22491547        0.000003    0.278088    @   0  File:  17
    963.26731915        0.000001    0.071594    @   0  File:  17
    964.83004781        0.000001    0.482900    @   0  File:  17
    965.03286121        0.000000    0.273618    @   0  File:  17
    965.48156791        0.000000    0.177644    @   0  File:  17
    966.35001935        0.000000    0.240110    @   0  File:  17
    967.14235351        0.000002    0.125108    @   0  File:  17
    967.31321523        0.000001    0.225641    @   0  File:  17
    967.38837640        0.000000    0.089343    @   0  File:  17
    967.79975907        0.000000    0.129468    @   0  File:  17
    968.77163510        0.000001    0.076265    @   0  File:  17
    968.86118649        0.000000    0.084431    @   0  File:  17
    969.04274345        0.000001    0.177616    @   0  File:  17
    969.40525490        0.000000    0.361740    @   0  File:  17
    969.82806167        0.000001    0.094183    @   0  File:  17
    970.01477587        0.000000    0.045030    @   0  File:  17
    970.55743600        0.000003    0.017177    @   0  File:  17
    971.24493935        0.000000    0.268287    @   0  File:  17
    971.54799574        0.000009    0.034614    @   0  File:  17
    972.14665183        0.000001    0.007396    @   0  File:  17
    973.12566839        0.000000    0.022593    @   0  File:  17
    973.94044515        0.000001    0.920062    @   0  File:  17
    974.26122980        0.000001    1.020041    @   0  File:  17
    975.10398606        0.000001    0.083337    @   0  File:  17
    976.10743213        0.000002    0.000365    @   0  File:  17
    977.26234758        0.000000    0.453495    @   0  File:  17
    978.14978384        0.000001    0.000518    @   0  File:  17
    978.32967410        0.000000    0.247234    @   0  File:  17
    978.38562416        0.000000    0.001168    @   0  File:  17
    978.83229573        0.000000    0.174365    @   0  File:  17
    979.42363062        0.000000    0.000354    @   0  File:  17
    980.01244964        0.000000    0.099142    @   0  File:  17
    980.24510408        0.000000    0.000018    @   0  File:  17
    980.54509313        0.000000    0.000132    @   0  File:  17
    980.80776452        0.000000    0.047065    @   0  File:  17
    982.25356448        0.000000    0.152378    @   0  File:  17
    982.36011290        0.000000    0.000017    @   0  File:  17
    982.67547110        0.000001    0.012170    @   0  File:  17
    982.91903797        0.000001    0.068369    @   0  File:  17
    983.35000791        0.000000    0.067034    @   0  File:  17
    983.94395036        0.000001    0.000003    @   0  File:  17
    984.07468859        0.000000    0.008726    @   0  File:  17
    985.07380770        0.000012    0.000000    @   0  File:  17
    992.30425614        0.000001    0.000001    @   0  File:  17
    992.36536018        0.000000    0.000137    @   0  File:  17
    993.31285086        0.000000    0.000001    @   0  File:  17
    993.45119782        0.000000    0.000040    @   0  File:  17
    993.79394686        0.000000    0.000006    @   0  File:  17
    994.02688663        0.000002    0.000000    @   0  File:  17
    995.60834361        0.000000    0.000002    @   0  File:  17
   1010.39819801        0.000000    0.000000    @   0  File:  17
   1015.17903000        0.000000    0.000000    @   0  File:  17
   1015.48641437        0.000000    0.000000    @   0  File:  17
   1016.03293615        0.000000    0.000000    @   0  File:  17
   1016.74750689        0.000000    0.000000    @   0  File:  17
   1018.61569636        0.000000    0.000000    @   0  File:  17
   1019.12144393        0.000000    0.000000    @   0  File:  17
   1020.74026886        0.000000    0.000000    @   0  File:  17
   1020.92727039        0.000000    0.000000    @   0  File:  17
   1021.83634529        0.000000    0.000000    @   0  File:  17
   1021.99670542        0.000000    0.000000    @   0  File:  17
   1022.38975100        0.000000    0.000000    @   0  File:  17
   1023.26519242        0.000000    0.000000    @   0  File:  17
   1023.49600145        0.000000    0.000000    @   0  File:  17
   1026.75168331        0.000000    0.000000    @   0  File:  17
   1032.45716195        0.000001    0.000000    @   0  File:  17
   1032.62423484        0.000001    0.000000    @   0  File:  17
   1035.94162986        0.000000    0.000000    @   0  File:  17
   1036.17631122        0.000000    0.000000    @   0  File:  17
   1037.63127116        0.000000    0.000000    @   0  File:  17
   1061.94281710        0.000000    0.000000    @   0  File:  17
   1062.46251007        0.000000    0.000000    @   0  File:  17
   1063.38075786        0.000000    0.000000    @   0  File:  17
   1078.88713897        0.000000    0.000000    @   0  File:  17
   1079.78606933        0.000000    0.000000    @   0  File:  17
   1081.25297414        0.000000    0.000000    @   0  File:  17
   1082.45421776        0.000001    0.000000    @   0  File:  17
   1100.53872002        0.000000    0.000000    @   0  File:  17
   1100.54585866        0.000000    0.000000    @   0  File:  17
   1102.48495674        0.000000    0.000000    @   0  File:  17
   1104.41577545        0.000000    0.000000    @   0  File:  17
   1104.98179575        0.000000    0.000000    @   0  File:  17
   1105.20141351        0.000003    0.000000    @   0  File:  17
   1106.42045223        0.000000    0.000000    @   0  File:  17
   1107.08019355        0.000000    0.000000    @   0  File:  17
   1107.17751763        0.000000    0.000000    @   0  File:  17
   1108.83165940        0.000001    0.000000    @   0  File:  17
   1110.00416813        0.000001    0.000000    @   0  File:  17
   1114.29577241        0.000000    0.000000    @   0  File:  17
   1114.87446294        0.000000    0.000000    @   0  File:  17
   1115.55985319        0.000000    0.000000    @   0  File:  17
   1116.69126765        0.000000    0.000000    @   0  File:  17
   1119.51520134        0.000000    0.000000    @   0  File:  17
   1120.39651973        0.000000    0.000000    @   0  File:  17
   1121.29616819        0.000000    0.000000    @   0  File:  17
   1121.49277650        0.000001    0.000000    @   0  File:  17
   1126.40779057        0.000000    0.000000    @   0  File:  17
   1126.91095290        0.000001    0.000000    @   0  File:  17
   1131.76513152        0.000001    0.000000    @   0  File:  17
   1133.42757902        0.000000    0.000000    @   0  File:  17
   1135.15694640        0.000005    0.000000    @   0  File:  17
   1136.41581257        0.000000    0.000000    @   0  File:  17
   1138.08370679        0.000002    0.000000    @   0  File:  17
   1138.82866682        0.000002    0.000000    @   0  File:  17
   1142.49415131        0.000002    0.000000    @   0  File:  17
   1144.10528265        0.000000    0.000000    @   0  File:  17
   1147.56770323        0.000006    0.000000    @   0  File:  17
   1147.98255032        0.000000    0.000000    @   0  File:  17
   1159.91952027        0.000000    0.000000    @   0  File:  17
   1169.80665173        0.000002    0.000000    @   0  File:  17
   1174.92007488        0.000001    0.000000    @   0  File:  17
   1175.17854712        0.000001    0.000000    @   0  File:  17
   1181.51657187        0.000001    0.000000    @   0  File:  17
   1191.65444220        0.000000    0.000000    @   0  File:  17
   1191.80285688        0.000000    0.000000    @   0  File:  17
   1243.46589789        0.000000    0.000000    @   0  File:  17
   1268.82197780        0.000000    0.000000    @   0  File:  17
