     12.42649410        0.936380    0.000000    @   1  File:   2
     12.42649415        0.936380    0.000000    @   1  File:   3
     21.29100382        0.626710    0.000000    @   1  File:   1
     25.25833313        0.000005    0.000000    @   0  File:   1
     25.25833314        0.000005    0.000000    @   0  File:   4
     25.25833318        0.000005    0.000000    @   0  File:   1
     26.48047457        0.000007    0.000000    @   0  File:   1
     26.48047459        0.000007    0.000000    @   0  File:   4
     26.48047465        0.000007    0.000000    @   0  File:   1
     27.16177064        0.000124    0.000000    @   0  File:   2
     27.16177071        0.000124    0.000000    @   0  File:   3
     27.48819462        0.018794    0.000000    @   1  File:   1
     27.98749222        0.000006    0.000000    @   0  File:   1
     27.98749227        0.000006    0.000000    @   0  File:   4
     27.98749228        0.000006    0.000000    @   0  File:   1
     28.49534430        0.000110    0.000000    @   0  File:   1
     28.49534431        0.000110    0.000000    @   0  File:   4
     28.49534434        0.000110    0.000000    @   0  File:   1
     29.11262099        0.011337    0.000000    @   1  File:   2
     29.11262104        0.011337    0.000000    @   1  File:   3
     29.29215711        0.160336    0.000000    @   1  File:   1
     29.91300322        0.000957    0.000000    @   0  File:   3
     29.91300330        0.000957    0.000000    @   0  File:   2
     30.61347355        0.000035    0.000020    @   0  File:   1
     30.61347356        0.000035    0.000000    @   0  File:   4
     30.61347377        0.000035    0.000162    @   0  File:   1
     30.87570968        0.000000    0.000203    @   0  File:   3
     30.87570997        0.000000    0.000024    @   0  File:   2
     30.87571043        0.000000    0.000251    @   0  File:   3
     30.87641319        0.002794    0.000000    @   1  File:   2
     30.87641326        0.002794    0.000000    @   1  File:   3
     31.16909881        0.000000    0.000000    @   0  File:   4
     31.16910925        0.000000    0.001130    @   0  File:   1
     31.17353787        0.000000    0.030955    @   0  File:   1
     31.36973834        0.000000    0.058623    @   0  File:   1
     31.55891331        0.000013    0.003416    @   0  File:   1
     31.55893548        0.000013    0.000000    @   0  File:   4
     31.55946767        0.000013    0.013988    @   0  File:   1
     31.78923652        0.045889    0.000000    @   1  File:   1
     31.80480177        0.000017    0.000000    @   0  File:   2
     31.80480181        0.000017    0.000000    @   0  File:   3
     31.87880546        0.000000    0.045377    @   0  File:   2
     31.88224650        0.003861    0.000000    @   1  File:   2
     31.88224651        0.003861    0.000000    @   1  File:   3
     32.07498878        0.000001    0.380007    @   0  File:   1
     32.22771858        0.000000    0.002356    @   0  File:   4
     32.23181406        0.000034    0.000000    @   0  File:   4
     32.23250854        0.000034    0.016487    @   0  File:   1
     32.23873917        0.000034    0.064642    @   0  File:   1
     32.24253391        0.003401    0.000000    @   1  File:   2
     32.24253391        0.003401    0.000000    @   1  File:   3
     32.52835951        0.004040    0.000000    @   1  File:   1
     32.80116757        0.000020    0.000000    @   0  File:   4
     32.81099958        0.000020    0.041134    @   0  File:   1
     32.83388911        0.000021    0.057547    @   0  File:   1
     32.95309712        0.000000    0.137800    @   0  File:   1
     32.95486797        0.000000    0.000841    @   0  File:   2
     32.95488427        0.000000    0.001950    @   0  File:   3
     32.96542360        0.000000    0.000000    @   0  File:   4
     32.99197901        0.000441    0.000000    @   0  File:   2
     32.99197952        0.000441    0.000000    @   0  File:   3
     33.17549411        0.000000    0.041993    @   0  File:   1
     33.27508690        0.001417    0.000000    @   1  File:   2
     33.27508712        0.001417    0.000000    @   1  File:   3
     33.30103912        0.000006    0.000003    @   0  File:   4
     33.30230711        0.000000    0.008176    @   0  File:   4
     33.36479827        0.000000    0.048948    @   0  File:   2
     33.37516857        0.000006    0.083040    @   0  File:   1
     33.37925546        0.000516    0.000001    @   0  File:   2
     33.37925570        0.000516    0.000000    @   0  File:   3
     33.39618092        0.024625    0.000001    @   1  File:   1
     33.39902231        0.000000    0.027621    @   0  File:   3
     33.46974789        0.000005    0.255459    @   0  File:   1
     33.90456763        0.000004    0.381086    @   0  File:   1
     34.08817842        0.000000    0.000002    @   0  File:   4
     34.17635813        0.000000    0.026724    @   0  File:   4
     34.18702921        0.000000    0.000003    @   0  File:   2
     34.18702951        0.000000    0.000001    @   0  File:   3
     34.18825511        0.000035    0.000002    @   0  File:   4
     34.21192195        0.000000    0.071309    @   0  File:   2
     34.24339661        0.000043    0.102707    @   0  File:   1
     34.24411806        0.000000    0.032792    @   0  File:   3
     34.25530349        0.000000    0.042106    @   0  File:   2
     34.28380176        0.000770    0.000000    @   0  File:   1
     34.29584694        0.000000    0.082748    @   0  File:   3
     34.30964200        0.000047    0.068734    @   0  File:   1
     34.48550118        0.005524    0.000000    @   1  File:   2
     34.48550118        0.005524    0.000000    @   1  File:   3
     34.57211823        0.000023    0.000000    @   0  File:   4
     34.63499694        0.000011    0.406421    @   0  File:   1
     34.63558683        0.000000    0.008661    @   0  File:   2
     34.63621773        0.000000    0.006590    @   0  File:   3
     34.65670174        0.000389    0.000000    @   0  File:   2
     34.65670187        0.000389    0.000001    @   0  File:   3
     34.91327697        0.003027    0.000001    @   1  File:   2
     34.91327886        0.003027    0.000000    @   1  File:   3
     34.95060006        0.000013    0.315184    @   0  File:   1
     35.08686922        0.000006    0.141849    @   0  File:   1
     35.23489549        0.000028    0.247917    @   0  File:   1
     35.26522325        0.000000    0.088987    @   0  File:   2
     35.26653131        0.000000    0.009222    @   0  File:   4
     35.27701420        0.000000    0.035468    @   0  File:   3
     35.27905669        0.000028    0.000001    @   0  File:   4
     35.29496494        0.016292    0.000004    @   1  File:   1
     35.36833873        0.000018    0.283420    @   0  File:   1
     35.43411650        0.008477    0.000000    @   1  File:   1
     35.57841011        0.000705    0.000001    @   0  File:   3
     35.57841101        0.000705    0.000000    @   0  File:   2
     35.69247805        0.000000    0.165831    @   0  File:   3
     35.82788058        0.000000    0.041829    @   0  File:   2
     35.82994115        0.000000    0.042684    @   0  File:   2
     35.83160629        0.000000    0.008208    @   0  File:   3
     35.94333017        0.002257    0.000001    @   1  File:   3
     35.94333043        0.002257    0.000004    @   1  File:   2
     36.05919621        0.000000    0.093636    @   0  File:   3
     36.05971326        0.000000    0.051364    @   0  File:   2
     36.11105439        0.000000    0.285304    @   0  File:   3
     36.22057535        0.000007    0.408267    @   0  File:   1
     36.47158777        0.000009    0.000000    @   0  File:   4
     36.47680371        0.000009    0.025321    @   0  File:   1
     36.72939558        0.000001    0.000000    @   0  File:   4
     37.02352868        0.000003    0.316385    @   0  File:   1
     37.03900944        0.000000    0.000079    @   0  File:   4
     37.21283684        0.000052    0.215797    @   0  File:   1
     37.21312317        0.000200    0.000000    @   0  File:   3
     37.21312879        0.000200    0.000000    @   0  File:   2
     37.27236365        0.000053    0.000000    @   0  File:   4
     37.27800508        0.000052    0.051337    @   0  File:   1
     37.28569434        0.000000    0.000109    @   0  File:   4
     38.03738125        0.000002    0.000001    @   0  File:   1
     38.13041427        0.000000    0.058691    @   0  File:   1
     38.29775768        0.000051    0.279354    @   0  File:   1
     38.35206152        0.018851    0.000004    @   1  File:   1
     38.39353255        0.000056    0.000000    @   0  File:   4
     38.39811704        0.000056    0.025262    @   0  File:   1
     38.41545185        0.000000    0.000019    @   0  File:   4
     38.47516819        0.001654    0.000000    @   1  File:   3
     38.47516824        0.001654    0.000000    @   1  File:   2
     38.63135629        0.003792    0.000000    @   1  File:   3
     38.63135630        0.003792    0.000000    @   1  File:   2
     38.96179031        0.000013    0.513187    @   0  File:   1
     39.56454899        0.000002    0.000000    @   0  File:   2
     39.56454900        0.000002    0.000000    @   0  File:   3
     39.58181872        0.000012    0.000000    @   0  File:   4
     39.63705300        0.000013    0.110288    @   0  File:   1
     40.06124529        0.000039    0.117401    @   0  File:   1
     40.12287231        0.000033    0.000000    @   0  File:   4
     40.13923445        0.000031    0.077905    @   0  File:   1
     40.61429829        0.001512    0.000000    @   1  File:   1
     41.91729955        0.000034    0.000000    @   0  File:   2
     41.91729966        0.000034    0.000000    @   0  File:   3
     41.93098093        0.000002    0.447977    @   0  File:   1
     42.47686324        0.000067    0.000001    @   0  File:   2
     42.47686327        0.000067    0.000000    @   0  File:   3
     42.62970033        0.000000    0.000512    @   0  File:   4
     42.66384630        0.000022    0.000000    @   0  File:   4
     42.68221424        0.000023    0.075193    @   0  File:   1
     42.73664901        0.000000    0.002517    @   0  File:   4
     42.78071004        0.001043    0.000001    @   1  File:   2
     42.78071010        0.001043    0.000000    @   1  File:   3
     42.79191322        0.000026    0.137551    @   0  File:   1
     43.19277340        0.006129    0.000000    @   1  File:   1
     43.35867211        0.000000    0.000022    @   0  File:   4
     43.38121420        0.000000    0.144379    @   0  File:   2
     43.46897965        0.000000    0.036871    @   0  File:   1
     43.52003659        0.000294    0.000002    @   0  File:   2
     43.52003689        0.000294    0.000002    @   0  File:   3
     43.60409747        0.018194    0.000002    @   1  File:   1
     43.64507974        0.000004    0.000033    @   0  File:   4
     43.66558321        0.000000    0.056516    @   0  File:   4
     43.86126902        0.000319    0.000001    @   0  File:   4
     43.86314488        0.000324    0.035376    @   0  File:   1
     43.88695670        0.000328    0.050999    @   0  File:   1
     43.95988286        0.000681    0.000001    @   0  File:   3
     43.95988297        0.000681    0.000000    @   0  File:   2
     44.07935365        0.000000    0.008909    @   0  File:   4
     44.35924510        0.000015    0.000005    @   0  File:   2
     44.35924521        0.000015    0.000002    @   0  File:   3
     44.51992878        0.000663    0.000002    @   0  File:   1
     44.67945207        0.000003    0.000002    @   0  File:   4
     44.75075805        0.001952    0.000000    @   1  File:   3
     44.75075833        0.001952    0.000001    @   1  File:   2
     44.95479850        0.000021    0.000001    @   0  File:   4
     45.11832305        0.000045    0.150136    @   0  File:   1
     45.21607083        0.000019    0.000001    @   0  File:   4
     45.23062764        0.004585    0.000001    @   1  File:   1
     45.29622324        0.003586    0.000003    @   1  File:   2
     45.29622326        0.003586    0.000001    @   1  File:   3
     45.43803272        0.000050    0.156665    @   0  File:   1
     45.54151523        0.001456    0.000001    @   1  File:   3
     45.54151557        0.001456    0.000003    @   1  File:   2
     45.56603433        0.000695    0.000001    @   0  File:   3
     45.56603526        0.000695    0.000008    @   0  File:   2
     45.60393893        0.000003    0.000005    @   0  File:   4
     45.83626028        0.000000    0.685220    @   0  File:   2
     45.91366008        0.000000    0.456470    @   0  File:   3
     45.92803651        0.005679    0.000001    @   1  File:   1
     46.40881878        0.000034    0.000000    @   0  File:   4
     46.48504317        0.000036    0.206042    @   0  File:   1
     46.54181504        0.000000    0.138853    @   0  File:   3
     46.79909433        0.000000    0.489676    @   0  File:   2
     46.80953623        0.000213    0.000000    @   0  File:   3
     46.80953683        0.000213    0.000087    @   0  File:   2
     46.95138511        0.000268    0.000001    @   0  File:   3
     46.95138583        0.000268    0.000008    @   0  File:   2
     47.27226163        0.000031    0.083433    @   0  File:   1
     47.28413601        0.000025    0.000000    @   0  File:   4
     47.31621558        0.000093    0.219871    @   0  File:   1
     47.40437498        0.000000    0.014718    @   0  File:   4
     47.45618270        0.000718    0.000002    @   0  File:   1
     47.59177780        0.000008    0.000002    @   0  File:   2
     47.59177789        0.000008    0.000002    @   0  File:   3
     47.94547170        0.001090    0.000000    @   1  File:   3
     47.94547186        0.001090    0.000001    @   1  File:   2
     47.98678836        0.000159    0.000000    @   0  File:   4
     48.06785008        0.000197    0.097011    @   0  File:   1
     48.25557631        0.000040    0.000000    @   0  File:   4
     48.34286676        0.000172    0.201324    @   0  File:   1
     48.42784821        0.001167    0.000000    @   1  File:   3
     48.42784823        0.001167    0.000000    @   1  File:   2
     48.47941225        0.006744    0.000001    @   1  File:   1
     49.13244125        0.000000    0.000000    @   0  File:   4
     49.34042462        0.000013    0.000004    @   0  File:   2
     49.34042471        0.000013    0.000002    @   0  File:   3
     49.47843624        0.000172    0.000003    @   0  File:   3
     49.47843686        0.000172    0.000009    @   0  File:   2
     49.60810983        0.000000    0.235556    @   0  File:   2
     49.64283339        0.000000    0.050980    @   0  File:   3
     49.65280166        0.002635    0.000004    @   1  File:   1
     49.68459848        0.000017    0.000000    @   0  File:   4
     49.77884054        0.000000    0.204254    @   0  File:   2
     49.83901893        0.000126    0.000000    @   0  File:   4
     49.88863810        0.000152    0.176517    @   0  File:   1
     50.15787743        0.000682    0.000000    @   0  File:   3
     50.15787971        0.000682    0.000002    @   0  File:   2
     50.36167887        0.000470    0.000004    @   0  File:   1
     50.38912997        0.000297    0.161884    @   0  File:   1
     50.46350334        0.000059    0.000001    @   0  File:   2
     50.46350344        0.000059    0.000002    @   0  File:   3
     50.59750027        0.000000    0.000001    @   0  File:   4
     50.65276291        0.001118    0.000005    @   1  File:   1
     50.94244586        0.000328    0.000000    @   0  File:   4
     50.94686316        0.000307    0.146042    @   0  File:   1
     51.41988788        0.000000    0.023899    @   0  File:   3
     51.42579615        0.000000    0.038516    @   0  File:   2
     51.49199775        0.000809    0.000001    @   0  File:   3
     51.49199892        0.000809    0.000002    @   0  File:   2
     51.49717996        0.000203    0.173532    @   0  File:   1
     51.59586795        0.000000    0.102307    @   0  File:   2
     51.99105040        0.002748    0.000078    @   1  File:   1
     52.01596383        0.000068    0.207110    @   0  File:   1
     52.19832311        0.000062    0.000000    @   0  File:   4
     52.33109726        0.000000    0.000089    @   0  File:   4
     53.13603136        0.000099    0.000000    @   0  File:   2
     53.13603140        0.000099    0.000000    @   0  File:   3
     54.02635567        0.000036    0.910305    @   0  File:   1
     54.27769981        0.000413    0.000001    @   0  File:   3
     54.27770219        0.000413    0.000000    @   0  File:   2
     54.34888277        0.000474    0.088114    @   0  File:   1
     54.37876454        0.000474    0.000000    @   0  File:   4
     54.39267830        0.000443    0.246110    @   0  File:   1
     54.47694864        0.000000    0.008565    @   0  File:   3
     54.47748955        0.000000    0.007762    @   0  File:   2
     55.20753614        0.000000    0.021540    @   0  File:   2
     55.20805144        0.000000    0.015560    @   0  File:   3
     55.21480629        0.000001    0.000001    @   0  File:   1
     55.41430053        0.000000    0.268721    @   0  File:   2
     55.48017611        0.000010    0.000000    @   0  File:   4
     55.61926417        0.000000    0.428514    @   0  File:   2
     55.65056284        0.000007    0.283594    @   0  File:   1
     55.72406350        0.000005    0.000000    @   0  File:   4
     55.74364863        0.000348    0.000001    @   0  File:   3
     55.74365194        0.000348    0.000002    @   0  File:   2
     55.91208506        0.000029    0.370574    @   0  File:   1
     56.19751606        0.000017    0.393724    @   0  File:   1
     56.92924532        0.003332    0.000000    @   1  File:   1
     57.46243584        0.000529    0.000000    @   0  File:   3
     57.46243668        0.000529    0.000000    @   0  File:   2
     57.66688012        0.000052    0.000000    @   0  File:   4
     58.31133200        0.007903    0.000000    @   1  File:   1
     58.63261930        0.000282    0.288862    @   0  File:   1
     58.86954256        0.000518    0.166543    @   0  File:   1
     58.94566690        0.000000    0.002340    @   0  File:   4
     59.15338648        0.000657    0.000000    @   0  File:   4
     59.42366660        0.000404    0.358061    @   0  File:   1
     59.72188001        0.000000    0.003529    @   0  File:   3
     59.72217519        0.000000    0.008051    @   0  File:   2
     59.73539584        0.000386    0.000003    @   0  File:   3
     59.73539856        0.000386    0.000006    @   0  File:   2
     59.83139736        0.000000    0.120963    @   0  File:   3
     60.19918537        0.000094    0.000016    @   0  File:   1
     60.22304266        0.000215    0.243808    @   0  File:   1
     60.27741667        0.000000    0.064246    @   0  File:   2
     60.34953863        0.000756    0.231592    @   0  File:   1
     60.37148600        0.000000    0.000005    @   0  File:   4
     60.59251679        0.000547    0.435077    @   0  File:   1
     60.70419414        0.000823    0.000000    @   0  File:   4
     61.00435246        0.000142    0.000008    @   0  File:   3
     61.00435285        0.000142    0.000000    @   0  File:   2
     61.04765457        0.000560    0.000002    @   0  File:   3
     61.04765459        0.000560    0.000000    @   0  File:   2
     61.74253429        0.000252    0.000007    @   0  File:   1
     61.83373047        0.000572    0.407614    @   0  File:   1
     61.90950602        0.000715    0.237349    @   0  File:   1
     62.04157231        0.000337    0.000000    @   0  File:   4
     62.10244822        0.000032    0.000001    @   0  File:   4
     62.25414236        0.000002    0.000000    @   0  File:   2
     62.25414238        0.000002    0.000000    @   0  File:   3
     62.37712183        0.000261    0.000007    @   0  File:   1
     62.40365638        0.000181    0.000000    @   0  File:   4
     62.51826070        0.000133    0.410908    @   0  File:   1
     63.02821634        0.000118    0.000000    @   0  File:   4
     63.14756334        0.000008    0.000000    @   0  File:   3
     63.14756447        0.000008    0.000000    @   0  File:   2
     63.17874173        0.000006    0.000002    @   0  File:   1
     63.55694667        0.000232    0.216024    @   0  File:   1
     63.58222408        0.000212    0.204452    @   0  File:   1
     64.03734843        0.000106    0.000000    @   0  File:   4
     64.55694774        0.000096    0.000000    @   0  File:   3
     64.55695019        0.000096    0.000000    @   0  File:   2
     65.00727570        0.000028    0.000000    @   0  File:   3
     65.00727880        0.000028    0.000000    @   0  File:   2
     65.69014794        0.000040    0.000000    @   0  File:   3
     65.69014816        0.000040    0.000000    @   0  File:   2
     66.04945592        0.000056    0.000000    @   0  File:   1
     67.06133320        0.000401    0.216639    @   0  File:   1
     67.08050765        0.000405    0.224597    @   0  File:   1
     67.10805319        0.000409    0.000000    @   0  File:   4
     67.59539751        0.000010    1.763967    @   0  File:   1
     68.92499512        0.000022    1.044698    @   0  File:   1
     70.74299743        0.867231    0.004252    @   2  File:   1
     70.74302607        0.867259    0.000000    @   1  File:   4
     70.74306899        0.867270    0.005328    @   2  File:   1
     71.76451092        0.000035    0.000000    @   0  File:   3
     71.76451286        0.000035    0.000000    @   0  File:   2
     72.46529892        0.003827    0.109273    @   1  File:   1
     72.47969334        0.003819    0.000000    @   1  File:   4
     72.48605915        0.003799    0.048036    @   1  File:   1
     72.86832596        0.000192    0.000003    @   0  File:   3
     72.86832688        0.000192    0.000000    @   0  File:   2
     72.89134377        0.000000    0.360062    @   0  File:   3
     73.48835037        0.000007    0.000000    @   0  File:   3
     73.48835050        0.000007    0.000000    @   0  File:   2
     74.94386254        0.001522    0.384472    @   1  File:   1
     75.00083854        0.001581    0.029864    @   1  File:   1
     75.00157571        0.001594    0.000000    @   1  File:   4
     75.20964905        0.000402    0.000000    @   0  File:   2
     75.20964914        0.000402    0.000000    @   0  File:   3
     75.37193905        0.000020    0.538104    @   0  File:   1
     75.91029308        0.000102    1.325256    @   0  File:   1
     76.80069200        0.000001    0.000000    @   0  File:   3
     76.80069270        0.000001    0.000000    @   0  File:   2
     77.06260604        0.000056    0.345510    @   0  File:   1
     77.20787068        0.000230    0.000000    @   0  File:   1
     77.22256519        0.000066    0.000000    @   0  File:   4
     77.40725413        0.000045    0.368157    @   0  File:   1
     77.76799828        0.000087    0.000000    @   0  File:   3
     77.76799941        0.000087    0.000000    @   0  File:   2
     77.97627485        0.000011    1.023062    @   0  File:   1
     80.73941696        0.000001    1.201443    @   0  File:   1
     81.99712732        0.000183    0.000000    @   0  File:   4
     82.00288697        0.000183    0.045700    @   0  File:   1
     82.00879502        0.000182    0.105554    @   0  File:   1
     85.67020663        0.000000    0.000000    @   0  File:   4
     86.25213860        0.000783    0.000000    @   0  File:   1
     86.40142330        0.000003    0.000000    @   0  File:   4
     87.16464477        0.000009    0.000000    @   0  File:   1
     88.07854004        0.000032    0.444895    @   0  File:   1
     88.49602913        0.000081    0.494805    @   0  File:   1
     88.99653485        0.000178    0.000000    @   0  File:   4
     89.03398714        0.000001    0.000000    @   0  File:   3
     89.03398716        0.000001    0.000002    @   0  File:   2
     89.26901381        0.000162    0.277234    @   0  File:   1
     89.56462767        0.000119    0.548420    @   0  File:   1
     89.66997569        0.000098    0.000006    @   0  File:   2
     89.66997575        0.000098    0.000000    @   0  File:   3
     90.80218707        0.000385    0.000030    @   0  File:   1
     90.89317662        0.000071    0.000007    @   0  File:   3
     90.89317662        0.000071    0.000021    @   0  File:   2
     91.29538716        0.000110    0.000011    @   0  File:   3
     91.29538717        0.000110    0.000030    @   0  File:   2
     91.42210228        0.000024    0.000001    @   0  File:   4
     91.66566511        0.000042    0.000008    @   0  File:   3
     91.66566511        0.000042    0.000018    @   0  File:   2
     92.06916880        0.000008    0.000026    @   0  File:   4
     92.11527868        0.000224    0.000011    @   0  File:   3
     92.11527868        0.000224    0.000024    @   0  File:   2
     92.46910005        0.000368    0.000012    @   0  File:   2
     92.46910011        0.000368    0.000006    @   0  File:   3
     93.06373656        0.000001    0.037335    @   0  File:   4
     93.19236848        0.000056    1.391669    @   0  File:   1
     93.19859454        0.000008    0.059046    @   0  File:   4
     93.27431341        0.000058    0.019101    @   0  File:   4
     93.79600611        0.000415    0.000887    @   0  File:   1
     93.90850998        0.000201    0.000159    @   0  File:   1
     93.96940520        0.000061    0.005262    @   0  File:   4
     94.26489506        0.000065    0.038763    @   0  File:   1
     94.29739537        0.000485    0.987347    @   0  File:   1
     94.41173210        0.000673    0.798923    @   0  File:   1
     94.45799206        0.000002    0.042952    @   0  File:   4
     94.70619032        0.000802    0.000111    @   0  File:   2
     94.70619033        0.000802    0.000012    @   0  File:   3
     94.95686599        0.000072    0.009145    @   0  File:   4
     95.73894611        0.014752    0.000975    @   1  File:   4
     95.84353485        0.016079    0.203456    @   2  File:   1
     95.87724217        0.016110    0.216356    @   2  File:   1
     96.25829764        0.000001    0.105391    @   0  File:   2
     96.25993621        0.000001    0.010099    @   0  File:   3
     96.51790773        0.000443    0.020688    @   0  File:   4
     96.59684091        0.000016    1.008271    @   0  File:   2
     96.64966632        0.000060    0.005188    @   0  File:   3
     96.68594556        0.000049    0.806365    @   0  File:   2
     97.07619210        0.000965    0.044975    @   0  File:   4
     97.09121614        0.000009    0.029095    @   0  File:   3
     97.13113427        0.000021    0.211427    @   0  File:   2
     97.19060876        0.000062    0.047268    @   0  File:   3
     97.37319096        0.000121    0.691602    @   0  File:   2
     97.50490902        0.000009    0.120020    @   0  File:   3
     97.55064669        0.000054    0.193475    @   0  File:   2
     97.55875230        0.002283    0.058883    @   1  File:   4
     97.62490178        0.000402    0.026421    @   0  File:   3
     97.69858084        0.000297    0.514498    @   0  File:   2
     97.77179259        0.000063    0.063652    @   0  File:   1
     97.98634085        0.000031    0.135566    @   0  File:   1
     98.13356714        0.002488    0.119594    @   1  File:   4
     98.35307973        0.000183    0.096963    @   0  File:   1
     98.42618637        0.000064    0.226489    @   0  File:   3
     98.42813705        0.010380    0.253318    @   2  File:   1
     98.52316239        0.010824    0.298805    @   2  File:   1
     98.53769535        0.002502    0.164987    @   1  File:   4
     98.67769294        0.000120    0.457285    @   0  File:   2
     98.81383109        0.000141    0.171710    @   0  File:   3
     98.88269746        0.000098    0.097250    @   0  File:   2
     99.02834808        0.002536    0.138853    @   1  File:   4
     99.17766380        0.000052    0.143571    @   0  File:   1
     99.19314776        0.000148    0.124175    @   0  File:   3
     99.23853337        0.000146    0.126264    @   0  File:   2
     99.44107983        0.000151    0.127733    @   0  File:   3
     99.54010035        0.000147    0.289244    @   0  File:   2
     99.69611472        0.002827    0.134985    @   1  File:   4
     99.90100470        0.000017    0.144747    @   0  File:   1
    100.01968819        0.000015    0.407371    @   0  File:   3
    100.14559118        0.002116    0.143887    @   1  File:   4
    100.31853689        0.000034    0.124819    @   0  File:   2
    100.35508970        0.000143    0.069071    @   0  File:   3
    100.51365022        0.000138    0.319772    @   0  File:   2
    100.61891193        0.007375    0.341336    @   2  File:   1
    100.82907495        0.007578    0.440733    @   2  File:   1
    100.84088011        0.000980    0.148256    @   0  File:   4
    100.88116548        0.000286    0.078634    @   0  File:   1
    101.01729974        0.000192    0.225661    @   0  File:   3
    101.08214973        0.000206    0.058133    @   0  File:   2
    101.17516796        0.000069    0.243809    @   0  File:   1
    101.28261962        0.000274    0.094348    @   0  File:   3
    101.33347396        0.000235    0.167655    @   0  File:   2
    101.49430083        0.002610    0.094625    @   1  File:   4
    101.71590595        0.000007    0.680446    @   0  File:   3
    101.81956922        0.000068    0.101653    @   0  File:   1
    102.11015181        0.002045    0.156532    @   1  File:   4
    102.38524263        0.008422    0.056583    @   1  File:   4
    102.40416463        0.010867    0.169657    @   2  File:   1
    102.46398615        0.010057    0.245833    @   2  File:   1
    102.58147442        0.000010    0.133893    @   0  File:   2
    102.61959841        0.000037    0.149541    @   0  File:   3
    102.64207883        0.000063    0.094079    @   0  File:   1
    103.05570122        0.000130    0.254614    @   0  File:   2
    103.11210164        0.000056    0.399044    @   0  File:   3
    103.11985854        0.000108    0.077350    @   0  File:   4
    103.38353248        0.000101    0.205098    @   0  File:   3
    103.74658621        0.000026    0.330006    @   0  File:   2
    103.92602919        0.000179    0.415942    @   0  File:   2
    104.08668052        0.000264    0.213786    @   0  File:   3
    104.19667881        0.000327    0.109503    @   0  File:   2
    104.26623293        0.000374    0.134188    @   0  File:   3
    104.39387346        0.000169    0.317361    @   0  File:   2
    104.56892347        0.000003    0.224851    @   0  File:   4
    104.57417821        0.000004    0.489173    @   0  File:   3
    104.73194918        0.000323    0.009455    @   0  File:   1
    105.04766659        0.000043    0.046986    @   0  File:   3
    105.08851450        0.000034    0.175939    @   0  File:   2
    105.33188858        0.000110    0.090745    @   0  File:   1
    105.33776946        0.000068    0.071973    @   0  File:   4
    106.26311076        0.000763    0.048244    @   0  File:   4
    106.58984686        0.000060    0.198299    @   0  File:   1
    106.96615235        0.000247    0.385606    @   0  File:   4
    107.04940642        0.005776    0.089726    @   2  File:   1
    107.06451357        0.005786    0.110784    @   2  File:   1
    107.15197933        0.004735    0.084627    @   1  File:   4
    107.39341848        0.000118    0.095806    @   0  File:   2
    107.41314322        0.000128    0.078395    @   0  File:   3
    107.85669684        0.000036    0.188316    @   0  File:   2
    107.95119580        0.000025    0.170108    @   0  File:   3
    108.17382427        0.000037    0.298274    @   0  File:   4
    108.29738551        0.001065    0.051739    @   0  File:   1
    108.66869172        0.001106    0.121965    @   1  File:   2
    108.67036514        0.001136    0.104269    @   1  File:   3
    108.75876780        0.000110    0.161347    @   0  File:   4
    108.96317566        0.000586    0.260423    @   0  File:   2
    108.97515911        0.000554    0.220818    @   0  File:   3
    109.30372960        0.000079    0.094786    @   0  File:   1
    109.31957823        0.000010    0.070435    @   0  File:   2
    109.34209934        0.000055    0.067826    @   0  File:   3
    109.50678753        0.000484    0.109909    @   0  File:   2
    109.51793040        0.000443    0.106555    @   0  File:   3
    109.55083448        0.000215    0.181173    @   0  File:   1
    109.62431685        0.000086    0.135047    @   0  File:   4
    110.29395658        0.000083    0.016745    @   0  File:   2
    110.29440989        0.000082    0.010325    @   0  File:   3
    110.47273151        0.000074    0.332816    @   0  File:   1
    110.58363678        0.000325    0.113748    @   0  File:   4
    111.22499515        0.019630    0.025585    @   1  File:   4
    111.23684528        0.023602    0.147154    @   2  File:   1
    111.27139542        0.024967    0.153067    @   2  File:   1
    111.88570924        0.007511    0.068929    @   1  File:   4
    112.17886531        0.000353    0.192997    @   0  File:   1
    112.28683986        0.003387    0.088658    @   1  File:   4
    112.43206900        0.008054    0.275615    @   2  File:   1
    112.49249726        0.000098    0.140154    @   0  File:   3
    112.50793098        0.000104    0.177433    @   0  File:   2
    112.55484411        0.000250    0.146891    @   0  File:   1
    112.57654926        0.007293    0.329333    @   2  File:   1
    112.89429172        0.000034    0.240101    @   0  File:   2
    112.94057564        0.000047    0.040165    @   0  File:   3
    113.01364226        0.000078    0.245865    @   0  File:   3
    113.06383686        0.000087    0.309900    @   0  File:   2
    113.38995913        0.000171    0.626139    @   0  File:   4
    113.47814344        0.000033    0.225197    @   0  File:   2
    113.54181198        0.000044    0.060111    @   0  File:   3
    113.67646372        0.000972    0.325516    @   0  File:   4
    113.96303325        0.000041    0.115675    @   0  File:   1
    114.00368887        0.000045    0.469047    @   0  File:   2
    114.19232161        0.000024    0.061167    @   0  File:   3
    114.29041025        0.000340    0.330982    @   0  File:   4
    114.29597598        0.000295    0.259768    @   0  File:   3
    114.29722398        0.000200    0.267573    @   0  File:   2
    114.35991595        0.000018    0.195938    @   0  File:   1
    114.52149772        0.000223    0.402867    @   0  File:   2
    114.65189451        0.000154    0.385275    @   0  File:   3
    114.77808345        0.000691    0.157090    @   0  File:   4
    115.13117238        0.001484    0.274030    @   1  File:   1
    115.26250659        0.000038    0.248548    @   0  File:   2
    115.28745746        0.001384    0.341622    @   1  File:   1
    115.29519312        0.000232    0.107041    @   0  File:   4
    115.41908028        0.000026    0.284612    @   0  File:   3
    115.42618125        0.000052    0.046723    @   0  File:   1
    115.80672132        0.000193    0.019300    @   0  File:   2
    115.80876053        0.000192    0.027466    @   0  File:   3
    116.02036760        0.000320    0.099512    @   0  File:   1
    116.11920043        0.000035    0.075102    @   0  File:   4
    116.36625252        0.000106    0.062391    @   0  File:   2
    116.37902497        0.000107    0.051632    @   0  File:   3
    116.71606142        0.002107    0.042305    @   1  File:   1
    116.80762782        0.000110    0.059308    @   0  File:   2
    116.81296814        0.000108    0.034584    @   0  File:   3
    116.91921007        0.000016    0.088431    @   0  File:   4
    117.03268023        0.000005    0.119919    @   0  File:   2
    117.03697251        0.000004    0.068185    @   0  File:   3
    117.26632227        0.001271    0.007509    @   1  File:   4
    117.38824867        0.000254    0.931806    @   0  File:   1
    117.58322870        0.002090    0.159854    @   1  File:   1
    117.59364644        0.001925    0.309533    @   1  File:   1
    117.69279599        0.001006    0.002041    @   1  File:   4
    117.80762220        0.000003    0.016364    @   0  File:   2
    117.80815672        0.000003    0.008064    @   0  File:   3
    118.70868113        0.000016    0.000928    @   0  File:   4
    118.87132387        0.000053    0.007489    @   0  File:   1
    119.15390020        0.000020    0.000200    @   0  File:   4
    119.47570674        0.000391    0.001919    @   0  File:   1
    121.29619176        0.000245    0.001035    @   0  File:   2
    121.29619242        0.000245    0.000198    @   0  File:   3
    122.46470499        0.000026    0.006746    @   0  File:   2
    122.46472428        0.000026    0.000864    @   0  File:   3
    122.76120510        0.000148    0.003563    @   0  File:   2
    122.76120993        0.000148    0.000368    @   0  File:   3
    123.40411917        0.003737    0.009919    @   1  File:   2
    123.40414252        0.003738    0.000710    @   1  File:   3
    123.60849904        0.000027    0.134943    @   0  File:   2
    123.61220631        0.000026    0.008317    @   0  File:   3
    123.87753615        0.000017    0.000006    @   0  File:   4
    123.88321833        0.000119    0.000082    @   0  File:   1
    124.15930321        0.000094    0.120809    @   0  File:   1
    124.18015203        0.000094    0.124594    @   0  File:   1
    124.22629948        0.000072    0.000004    @   0  File:   4
    124.63671583        0.000000    2.213868    @   0  File:   2
    124.83427547        0.000003    0.004794    @   0  File:   3
    124.83991804        0.000003    0.373762    @   0  File:   2
    125.12979816        0.000494    0.001189    @   0  File:   3
    125.12993577        0.000494    0.037656    @   0  File:   2
    125.26965599        0.000558    0.000007    @   0  File:   1
    125.52043577        0.000925    0.002115    @   0  File:   3
    125.52066876        0.000928    0.036391    @   0  File:   2
    125.60120973        0.000615    0.001655    @   0  File:   3
    125.60134074        0.000612    0.026132    @   0  File:   2
    125.62567630        0.000007    0.000016    @   0  File:   4
    125.76188333        0.000014    0.001202    @   0  File:   3
    125.76194166        0.000014    0.016002    @   0  File:   2
    126.87970978        0.000007    0.000086    @   0  File:   4
    127.82644630        0.000178    0.000009    @   0  File:   1
    128.04338996        0.000090    0.273104    @   0  File:   1
    128.10875874        0.000001    0.040763    @   0  File:   4
    128.15103493        0.000102    0.279667    @   0  File:   1
    128.23473108        0.000034    0.011115    @   0  File:   4
    128.50768522        0.000931    0.000001    @   0  File:   2
    128.50768528        0.000931    0.000000    @   0  File:   3
    128.62093807        0.000001    0.090535    @   0  File:   4
    128.91820903        0.000210    0.015253    @   0  File:   4
    129.08253645        0.000463    0.011669    @   0  File:   4
    129.25291076        0.003860    0.033001    @   1  File:   1
    129.25461727        0.003847    0.036659    @   1  File:   1
    129.27508409        0.002775    0.003678    @   1  File:   4
    129.33855334        0.000457    0.004520    @   0  File:   4
    131.62471047        0.000933    0.000000    @   0  File:   3
    131.62471049        0.000933    0.000000    @   0  File:   2
    134.66674689        0.000000    0.000029    @   0  File:   4
    136.48462130        0.000000    0.000038    @   0  File:   4
    137.19128535        0.000103    0.000005    @   0  File:   4
    137.25862972        0.000130    0.101708    @   0  File:   1
    137.27220429        0.000133    0.095113    @   0  File:   1
    137.29310388        0.001947    0.000001    @   1  File:   1
    137.70291777        0.001907    0.000001    @   1  File:   1
    137.72702248        0.000002    0.000132    @   0  File:   4
    138.02133225        0.000068    0.000024    @   0  File:   4
    138.62334725        0.000514    0.000002    @   0  File:   1
    138.70821576        0.000813    0.000000    @   0  File:   2
    138.70821576        0.000813    0.000000    @   0  File:   3
    138.72516962        0.000178    0.000028    @   0  File:   4
    138.89882216        0.005149    0.029067    @   2  File:   1
    138.89990931        0.005151    0.026732    @   2  File:   1
    138.91422455        0.004953    0.000006    @   1  File:   4
    138.96938302        0.000171    0.000001    @   0  File:   1
    139.17834704        0.000003    0.000093    @   0  File:   4
    139.88145326        0.000019    0.000008    @   0  File:   4
    139.93697339        0.001848    0.000000    @   1  File:   2
    139.93697340        0.001848    0.000000    @   1  File:   3
    139.95663330        0.000219    0.074199    @   0  File:   1
    139.96363596        0.000215    0.067570    @   0  File:   1
    140.00905150        0.000173    0.000002    @   0  File:   4
    142.41520014        0.000021    0.000000    @   0  File:   2
    142.41520014        0.000021    0.000003    @   0  File:   3
    143.38413141        0.000775    0.000000    @   0  File:   1
    147.98982648        0.506791    0.000000    @   1  File:   2
    147.98982651        0.506791    0.000000    @   1  File:   3
    149.85620584        0.027156    0.000000    @   1  File:   2
    149.85620584        0.027156    0.000000    @   1  File:   3
    150.13880070        0.000000    0.282071    @   0  File:   2
    150.51007861        0.155385    0.000000    @   1  File:   2
    150.51007862        0.155385    0.000000    @   1  File:   3
    150.82868006        0.000000    0.429609    @   0  File:   3
    152.08817683        0.000925    0.000000    @   0  File:   2
    152.08817684        0.000925    0.000000    @   0  File:   3
    152.59325597        0.011205    0.000000    @   1  File:   3
    152.59325603        0.011205    0.000000    @   1  File:   2
    153.26572164        0.003059    0.000003    @   1  File:   3
    153.26572171        0.003059    0.000000    @   1  File:   2
    153.43996919        0.000012    0.000000    @   0  File:   4
    153.44040315        0.000012    0.014424    @   0  File:   1
    153.44060108        0.000012    0.010213    @   0  File:   1
    153.86990449        0.000000    0.000000    @   0  File:   4
    156.95444149        0.000000    1.586613    @   0  File:   2
    157.11622099        0.000274    0.000016    @   0  File:   2
    157.11622103        0.000274    0.000001    @   0  File:   3
    158.75031940        0.001252    0.000001    @   1  File:   2
    158.75031955        0.001252    0.000001    @   1  File:   3
    161.61646876        0.000002    0.000002    @   0  File:   3
    161.61646923        0.000002    0.000006    @   0  File:   2
    161.97658693        0.011938    0.000002    @   1  File:   2
    161.97658693        0.011938    0.000003    @   1  File:   3
    162.98698380        0.000004    1.161175    @   0  File:   1
    163.85809379        0.000020    0.651766    @   0  File:   1
    164.00313664        0.000022    0.000000    @   0  File:   4
    164.79069438        0.000004    0.000018    @   0  File:   4
    164.95607758        0.000055    0.000008    @   0  File:   4
    165.08316847        0.000148    0.599431    @   0  File:   1
    165.35178346        0.000142    0.770041    @   0  File:   1
    165.60687011        0.000030    0.000013    @   0  File:   4
    165.65895493        0.000218    0.002139    @   0  File:   2
    165.65895875        0.000218    0.002223    @   0  File:   3
    165.74293919        0.001059    0.000531    @   1  File:   1
    166.08629036        0.000081    0.000008    @   0  File:   4
    166.22288629        0.000025    1.890971    @   0  File:   1
    166.28545163        0.016975    0.000634    @   1  File:   3
    166.28545166        0.016975    0.000709    @   1  File:   2
    167.21391794        0.000006    0.000021    @   0  File:   4
    167.29964193        0.000477    0.005471    @   0  File:   3
    167.29971479        0.000477    0.007844    @   0  File:   2
    167.59859067        0.000001    0.028611    @   0  File:   3
    167.60108917        0.000001    0.043302    @   0  File:   2
    168.68292891        0.000518    0.007497    @   0  File:   3
    168.68313891        0.000518    0.012201    @   0  File:   2
    169.09160091        0.000027    0.015671    @   0  File:   3
    169.09234356        0.000027    0.024584    @   0  File:   2
    169.17696597        0.002877    0.575385    @   1  File:   1
    169.35228052        0.003480    0.223950    @   1  File:   1
    169.38662966        0.003507    0.000028    @   1  File:   4
    169.44957123        0.000212    0.001350    @   0  File:   1
    169.67624710        0.000032    0.025016    @   0  File:   3
    169.67677273        0.000032    0.034707    @   0  File:   2
    169.79061335        0.000018    0.000843    @   0  File:   4
    170.35243815        0.000127    0.008905    @   0  File:   2
    170.35251226        0.000127    0.007546    @   0  File:   3
    170.71515801        0.001201    1.214779    @   0  File:   1
    170.90433611        0.008925    0.002137    @   1  File:   1
    171.09515020        0.000011    0.006038    @   0  File:   4
    171.75563678        0.000296    0.003791    @   0  File:   4
    172.08631326        0.000957    0.725620    @   0  File:   1
    172.24276585        0.003700    0.005931    @   1  File:   1
    172.59412409        0.000593    0.008212    @   0  File:   4
    173.18687953        0.000045    0.046864    @   0  File:   4
    173.24612462        0.000034    0.009238    @   0  File:   1
    173.59669707        0.002387    0.009093    @   1  File:   2
    173.59675089        0.002388    0.006991    @   1  File:   3
    174.14122723        0.001136    0.843486    @   0  File:   1
    174.32903732        0.000256    0.063551    @   0  File:   4
    174.39301989        0.000161    0.108372    @   0  File:   1
    174.82251092        0.000278    0.100799    @   0  File:   4
    175.02762125        0.003993    0.036693    @   1  File:   2
    175.02945986        0.003986    0.018439    @   1  File:   3
    175.13376055        0.000989    0.769681    @   0  File:   1
    175.13677364        0.000004    0.207578    @   0  File:   2
    175.14013946        0.000042    0.152034    @   0  File:   3
    175.65479637        0.000046    0.303709    @   0  File:   4
    175.73073591        0.000335    0.080803    @   0  File:   2
    175.74585574        0.000286    0.059375    @   0  File:   3
    176.39051106        0.000414    0.136353    @   0  File:   4
    176.68043351        0.010173    0.189988    @   1  File:   2
    176.71004453        0.012534    0.082443    @   1  File:   3
    176.83952702        0.000217    0.293692    @   0  File:   1
    176.94973123        0.003367    0.325070    @   1  File:   2
    176.98137102        0.000117    0.197748    @   0  File:   4
    177.22751075        0.000564    0.240713    @   0  File:   3
    177.33892407        0.001032    0.227157    @   1  File:   3
    177.42315409        0.000524    0.242788    @   0  File:   2
    177.97124462        0.000912    0.845436    @   0  File:   1
    178.18408554        0.000118    0.123454    @   0  File:   4
    178.80811113        0.000670    0.521219    @   0  File:   1
    178.93869894        0.000187    0.325259    @   0  File:   2
    178.96563408        0.000749    0.658339    @   0  File:   1
    179.17372405        0.000025    0.221356    @   0  File:   3
    179.20144065        0.000298    0.116069    @   0  File:   4
    179.59195624        0.004013    0.080198    @   1  File:   1
    179.86323924        0.010080    0.246237    @   1  File:   2
    179.88353612        0.000292    0.115318    @   0  File:   4
    179.89760355        0.012392    0.157241    @   1  File:   3
    180.32239398        0.004196    0.472208    @   1  File:   2
    180.62575682        0.006769    0.118362    @   1  File:   1
    180.67149616        0.002170    0.461341    @   1  File:   3
    180.92835065        0.003614    0.089777    @   1  File:   1
    181.13212356        0.000122    0.192920    @   0  File:   4
    181.22225821        0.000147    0.332452    @   0  File:   2
    181.22539488        0.000293    0.333703    @   0  File:   3
    181.75811072        0.000140    0.177739    @   0  File:   4
    181.89203096        0.000828    0.860692    @   0  File:   1
    182.30361773        0.003117    0.200916    @   1  File:   2
    182.39078648        0.002260    0.118235    @   1  File:   3
    182.43815610        0.004245    0.168972    @   1  File:   2
    182.50376455        0.005289    0.286196    @   1  File:   3
    182.81754111        0.004883    0.267127    @   1  File:   1
    182.82696913        0.000246    0.069087    @   0  File:   4
    182.88049110        0.001291    0.760021    @   0  File:   1
    183.86013857        0.011992    0.139677    @   1  File:   2
    183.91007663        0.011775    0.150176    @   1  File:   3
    184.40776331        0.000462    0.078094    @   0  File:   4
    184.46980812        0.000016    0.173659    @   0  File:   3
    184.47507187        0.000169    0.183015    @   0  File:   2
    185.01402460        0.000510    0.402193    @   0  File:   1
    185.15709079        0.000061    0.335304    @   0  File:   4
    185.79892116        0.006625    0.288207    @   1  File:   1
    186.00011662        0.001352    0.811215    @   0  File:   1
    186.05821265        0.003820    0.274467    @   1  File:   2
    186.19378952        0.000217    0.258746    @   0  File:   4
    186.24718950        0.009726    0.166057    @   1  File:   3
    186.25768368        0.000263    0.255703    @   0  File:   3
    186.30955442        0.005948    0.176562    @   1  File:   2
    186.78759928        0.001303    0.673682    @   0  File:   1
    186.79344996        0.000194    0.259306    @   0  File:   4
    187.42142562        0.004290    0.217234    @   1  File:   2
    187.52759494        0.004389    0.193096    @   1  File:   3
    187.73147392        0.000074    0.334208    @   0  File:   3
    187.75423967        0.000695    0.061774    @   0  File:   4
    187.84590743        0.000495    0.354258    @   0  File:   2
    188.02884962        0.003176    0.714907    @   1  File:   1
    188.53886661        0.009422    0.260580    @   1  File:   1
    188.80351473        0.000790    0.847934    @   0  File:   1
    189.02270863        0.000044    0.133599    @   0  File:   4
    189.91639663        0.010158    0.663822    @   1  File:   1
    190.11894430        0.001710    0.327785    @   1  File:   2
    190.18295286        0.000013    0.192616    @   0  File:   4
    190.22290603        0.002056    0.239981    @   1  File:   3
    190.23969799        0.003480    0.903392    @   1  File:   1
    190.62485579        0.000561    0.314039    @   0  File:   2
    190.71621359        0.000073    0.295368    @   0  File:   3
    191.37373855        0.042361    0.051446    @   1  File:   3
    191.37841284        0.042417    0.062003    @   1  File:   2
    191.65067970        0.000041    0.180140    @   0  File:   4
    191.72964677        0.012617    0.197301    @   1  File:   1
    192.23708607        0.000050    0.170522    @   0  File:   4
    192.44791527        0.000603    0.381201    @   0  File:   2
    192.59267009        0.001107    0.297204    @   1  File:   3
    193.28256227        0.000009    0.160469    @   0  File:   4
    193.51996198        0.000751    0.428593    @   0  File:   2
    193.77485559        0.000211    0.410489    @   0  File:   3
    194.18531568        0.011314    0.744744    @   1  File:   1
    194.67248349        0.000947    0.436980    @   0  File:   2
    194.79876429        0.002646    0.380037    @   1  File:   3
    194.96493529        0.000133    1.019135    @   0  File:   1
    195.31363707        0.005762    0.204594    @   1  File:   2
    195.42527290        0.000003    0.326846    @   0  File:   4
    195.45048018        0.004390    0.301746    @   1  File:   3
    195.78401518        0.000150    0.089236    @   0  File:   3
    195.80084476        0.000237    0.113957    @   0  File:   2
    196.31638385        0.101668    0.298539    @   1  File:   1
    196.49970192        0.000037    0.262840    @   0  File:   4
    196.53929188        0.002178    0.967995    @   1  File:   1
    196.93278616        0.004449    0.480675    @   1  File:   1
    197.19958896        0.000078    0.250033    @   0  File:   4
    198.12006506        0.000014    0.469676    @   0  File:   4
    198.44256555        0.000479    0.389704    @   0  File:   2
    198.49222218        0.000014    0.343857    @   0  File:   3
    198.98250057        0.010266    0.230237    @   1  File:   2
    199.03627485        0.014143    0.183271    @   1  File:   3
    199.08521445        0.000113    0.107598    @   0  File:   4
    199.28003744        0.001791    0.714177    @   1  File:   1
    199.52207253        0.008638    0.304706    @   1  File:   2
    199.57788977        0.026275    0.518777    @   1  File:   1
    199.62664407        0.001521    0.338790    @   1  File:   3
    199.83695446        0.005719    0.312630    @   1  File:   3
    199.94386805        0.001847    0.437106    @   1  File:   2
    200.33807028        0.225638    0.493073    @   1  File:   1
    200.61554853        0.037675    1.084483    @   1  File:   1
    200.65053449        0.000061    0.188143    @   0  File:   4
    201.17880178        0.000044    0.214368    @   0  File:   4
    201.47303119        0.002280    0.356902    @   1  File:   2
    201.56322232        0.002176    0.207659    @   1  File:   3
    201.90815601        0.000226    0.412939    @   0  File:   2
    201.97072122        0.196833    0.209070    @   1  File:   1
    202.35446836        0.000344    0.465151    @   0  File:   3
    202.43365116        0.000009    0.176129    @   0  File:   4
    203.07097190        0.001629    0.172740    @   1  File:   2
    203.13369138        0.001405    0.218133    @   1  File:   3
    203.34176295        0.065952    0.478669    @   1  File:   1
    203.79570278        0.002069    0.008430    @   1  File:   4
    203.83106192        0.002183    0.263293    @   1  File:   1
    203.95773040        0.003480    0.367478    @   2  File:   1
    203.99780384        0.000002    0.278520    @   0  File:   2
    204.14565970        0.000016    0.339488    @   0  File:   3
    204.39560688        0.021423    0.300371    @   1  File:   1
    204.71380675        0.000009    0.087944    @   0  File:   4
    205.32801510        0.002979    0.673467    @   1  File:   1
    205.68852022        0.000093    0.227844    @   0  File:   2
    205.78578102        0.000086    0.246203    @   0  File:   3
    206.54629666        0.000163    0.012945    @   0  File:   4
    206.93917512        0.000005    0.185562    @   0  File:   3
    207.00463237        0.000008    0.216619    @   0  File:   2
    207.52628895        0.000003    0.090541    @   0  File:   4
    207.74141205        0.000129    0.847316    @   0  File:   1
    208.14828823        0.045443    0.010479    @   1  File:   3
    208.14854280        0.045462    0.012383    @   1  File:   2
    208.77066736        0.000233    0.125825    @   0  File:   3
    208.78320325        0.000211    0.146563    @   0  File:   2
    208.99333320        0.000111    1.078196    @   0  File:   1
    209.21327951        0.000000    0.723730    @   0  File:   4
    211.09727959        0.009123    0.172872    @   1  File:   1
    211.42518875        0.000033    0.124656    @   0  File:   4
    211.71454621        0.003777    0.088747    @   1  File:   1
    212.02858924        0.000165    0.200408    @   0  File:   2
    212.05311091        0.000132    0.070164    @   0  File:   3
    212.18307128        0.000043    0.356220    @   0  File:   4
    212.22904621        0.000077    0.250987    @   0  File:   2
    212.26227112        0.000159    0.100378    @   0  File:   3
    212.62173940        0.000060    0.576241    @   0  File:   2
    212.74141923        0.000024    0.510997    @   0  File:   4
    213.19679813        0.000008    0.188916    @   0  File:   3
    213.29282697        0.000007    0.169117    @   0  File:   2
    213.44902653        0.006046    0.243853    @   1  File:   1
    213.56490583        0.000009    0.456259    @   0  File:   3
    213.73733689        0.000236    0.569793    @   0  File:   1
    214.03503028        0.000048    0.332649    @   0  File:   4
    214.24673165        0.000234    0.672725    @   0  File:   1
    214.81561135        0.000066    0.326401    @   0  File:   4
    215.46487946        0.026975    0.023779    @   1  File:   1
    215.62733503        0.000053    0.211685    @   0  File:   4
    215.74906195        0.000066    0.118967    @   0  File:   2
    215.77763670        0.000065    0.086209    @   0  File:   3
    216.85463274        0.000012    0.140825    @   0  File:   2
    216.87486164        0.000012    0.084126    @   0  File:   3
    217.29558815        0.005775    0.006527    @   1  File:   3
