     12.00387439        0.941027    0.000000    @   1  File:  17
     12.00387439        0.941027    0.000000    @   1  File:  19
     13.29628121        0.933878    0.000000    @   1  File:  17
     22.55260345        0.540438    0.000000    @   1  File:   1
     23.47353142        0.000002    0.000000    @   0  File:   1
     23.47353142        0.000002    0.000000    @   0  File:   3
     23.47353142        0.000002    0.000000    @   0  File:   5
     23.58954386        0.000001    0.000000    @   0  File:   1
     23.58954386        0.000001    0.000000    @   0  File:   3
     23.70756120        0.000000    0.000000    @   0  File:   3
     23.70756120        0.000000    0.000000    @   0  File:   5
     23.70756120        0.000000    0.000007    @   0  File:   1
     23.78115926        0.000150    0.000000    @   0  File:   1
     24.14603588        0.000000    0.000000    @   0  File:   3
     24.14603590        0.000000    0.000024    @   0  File:   1
     24.66376494        0.016175    0.000000    @   1  File:   1
     25.02011620        0.002588    0.000000    @   1  File:   1
     25.09524377        0.000005    0.000000    @   0  File:   3
     25.09729724        0.000006    0.003055    @   0  File:   1
     25.12595624        0.000001    0.000000    @   0  File:   3
     25.13067940        0.000006    0.000000    @   0  File:   3
     25.13067940        0.000006    0.000000    @   0  File:   5
     25.13067965        0.000006    0.000114    @   0  File:   1
     25.16743895        0.000000    0.019826    @   0  File:   1
     25.37259468        0.000000    0.000000    @   0  File:   3
     25.41391180        0.000000    0.014853    @   0  File:   1
     25.47734017        0.013436    0.000000    @   1  File:   1
     25.56957430        0.000000    0.000000    @   0  File:   3
     25.61919540        0.000001    0.000000    @   0  File:   3
     25.61919540        0.000001    0.000000    @   0  File:   5
     25.61959101        0.000001    0.003551    @   0  File:   1
     25.83871430        0.001913    0.000000    @   1  File:   1
     25.92907268        0.000000    0.000000    @   0  File:   3
     25.92907268        0.000000    0.000000    @   0  File:   5
     26.01410959        0.000059    0.000000    @   0  File:  17
     26.01410959        0.000059    0.000000    @   0  File:  19
     26.16561195        0.000001    0.008538    @   0  File:   1
     26.16862553        0.000001    0.000000    @   0  File:   3
     26.18219267        0.000000    0.089519    @   0  File:   1
     26.24745594        0.000018    0.000000    @   0  File:  17
     26.38561666        0.000001    0.000000    @   0  File:   3
     26.38561666        0.000001    0.000000    @   0  File:   5
     26.51017397        0.000001    0.085464    @   0  File:   1
     26.67152982        0.000005    0.003363    @   0  File:   1
     26.67174104        0.000005    0.000000    @   0  File:   3
     26.76750798        0.000001    0.000000    @   0  File:   3
     26.76750798        0.000001    0.000000    @   0  File:   5
     27.08651980        0.000002    0.176011    @   0  File:   1
     27.14029369        0.002700    0.000000    @   1  File:  17
     27.14029369        0.002700    0.000000    @   1  File:  19
     27.24921689        0.000066    0.000000    @   0  File:  17
     27.30899640        0.000219    0.000000    @   0  File:  17
     27.32034974        0.000017    0.000000    @   0  File:   3
     27.32034974        0.000017    0.000000    @   0  File:   5
     27.34121341        0.000016    0.064956    @   0  File:   1
     27.39477578        0.000156    0.000000    @   0  File:  17
     27.39477578        0.000156    0.000000    @   0  File:  19
     27.75938962        0.000073    0.000000    @   0  File:  19
     27.75938962        0.000073    0.000002    @   0  File:  17
     28.02272008        0.000062    0.000000    @   0  File:  17
     28.03680015        0.000675    0.000000    @   0  File:  19
     28.03680015        0.000675    0.000003    @   0  File:  17
     28.22362365        0.000007    0.000000    @   0  File:   3
     28.22479612        0.000007    0.020014    @   0  File:   1
     28.25125658        0.035610    0.000001    @   1  File:   1
     28.33424855        0.000104    0.000000    @   0  File:   3
     28.33424855        0.000104    0.000000    @   0  File:   5
     28.33725696        0.000104    0.014542    @   0  File:   1
     28.71572930        0.000024    0.000004    @   0  File:   3
     28.72337658        0.000025    0.025755    @   0  File:   1
     28.87513069        0.004861    0.000000    @   1  File:  19
     28.87513069        0.004861    0.000019    @   1  File:  17
     28.88801520        0.005208    0.000007    @   1  File:   1
     28.97411138        0.000001    0.000049    @   0  File:   3
     28.97411140        0.000001    0.000000    @   0  File:   5
     29.11233830        0.000001    0.000496    @   0  File:   3
     29.18135371        0.000013    0.000057    @   0  File:   3
     29.18135372        0.000013    0.000000    @   0  File:   5
     29.27054252        0.000017    0.066475    @   0  File:   1
     29.28205934        0.003094    0.000000    @   1  File:  19
     29.28205949        0.003094    0.000098    @   1  File:  17
     29.33190128        0.000000    0.001600    @   0  File:   3
     29.33190970        0.000000    0.000000    @   0  File:   5
     29.36166534        0.000001    0.003774    @   0  File:   3
     29.39403837        0.008666    0.000681    @   1  File:   1
     29.62986003        0.006867    0.000004    @   1  File:  17
     29.76750486        0.000001    0.412767    @   0  File:   3
     29.78502292        0.000034    0.085552    @   0  File:   3
     29.79636891        0.000061    0.103732    @   0  File:   1
     29.80099775        0.000052    0.000000    @   0  File:  19
     29.80111859        0.000052    0.002883    @   0  File:  17
     29.80420973        0.028713    0.004450    @   1  File:   1
     29.92072348        0.000039    0.000000    @   0  File:   5
     29.92072350        0.000039    0.000161    @   0  File:   3
     29.95256579        0.063863    0.061720    @   1  File:   1
     30.00905797        0.000000    0.000000    @   0  File:  19
     30.00967190        0.000066    0.009749    @   0  File:   3
     30.01435058        0.000000    0.016146    @   0  File:  17
     30.02102710        0.002561    0.000041    @   1  File:  17
     30.02243516        0.001374    0.369162    @   1  File:   1
     30.03151945        0.001706    0.408523    @   1  File:   1
     30.09240173        0.049308    0.039347    @   1  File:   1
     30.10164918        0.003590    0.210747    @   1  File:   1
     30.22098431        0.002927    0.000000    @   1  File:  19
     30.22108134        0.002930    0.002056    @   1  File:  17
     30.25376014        0.000549    0.000031    @   0  File:  17
     30.32873432        0.000884    0.000000    @   0  File:  19
     30.32892793        0.000880    0.002775    @   0  File:  17
     30.38515490        0.000002    0.036045    @   0  File:   3
     30.47300626        0.000011    0.000000    @   0  File:   5
     30.47301768        0.000011    0.001462    @   0  File:   3
     30.51385856        0.000230    0.041394    @   0  File:   1
     30.71150708        0.000045    0.045633    @   0  File:   1
     30.81668415        0.000035    0.003256    @   0  File:  17
     30.82149404        0.000004    0.037735    @   0  File:   3
     30.82244415        0.000000    0.000010    @   0  File:   5
     30.86089781        0.000006    0.000005    @   0  File:  19
     30.88923786        0.000001    0.000014    @   0  File:   5
     30.89060711        0.000004    0.027030    @   0  File:  17
     30.91986096        0.000007    0.041712    @   0  File:   3
     30.92445136        0.001559    0.004479    @   1  File:  17
     30.94676289        0.000008    0.000006    @   0  File:   5
     30.95782438        0.000700    0.000004    @   0  File:  19
     30.95854910        0.000713    0.006110    @   0  File:  17
     30.99085735        0.000003    0.076897    @   0  File:   3
     31.11846325        0.000222    0.036172    @   0  File:  17
     31.14670084        0.000000    0.000105    @   0  File:   5
     31.15761425        0.000030    0.090198    @   0  File:   1
     31.19035829        0.000000    0.007316    @   0  File:  19
     31.19991897        0.000029    0.024448    @   0  File:   3
     31.23577951        0.000067    0.000903    @   0  File:  19
     31.24474330        0.000038    0.077662    @   0  File:   1
     31.28130557        0.000043    0.001279    @   0  File:  19
     31.31012223        0.004560    0.029870    @   1  File:   1
     31.32737255        0.000207    0.028378    @   0  File:  17
     31.34767258        0.000083    0.000562    @   0  File:  19
     31.41387842        0.001550    0.024282    @   1  File:  17
     31.42949126        0.000013    0.000029    @   0  File:   5
     31.43989541        0.001468    0.000205    @   1  File:  19
     31.45883628        0.000024    0.014378    @   0  File:   3
     31.50082881        0.000011    0.000043    @   0  File:   5
     31.50520635        0.002919    0.007489    @   1  File:  17
     31.55076263        0.000003    0.084369    @   0  File:   3
     31.66638478        0.000120    0.111344    @   0  File:  17
     31.74071069        0.000004    0.214863    @   0  File:   1
     31.93948674        0.000012    0.061578    @   0  File:   3
     31.94927037        0.000004    0.006561    @   0  File:   5
     31.97784471        0.000003    0.013892    @   0  File:   5
     32.03527489        0.000014    0.003250    @   0  File:   5
     32.06597535        0.000045    0.090479    @   0  File:   1
     32.10102787        0.000030    0.048686    @   0  File:   3
     32.10432209        0.002165    0.216211    @   1  File:   1
     32.13397228        0.000022    0.012497    @   0  File:  19
     32.14990391        0.000019    0.057604    @   0  File:   3
     32.19108472        0.027243    0.186143    @   1  File:   1
     32.23179553        0.000011    0.000752    @   0  File:   5
     32.27274068        0.000005    0.019616    @   0  File:  19
     32.31365983        0.000148    0.084228    @   0  File:   1
     32.36944632        0.000050    0.066826    @   0  File:  17
     32.36981584        0.000113    0.019047    @   0  File:  19
     32.37807065        0.000008    0.114777    @   0  File:   3
     32.39158174        0.025210    0.144624    @   1  File:   1
     32.39282741        0.000011    0.044497    @   0  File:  17
     32.41046317        0.000491    0.019625    @   0  File:  19
     32.46659546        0.003581    0.044954    @   1  File:  17
     32.47139374        0.002905    0.019216    @   1  File:  19
     32.47282902        0.003652    0.047589    @   1  File:  17
     32.53439314        0.000435    0.127274    @   0  File:  17
     32.56398843        0.000269    0.017971    @   0  File:  19
     32.61032099        0.000001    0.015578    @   0  File:   5
     32.62686249        0.000011    0.043563    @   0  File:   3
     32.65127791        0.000009    0.004293    @   0  File:   5
     32.69856197        0.001559    0.005298    @   1  File:  19
     32.71374846        0.001242    0.083409    @   1  File:  17
     32.77495851        0.000002    0.018887    @   0  File:  19
     32.79016378        0.003511    0.053329    @   1  File:  17
     32.80015346        0.000024    0.037048    @   0  File:   3
     33.03509525        0.000000    0.018664    @   0  File:   5
     33.08458439        0.000000    0.095258    @   0  File:   1
     33.10062181        0.000327    0.128978    @   0  File:  17
     33.21593457        0.000107    0.018131    @   0  File:  19
     33.22278724        0.000772    0.019822    @   0  File:  17
     33.28518809        0.000000    0.061564    @   0  File:   5
     33.35114636        0.004912    0.120269    @   1  File:   1
     33.35979399        0.000011    0.097668    @   0  File:   3
     33.43788730        0.000017    0.015952    @   0  File:   5
     33.46090783        0.000611    0.003174    @   0  File:  19
     33.50092045        0.000060    0.119984    @   0  File:   1
     33.56517377        0.000802    0.215966    @   0  File:  17
     33.57647149        0.000046    0.141427    @   0  File:   1
     33.57649392        0.000279    0.146958    @   0  File:  17
     33.58799328        0.000050    0.009097    @   0  File:  19
     33.65175562        0.000004    0.087901    @   0  File:   5
     33.66980298        0.000027    0.102569    @   0  File:   3
     33.68102203        0.000251    0.026415    @   0  File:  19
     33.68793150        0.000029    0.101059    @   0  File:   3
     33.73422688        0.000040    0.030294    @   0  File:   5
     33.74892956        0.000804    0.114604    @   0  File:  17
     33.79712466        0.003650    0.085953    @   1  File:   1
     33.88112479        0.026451    0.029292    @   1  File:   1
     33.93778238        0.000047    0.072155    @   0  File:   3
     33.95620676        0.000001    0.084361    @   0  File:   5
     34.01475870        0.000195    0.050965    @   0  File:  19
     34.08439384        0.000019    0.098834    @   0  File:   3
     34.09854550        0.001310    0.247987    @   1  File:  17
     34.14070549        0.000495    0.160857    @   0  File:  17
     34.16133089        0.000015    0.015248    @   0  File:   5
     34.19959814        0.000736    0.048775    @   0  File:  19
     34.29590913        0.001478    0.065082    @   1  File:  19
     34.33727741        0.002357    0.087888    @   1  File:  17
     34.39192450        0.000000    0.074361    @   0  File:   5
     34.41071908        0.000053    0.154806    @   0  File:   1
     34.46940034        0.000052    0.143187    @   0  File:   1
     34.49311839        0.000011    0.133753    @   0  File:   3
     34.54394383        0.000014    0.074338    @   0  File:  19
     34.57131842        0.000002    0.038912    @   0  File:   5
     34.62540734        0.000029    0.050855    @   0  File:   3
     34.64449668        0.000026    0.005433    @   0  File:   5
     34.69151405        0.000579    0.039513    @   0  File:  19
     34.80647457        0.000022    0.063872    @   0  File:   3
     34.84458473        0.001043    0.210174    @   1  File:  17
     35.08269954        0.000079    0.209140    @   0  File:   1
     35.17961349        0.000250    0.059069    @   0  File:  17
     35.19953779        0.000535    0.014739    @   0  File:  19
     35.22086059        0.000118    0.032655    @   0  File:  19
     35.26739231        0.005062    0.057257    @   1  File:  17
     35.27763015        0.004757    0.023134    @   1  File:  17
     35.29751953        0.004412    0.033894    @   1  File:  19
     35.44873269        0.000007    0.230467    @   0  File:   3
     35.49378971        0.000837    0.149969    @   0  File:  17
     35.55525551        0.000018    0.002606    @   0  File:   5
     35.58227603        0.000262    0.162563    @   0  File:  19
     35.63338999        0.000670    0.089722    @   0  File:   1
     35.63941412        0.000016    0.144948    @   0  File:   3
     35.64981613        0.000000    0.175934    @   0  File:   5
     35.67832489        0.000004    0.018680    @   0  File:   5
     35.78382952        0.000072    0.013237    @   0  File:   3
     35.79616093        0.023094    0.062063    @   1  File:   1
     35.82823126        0.000880    0.080934    @   0  File:  17
     35.83812873        0.000946    0.117764    @   0  File:  17
     35.84744029        0.000086    0.086042    @   0  File:   1
     35.92400995        0.000047    0.190497    @   0  File:   1
     35.95500819        0.000661    0.028495    @   0  File:  19
     36.10142770        0.000001    0.000783    @   0  File:   5
     36.14135278        0.000611    0.126829    @   0  File:  19
     36.25689485        0.001363    0.079507    @   1  File:  17
     36.33403098        0.000744    0.146123    @   0  File:  19
     36.36713001        0.005986    0.133584    @   1  File:   1
     36.54333287        0.004237    0.048516    @   1  File:  17
     36.54675936        0.000012    0.227816    @   0  File:  19
     36.61603790        0.000020    0.049117    @   0  File:   3
     36.63594053        0.000061    0.031143    @   0  File:   3
     36.64148995        0.000061    0.000075    @   0  File:   5
     36.75598645        0.000780    0.166412    @   0  File:   1
     36.78963063        0.000053    0.210992    @   0  File:  17
     36.84290007        0.000024    0.182031    @   0  File:  19
     36.93598208        0.000000    0.001285    @   0  File:   5
     37.14410226        0.000086    0.164349    @   0  File:   1
     37.15417128        0.000009    0.150905    @   0  File:  19
     37.17233981        0.000004    0.233223    @   0  File:   3
     37.22243066        0.000268    0.240276    @   0  File:  17
     37.23201140        0.000010    0.135663    @   0  File:   3
     37.26025599        0.000010    0.000311    @   0  File:   5
     37.52097277        0.000329    0.260179    @   0  File:  17
     37.53692606        0.000052    0.130410    @   0  File:   1
     37.62785383        0.000199    0.255005    @   0  File:  17
     37.64391248        0.000009    0.002147    @   0  File:   5
     37.71021855        0.000014    0.002836    @   0  File:   5
     37.73625249        0.000060    0.045634    @   0  File:   3
     37.74413571        0.000133    0.020937    @   0  File:  19
     37.77150730        0.000038    0.000740    @   0  File:   5
     37.77513512        0.000031    0.136334    @   0  File:   3
     37.94637058        0.000283    0.024618    @   0  File:  19
     38.03588520        0.000029    0.111203    @   0  File:   3
     38.05566453        0.000427    0.141929    @   0  File:  17
     38.33546641        0.000813    0.043414    @   0  File:  17
     38.35838409        0.000104    0.034016    @   0  File:  19
     38.47712225        0.000065    0.158487    @   0  File:   1
     38.49132734        0.000040    0.034139    @   0  File:  19
     38.53493023        0.000003    0.234452    @   0  File:   3
     38.72938609        0.009127    0.068504    @   1  File:   1
     38.75659028        0.000021    0.000017    @   0  File:   5
     38.81402124        0.000040    0.042621    @   0  File:   3
     38.81842808        0.000111    0.100184    @   0  File:   1
     38.84650401        0.000021    0.000015    @   0  File:   5
     38.91101772        0.002931    0.036971    @   1  File:   1
     38.95844809        0.000093    0.011644    @   0  File:   3
     39.05113364        0.006647    0.078469    @   1  File:   1
     39.13144117        0.000353    0.002163    @   0  File:  19
     39.20928412        0.000568    0.105639    @   0  File:  17
     39.50631390        0.001353    0.050815    @   1  File:  17
     39.50952165        0.001521    0.002736    @   1  File:  19
     39.53248171        0.002102    0.018034    @   1  File:  17
     39.75183086        0.000338    0.086958    @   0  File:  17
     39.83416174        0.000036    0.035159    @   0  File:  19
     39.96461910        0.002203    0.001276    @   1  File:  19
     40.01447738        0.002490    0.056497    @   1  File:  17
     40.30195944        0.000000    0.389887    @   0  File:   3
     40.41794455        0.000381    0.010023    @   0  File:  19
     40.55392444        0.000021    0.310591    @   0  File:   1
     40.67359567        0.000161    0.136770    @   0  File:  17
     40.68217857        0.000048    0.156712    @   0  File:   1
     40.69119333        0.000001    0.000250    @   0  File:   5
     40.71349228        0.001446    0.044905    @   1  File:  17
     40.76961372        0.000013    0.047515    @   0  File:   3
     40.78108414        0.000012    0.000094    @   0  File:   5
     40.78300728        0.000057    0.017913    @   0  File:  19
     40.80155597        0.000046    0.031254    @   0  File:   3
     40.91587887        0.000747    0.092507    @   0  File:  17
     40.94466890        0.000001    0.015177    @   0  File:  19
     41.20126751        0.000180    0.479101    @   0  File:   1
     41.44482962        0.000042    0.169362    @   0  File:  17
     41.46098917        0.000017    0.000119    @   0  File:   5
     41.48093212        0.000021    0.136172    @   0  File:   3
     41.48314807        0.000000    0.042839    @   0  File:  19
     41.78575090        0.003190    0.205092    @   1  File:   1
     41.80969337        0.000012    0.000431    @   0  File:   5
     41.98187457        0.000021    0.076078    @   0  File:   3
     42.10571122        0.000044    0.259745    @   0  File:   3
     42.12815422        0.000384    0.187346    @   0  File:   1
     42.18124354        0.000029    0.000813    @   0  File:   5
     42.18183519        0.000010    0.010705    @   0  File:  19
     42.21175818        0.000003    0.131387    @   0  File:  17
     42.24884758        0.000156    0.186564    @   0  File:   1
     42.31416356        0.000128    0.161402    @   0  File:  17
     42.33095231        0.000059    0.165764    @   0  File:   1
     42.39510366        0.000132    0.234626    @   0  File:  17
     42.39577566        0.000090    0.000536    @   0  File:   5
     42.43651819        0.000088    0.172942    @   0  File:   3
     42.56751905        0.001452    0.365828    @   1  File:   1
     42.63351309        0.000035    0.108771    @   0  File:   3
     42.82154087        0.000169    0.035871    @   0  File:  19
     42.89793461        0.000100    0.051968    @   0  File:  19
     42.91391682        0.000005    0.002344    @   0  File:   5
     43.11367982        0.000374    0.109944    @   0  File:   1
     43.19192057        0.000007    0.219528    @   0  File:   3
     43.38369725        0.000071    0.004193    @   0  File:   5
     43.39964948        0.000086    0.078718    @   0  File:   3
     43.45699350        0.000012    0.009974    @   0  File:   5
     43.74102603        0.001131    0.273234    @   1  File:  17
     43.80327292        0.000340    0.060446    @   0  File:  19
     43.97446371        0.000277    0.244860    @   0  File:   1
     44.10522013        0.000258    0.068798    @   0  File:  19
     44.19508691        0.018852    0.070367    @   1  File:   1
     44.21209500        0.001572    0.043022    @   1  File:  19
     44.27452562        0.000187    0.001804    @   0  File:   5
     44.31531829        0.000235    0.063103    @   0  File:   3
     44.43836600        0.000216    0.113672    @   0  File:  17
     44.46162684        0.001703    0.197312    @   1  File:  17
     44.51883968        0.000070    0.005559    @   0  File:   5
     44.58340052        0.001064    0.087260    @   1  File:  19
     44.60672402        0.000060    0.323176    @   0  File:   3
     44.65179233        0.000324    0.131067    @   0  File:   1
     44.75435536        0.000279    0.147714    @   0  File:   3
     44.80528259        0.000045    0.129054    @   0  File:   3
     44.81439316        0.000204    0.174413    @   0  File:   1
     44.86355064        0.000022    0.010609    @   0  File:   5
     44.90871186        0.000501    0.032118    @   0  File:  19
     44.92513762        0.001767    0.095613    @   1  File:  17
     44.93946615        0.002088    0.172781    @   1  File:  17
     45.21452042        0.000119    0.400361    @   0  File:   1
     45.23389249        0.001153    0.063895    @   1  File:  19
     45.25293603        0.000000    0.104969    @   0  File:   5
     45.66485022        0.000018    0.123765    @   0  File:  19
     45.70350648        0.000001    0.046753    @   0  File:   5
     45.83759090        0.003437    0.117252    @   1  File:  17
     45.88403979        0.001052    0.055348    @   1  File:  19
     45.98293821        0.000007    0.068929    @   0  File:  17
     46.00948864        0.001512    0.331524    @   1  File:   1
     46.01286464        0.000414    0.221209    @   0  File:  17
     46.14067158        0.000016    0.073805    @   0  File:  19
     46.18732058        0.000226    0.310532    @   0  File:   1
     46.24527481        0.000020    0.051421    @   0  File:   5
     46.27339014        0.000118    0.157591    @   0  File:   3
     46.32288491        0.001951    0.229690    @   1  File:  17
     46.32783132        0.000082    0.060815    @   0  File:   3
     46.38048707        0.000063    0.033629    @   0  File:   5
     46.39512505        0.000107    0.328392    @   0  File:   1
     46.63996834        0.000133    0.178781    @   0  File:   3
     46.70016452        0.001039    0.039312    @   1  File:  19
     46.74847134        0.000274    0.058011    @   0  File:  19
     46.82531309        0.000004    0.076118    @   0  File:   5
     46.99638935        0.000074    0.075942    @   0  File:   3
     46.99904529        0.000135    0.233007    @   0  File:   1
     47.01803157        0.000067    0.011895    @   0  File:   5
     47.04093680        0.004103    0.121276    @   1  File:  17
     47.29826729        0.001058    0.046724    @   1  File:  19
     47.35416573        0.004165    0.339770    @   1  File:   1
     47.35823987        0.000048    0.324364    @   0  File:  17
     47.36908887        0.005879    0.303555    @   1  File:   1
     47.48581278        0.000016    0.231172    @   0  File:   3
     47.53979570        0.001618    0.238140    @   1  File:  17
     47.63685261        0.000046    0.179482    @   0  File:  17
     47.86765642        0.002113    0.314258    @   1  File:   1
     47.87962077        0.000117    0.061194    @   0  File:  19
     47.99225492        0.000003    0.021302    @   0  File:   5
     48.00706009        0.000141    0.091561    @   0  File:  19
     48.27076112        0.000268    0.259835    @   0  File:  17
     48.28897588        0.000320    0.093473    @   0  File:  19
     48.32855049        0.000011    0.312624    @   0  File:   3
     48.48484468        0.000001    0.142676    @   0  File:   5
     48.49032723        0.001093    0.092973    @   1  File:  17
     48.54794403        0.000123    0.346811    @   0  File:  17
     48.66286362        0.003145    0.368113    @   1  File:   1
     48.74452612        0.000017    0.074047    @   0  File:   5
     48.75743734        0.000040    0.122524    @   0  File:   3
     48.94348495        0.000024    0.040877    @   0  File:   5
     49.04078726        0.000048    0.224299    @   0  File:   3
     49.08451996        0.000157    0.066450    @   0  File:  19
     49.59403402        0.000372    0.011449    @   0  File:  19
     49.62696563        0.001154    0.241738    @   1  File:   1
     49.62777921        0.000039    0.009260    @   0  File:   5
     49.63999949        0.000018    0.243329    @   0  File:   3
     49.84735923        0.001462    0.169189    @   1  File:  17
     50.03774293        0.000376    0.182818    @   0  File:   1
     50.10626578        0.000138    0.276639    @   0  File:   3
     50.12444948        0.000847    0.028882    @   0  File:  19
     50.13357282        0.000093    0.216549    @   0  File:  17
     50.13890824        0.000265    0.204056    @   0  File:   1
     50.16954921        0.000974    0.061919    @   0  File:  17
     50.30350178        0.000216    0.015763    @   0  File:   5
     50.35544767        0.000432    0.029001    @   0  File:  19
     50.38410981        0.000255    0.049649    @   0  File:   3
     50.45203799        0.000168    0.020048    @   0  File:   5
     50.45499017        0.000276    0.171367    @   0  File:   3
     50.58527209        0.000051    0.141033    @   0  File:  19
     50.67010606        0.006992    0.137998    @   1  File:   1
     50.67903039        0.000607    0.159942    @   0  File:  17
     50.80431765        0.000107    0.234910    @   0  File:   1
     50.89961780        0.000001    0.069319    @   0  File:   5
     51.18612867        0.000577    0.303190    @   0  File:  17
     51.38201887        0.000019    0.098044    @   0  File:  19
     51.70801279        0.000264    0.045973    @   0  File:  19
     51.78043655        0.000465    0.232624    @   0  File:  17
     51.83255263        0.000027    0.028906    @   0  File:   5
     51.94240371        0.000450    0.344745    @   0  File:   1
     52.00423098        0.000723    0.048576    @   0  File:  17
     52.03744679        0.000107    0.102628    @   0  File:   3
     52.14057606        0.000284    0.342260    @   0  File:   1
     52.14564469        0.000267    0.167981    @   0  File:  19
     52.19167351        0.000065    0.060826    @   0  File:   5
     52.23739366        0.000330    0.212480    @   0  File:  17
     52.27957845        0.000340    0.098599    @   0  File:   3
     52.28080681        0.003586    0.156109    @   1  File:   1
     52.41802858        0.000321    0.029834    @   0  File:   5
     52.54858879        0.000067    0.136878    @   0  File:  19
     52.70768985        0.000102    0.239940    @   0  File:  19
     52.78485455        0.000249    0.122171    @   0  File:   3
     52.92274537        0.000032    0.098374    @   0  File:   5
     53.01157819        0.000498    0.146219    @   0  File:   3
     53.10641686        0.000422    0.021365    @   0  File:   5
     53.18754626        0.000043    0.389317    @   0  File:  19
     53.48999349        0.000559    0.074869    @   0  File:   3
     53.50021655        0.000715    0.252996    @   0  File:  17
     53.54669379        0.000817    0.196394    @   0  File:   1
     53.56821494        0.001069    0.247295    @   0  File:   1
     53.70314006        0.000735    0.064995    @   0  File:  17
     53.71347035        0.000601    0.037272    @   0  File:  19
     53.72546927        0.000239    0.008198    @   0  File:   5
     53.80675983        0.000413    0.187660    @   0  File:   3
     53.88113826        0.000017    0.265392    @   0  File:   1
     54.07195077        0.000226    0.006406    @   0  File:   5
     54.10013553        0.003109    0.098773    @   1  File:   1
     54.28735210        0.000125    0.072272    @   0  File:   3
     54.34462389        0.000333    0.121454    @   0  File:   3
     54.36156017        0.000256    0.002097    @   0  File:   5
     54.75041925        0.000011    0.490754    @   0  File:  17
     54.91865292        0.000000    0.810122    @   0  File:  19
     54.99786705        0.000093    0.194168    @   0  File:  17
     55.09179642        0.000040    0.038902    @   0  File:  19
     55.41263932        0.000141    0.517639    @   0  File:  17
     55.84211406        0.000005    0.001746    @   0  File:   5
     56.19036857        0.000206    0.457803    @   0  File:  17
     56.30977409        0.000002    0.622719    @   0  File:   1
     56.34710369        0.001115    0.499972    @   1  File:   1
     56.35909480        0.000002    0.205653    @   0  File:  19
     56.53776323        0.000256    0.014567    @   0  File:  19
     56.77741513        0.001525    0.071898    @   1  File:   3
     56.78985031        0.001590    0.001122    @   1  File:   5
     56.87600359        0.000255    0.353353    @   0  File:  17
     56.90142164        0.001396    0.128127    @   1  File:   1
     56.91129037        0.001093    0.194418    @   1  File:   3
     56.95225037        0.000016    0.163769    @   0  File:  19
     57.02882929        0.000350    0.382709    @   0  File:   3
     57.04043899        0.000104    0.058692    @   0  File:  19
     57.08722258        0.000358    0.005730    @   0  File:   5
     57.10082581        0.000403    0.164390    @   0  File:   3
     57.36502924        0.000545    0.378968    @   0  File:  17
     57.43341469        0.000970    0.449343    @   0  File:   1
     57.47425397        0.000717    0.369498    @   0  File:   1
     57.48483583        0.000006    0.059765    @   0  File:   5
     57.48601654        0.000250    0.227174    @   0  File:  17
     57.62647482        0.000085    0.012776    @   0  File:  19
     57.63290002        0.000548    0.218693    @   0  File:   1
     57.78508241        0.000060    0.011368    @   0  File:  19
     57.88147354        0.000015    0.035380    @   0  File:   5
     58.17211742        0.000053    0.738584    @   0  File:  17
     58.46600903        0.000003    0.060920    @   0  File:   5
     58.48471857        0.000151    0.001368    @   0  File:  19
     58.81917158        0.000054    0.582899    @   0  File:   3
     58.96941890        0.000127    0.388113    @   0  File:  17
     59.11417032        0.000438    0.131412    @   0  File:   3
     59.17837350        0.000482    0.011515    @   0  File:   5
     59.24225300        0.005423    0.372507    @   1  File:   1
     59.30028766        0.000717    0.478393    @   0  File:   1
     59.35596733        0.000235    0.370652    @   0  File:   3
     59.58227945        0.000039    0.075579    @   0  File:   5
     59.78367173        0.002591    0.310804    @   1  File:   1
     60.04162741        0.000574    0.300158    @   0  File:   3
     60.06695841        0.001864    0.251665    @   1  File:   1
     60.18874354        0.000260    0.111275    @   0  File:   5
     60.46902163        0.001091    0.113831    @   1  File:   5
     60.56819544        0.004249    0.258775    @   1  File:   1
     60.68884985        0.001009    0.226611    @   0  File:   3
     60.80837676        0.003598    0.162104    @   1  File:   3
     60.81125604        0.001246    0.179960    @   1  File:   5
     60.87772475        0.000740    0.093309    @   0  File:  17
     60.90627211        0.000672    0.000120    @   0  File:  19
     60.97891757        0.000814    0.081393    @   0  File:  17
     61.01067728        0.001738    0.132424    @   1  File:   5
     61.16027788        0.000202    0.000447    @   0  File:  19
     61.24755396        0.000324    0.264992    @   0  File:   1
     61.30255959        0.000046    0.151661    @   0  File:  17
     61.33457909        0.002954    0.306070    @   1  File:   1
     61.38986805        0.000167    0.162577    @   0  File:   5
     61.45839054        0.001226    0.328701    @   1  File:   3
     61.71028222        0.000988    0.252389    @   0  File:   3
     61.85229927        0.000299    0.142653    @   0  File:   5
     61.90663332        0.000107    0.213732    @   0  File:  17
     61.98003216        0.000153    0.187001    @   0  File:   5
     62.03781792        0.001360    0.217148    @   1  File:   3
     62.06911935        0.000559    0.000553    @   0  File:  19
     62.11715794        0.000668    0.064685    @   0  File:  17
     62.14251805        0.000243    0.034334    @   0  File:   5
     62.19416816        0.001723    0.475045    @   1  File:   1
     62.25607264        0.000150    0.234645    @   0  File:  17
     62.41226795        0.000007    0.400842    @   0  File:   1
     62.44111072        0.000085    0.003438    @   0  File:  19
     62.50169145        0.000045    0.006157    @   0  File:  19
     62.78464350        0.000545    0.113794    @   0  File:  17
     62.89536818        0.000252    0.378580    @   0  File:   3
     63.31077809        0.001321    0.218152    @   1  File:   1
     63.46528836        0.002363    0.455712    @   1  File:   1
     63.51209591        0.000354    0.000087    @   0  File:   5
     63.70284644        0.001632    0.125603    @   1  File:   3
     63.94754374        0.000028    0.338741    @   0  File:  17
     64.07977028        0.001005    0.000040    @   1  File:   5
     64.10218527        0.001855    0.142281    @   1  File:   3
     64.13581975        0.000196    0.591451    @   0  File:   1
     64.31528557        0.000476    0.235973    @   0  File:   3
     64.39335951        0.000872    0.000021    @   0  File:   5
     64.42743882        0.000022    0.337188    @   0  File:  17
     64.84005303        0.000019    0.003196    @   0  File:  19
     64.93614646        0.000141    0.680660    @   0  File:   1
     65.18265230        0.019991    0.203931    @   1  File:   1
     65.28613831        0.017994    0.063276    @   1  File:   3
     65.30078113        0.018093    0.000000    @   1  File:   5
     65.37000649        0.002945    0.047424    @   1  File:   3
     65.49025405        0.003914    0.363690    @   1  File:   1
     65.50786756        0.000000    0.127154    @   0  File:  19
     65.74119493        0.000006    0.029078    @   0  File:  19
     65.98090813        0.000079    0.004766    @   0  File:  19
     65.99795478        0.000109    0.128385    @   0  File:  17
     66.00511034        0.000159    0.186737    @   0  File:  17
     66.08775811        0.000041    0.000036    @   0  File:   5
     66.09165198        0.006288    0.109751    @   1  File:   3
     66.10911552        0.000609    0.047049    @   0  File:   3
     66.12024463        0.006046    0.000003    @   1  File:   5
     66.16849876        0.000004    0.255932    @   0  File:  17
     66.23247297        0.000001    0.022427    @   0  File:  19
     66.30125020        0.000098    0.160294    @   0  File:  17
     66.80319033        0.000327    0.412979    @   0  File:   1
     67.02068367        0.831416    0.073414    @   1  File:   1
     67.03194453        0.835928    0.005692    @   1  File:   3
     67.03199169        0.835847    0.000000    @   1  File:   5
     67.08547614        0.000002    0.005192    @   0  File:  19
     67.14914783        0.000008    0.173817    @   0  File:  17
     67.22094980        0.000010    0.012161    @   0  File:  19
     67.29976564        0.000005    0.166643    @   0  File:  17
     67.71535135        0.014629    0.443577    @   1  File:   1
     67.99701937        0.000001    0.050863    @   0  File:  19
     68.00886494        0.004671    0.002887    @   1  File:   3
     68.04594997        0.004728    0.031915    @   1  File:   3
     68.04668727        0.004718    0.000000    @   1  File:   5
     68.56101402        0.000017    0.179947    @   0  File:  17
     68.70343626        0.015718    1.490943    @   1  File:   1
     68.72464312        0.000028    0.123711    @   0  File:  17
     68.75099531        0.000025    0.001552    @   0  File:  19
     68.82096726        0.066805    1.152362    @   1  File:   1
     69.03565151        0.857885    0.000204    @   1  File:   3
     69.05645675        0.780609    0.208074    @   1  File:   1
     69.25201161        0.000000    0.895064    @   0  File:  19
     69.25745735        0.000000    1.306752    @   0  File:   3
     69.63164782        0.000096    0.064914    @   0  File:   1
     70.91749579        0.000007    0.013927    @   0  File:  19
     71.09267838        0.001489    0.000409    @   1  File:   3
     71.13006200        0.000376    0.000000    @   0  File:   5
     71.13010498        0.000376    0.005779    @   0  File:   3
     71.18215379        0.000311    0.681094    @   0  File:   1
     71.31883600        0.000092    1.365354    @   0  File:   1
     71.67673401        0.000814    0.461055    @   0  File:   1
     71.75314450        0.000016    0.262123    @   0  File:  17
     72.05614871        0.000016    0.316512    @   0  File:  17
     72.48576360        0.000015    0.016029    @   0  File:  19
     72.91564250        0.000004    0.034964    @   0  File:  19
     73.38533572        0.000000    0.000000    @   0  File:   5
     73.54096973        0.000016    0.058272    @   0  File:  19
     73.67453921        0.000024    0.369495    @   0  File:  17
     73.71248552        0.000014    0.432740    @   0  File:  17
     73.92390263        0.000005    0.151902    @   0  File:  19
     74.18314705        0.000328    0.146949    @   0  File:  17
     74.19115332        0.000298    0.029049    @   0  File:  19
     74.29683511        0.000036    0.141606    @   0  File:  17
     74.77513456        0.000090    0.023587    @   0  File:  19
     74.78253499        0.000190    0.002028    @   0  File:   3
     74.83309856        0.000014    0.166322    @   0  File:  19
     74.91661609        0.000076    0.251354    @   0  File:  17
     75.00968956        0.000172    0.000000    @   0  File:   5
     75.01289331        0.000176    0.032162    @   0  File:   3
     75.05727006        0.000019    0.130724    @   0  File:  19
     75.49250367        0.000012    0.000000    @   0  File:   5
     75.58587475        0.000395    0.299884    @   0  File:   1
     75.67288439        0.000464    0.146285    @   0  File:  17
     75.80062585        0.000002    0.021970    @   0  File:  19
     75.89637897        0.000022    0.046958    @   0  File:  17
     75.90790585        0.000588    0.188157    @   0  File:   1
     75.92808480        0.000205    0.243171    @   0  File:  17
     75.95973095        0.000049    0.315337    @   0  File:   3
     76.04542383        0.000206    0.004464    @   0  File:  19
     76.21430614        0.000157    0.186866    @   0  File:  17
     76.23510205        0.000458    0.009085    @   0  File:   3
     76.26129192        0.000305    0.000000    @   0  File:   5
     76.31265774        0.000283    0.123268    @   0  File:   3
     76.42260895        0.000021    0.505038    @   0  File:  17
     76.57845495        0.000008    0.067077    @   0  File:   3
     76.58276443        0.000017    0.000001    @   0  File:   5
     77.15301308        0.000125    0.501953    @   0  File:   1
     77.72495933        0.000000    0.006388    @   0  File:  19
     78.05948381        0.000013    0.000002    @   0  File:   5
     78.09495267        0.000013    0.128526    @   0  File:   3
     78.65622249        0.000000    0.000046    @   0  File:   5
     78.97190472        0.000070    0.493781    @   0  File:   1
     79.59988341        0.000046    0.019306    @   0  File:   3
     79.71816081        0.000004    0.000049    @   0  File:   5
     79.77745748        0.000004    0.013457    @   0  File:  19
     79.84677436        0.000017    0.803477    @   0  File:  17
     79.94077892        0.000001    0.714494    @   0  File:   1
     80.01063071        0.000018    0.108409    @   0  File:   3
     80.04713931        0.000013    0.000048    @   0  File:   5
     80.07449575        0.000111    0.052301    @   0  File:  17
     80.10872211        0.000236    0.064838    @   0  File:   1
     80.48891055        0.000070    0.005000    @   0  File:  19
     80.56863401        0.000009    0.066685    @   0  File:   3
     80.60758056        0.000059    0.418680    @   0  File:  17
     80.71066752        0.000002    0.000138    @   0  File:   5
     81.07928150        0.000001    0.000158    @   0  File:   5
     81.17266172        0.000020    0.565633    @   0  File:   1
     81.51239376        0.000003    0.300838    @   0  File:   3
     81.61391458        0.000000    1.548556    @   0  File:  19
     82.17345749        0.000002    0.000025    @   0  File:   5
     82.37877558        0.000002    0.186534    @   0  File:   3
     83.04524964        0.000025    0.119148    @   0  File:   1
     83.18999084        0.000039    0.961798    @   0  File:   1
     83.62999142        0.000003    0.584969    @   0  File:   3
     84.31328255        0.000000    1.017956    @   0  File:  19
     84.47238482        0.000032    0.207073    @   0  File:   3
     84.53587889        0.000022    0.000346    @   0  File:   5
     84.63168640        0.000001    0.352634    @   0  File:   1
     84.87176486        0.000120    0.171493    @   0  File:   3
     84.88405585        0.000090    0.000524    @   0  File:   5
     84.88898110        0.000005    0.781163    @   0  File:  17
     85.03180842        0.000135    0.116766    @   0  File:   3
     85.11203633        0.000143    0.223575    @   0  File:   1
     85.19188129        0.000014    0.170142    @   0  File:  19
     85.32131364        0.000004    0.122430    @   0  File:  19
     85.44254041        0.000160    0.528766    @   0  File:   1
     85.55134995        0.000019    0.009763    @   0  File:   5
     85.63575126        0.000004    0.019290    @   0  File:   5
     85.65012607        0.000021    0.311696    @   0  File:  19
     85.73399287        0.000067    0.183115    @   0  File:  17
     85.88505578        0.000039    0.248964    @   0  File:  17
     86.04251593        0.000015    0.434533    @   0  File:   3
     86.35956004        0.000043    0.342552    @   0  File:  19
     86.51090815        0.000031    0.308375    @   0  File:  17
     86.80254950        0.000074    0.339394    @   0  File:  17
     86.82110412        0.000037    0.273682    @   0  File:   1
     86.83341959        0.000102    0.162909    @   0  File:  19
     87.31035543        0.000181    0.265851    @   0  File:  17
     87.32299763        0.000024    0.338571    @   0  File:  19
     87.32520187        0.000007    0.449268    @   0  File:   3
     87.46537357        0.000632    0.091328    @   0  File:   1
     87.51011124        0.000003    0.034363    @   0  File:   5
     87.98931455        0.000069    0.215952    @   0  File:  19
     88.02263130        0.000014    0.080587    @   0  File:   5
     88.26811592        0.000039    0.550983    @   0  File:  17
     88.37906670        0.000069    0.050946    @   0  File:   5
     88.53694634        0.000093    0.334666    @   0  File:  19
     88.53761358        0.000144    0.207949    @   0  File:   3
     88.56979345        0.000385    0.258129    @   0  File:   1
     88.70470754        0.000088    0.228253    @   0  File:   3
     88.89456958        0.000071    0.511679    @   0  File:  17
     88.94443857        0.000062    0.540134    @   0  File:  17
     89.00619639        0.000109    0.376540    @   0  File:  19
     89.18758023        0.000053    0.138505    @   0  File:   1
     89.33575942        0.000190    0.075163    @   0  File:   5
     89.44308018        0.000418    0.335014    @   0  File:  17
     89.59106917        0.000198    0.209357    @   0  File:  19
     89.96223806        0.000088    0.758877    @   0  File:  17
     89.96598410        0.001950    0.125576    @   1  File:   5
     89.97328772        0.003998    0.158779    @   1  File:   1
     90.04584281        0.003751    0.104602    @   1  File:   3
     90.22926047        0.001717    0.173837    @   1  File:   5
     90.34894457        0.000148    0.283909    @   0  File:   3
     90.58861701        0.000200    0.198736    @   0  File:  19
     90.75202950        0.000809    0.544046    @   0  File:   1
     90.78662146        0.000355    0.206596    @   0  File:   5
     90.87873701        0.000187    0.273721    @   0  File:  19
     91.09347544        0.000443    0.329532    @   0  File:  17
     91.12307883        0.000586    0.236805    @   0  File:   1
     91.18112260        0.000442    0.327573    @   0  File:  17
     91.20418493        0.000265    0.276866    @   0  File:  19
     91.58651491        0.002679    0.384710    @   1  File:   3
     91.74286144        0.000705    0.209306    @   0  File:   5
     91.95866528        0.000346    0.359789    @   0  File:  17
     92.01228795        0.000036    0.304849    @   0  File:   1
     92.12836401        0.007201    0.071973    @   1  File:   5
     92.20315204        0.003375    0.203294    @   1  File:   3
     92.29087491        0.011822    0.233561    @   1  File:   1
     92.40243992        0.007485    0.303273    @   1  File:   3
     92.54448503        0.000091    0.135637    @   0  File:  19
     92.77309698        0.000189    0.470706    @   0  File:  17
     92.99307395        0.000306    0.090025    @   0  File:  19
     93.05444675        0.000575    0.264270    @   0  File:   1
     93.09018423        0.007828    0.402567    @   1  File:   1
     93.10482774        0.001687    0.468947    @   1  File:   3
     93.16502609        0.003214    0.155337    @   1  File:   5
     93.56984159        0.005164    0.155974    @   1  File:   5
     93.70133776        0.008260    0.200588    @   1  File:   3
     94.02056445        0.000058    0.522578    @   0  File:   1
     94.16396798        0.000354    0.374086    @   0  File:  17
     94.18920831        0.000381    0.485758    @   0  File:  17
     94.35307887        0.009270    0.185700    @   1  File:   3
     94.35425630        0.002238    0.214141    @   1  File:   5
     94.39922445        0.000054    0.164989    @   0  File:  19
     94.43971565        0.011593    0.303046    @   1  File:   1
     94.78525146        0.000279    0.110807    @   0  File:  19
     94.99944856        0.001653    0.301042    @   1  File:   5
     95.08066500        0.000268    0.372829    @   0  File:  17
     95.38749044        0.007013    0.189740    @   1  File:   3
     95.39409794        0.014506    0.370235    @   1  File:   1
     95.55270236        0.000053    0.394467    @   0  File:  17
     95.60551858        0.005150    0.153750    @   1  File:   5
     95.80079511        0.007789    0.180036    @   1  File:   3
     95.84442489        0.000129    0.258186    @   0  File:  19
     96.06701779        0.000142    0.393015    @   0  File:   1
     96.35778716        0.000897    0.284524    @   0  File:   5
     96.54635059        0.000267    0.169932    @   0  File:  19
     96.90085146        0.000421    0.426669    @   0  File:  17
     96.93611503        0.004636    0.333797    @   1  File:   3
     97.15553487        0.012244    0.284900    @   1  File:   1
     97.16810759        0.000506    0.397280    @   0  File:  17
     97.20589450        0.003733    0.167683    @   1  File:   5
     97.22404374        0.000131    0.285801    @   0  File:  19
     97.29367109        0.000218    0.362335    @   0  File:   1
     97.40724209        0.006686    0.216708    @   1  File:   3
     97.76973351        0.006913    0.128888    @   1  File:   5
     97.87566553        0.008142    0.223889    @   1  File:   3
     98.07123103        0.000077    0.294019    @   0  File:  19
     98.23592326        0.011867    0.393938    @   1  File:   1
     98.52018419        0.000236    0.301585    @   0  File:  17
     98.58899886        0.001158    0.319422    @   1  File:   5
     98.70788278        0.004051    0.305516    @   1  File:   3
     98.84443472        0.000262    0.259878    @   0  File:  19
     98.91356500        0.000184    0.414334    @   0  File:   1
     99.09730288        0.007102    0.233818    @   1  File:   1
     99.14451346        0.002812    0.251570    @   1  File:   5
     99.23766145        0.000169    0.293587    @   0  File:  17
     99.28675142        0.004830    0.112445    @   1  File:   3
     99.35941523        0.000259    0.311374    @   0  File:  19
     99.47788027        0.001843    0.171089    @   1  File:   5
     99.56734178        0.000365    0.426155    @   0  File:  17
     99.81763935        0.000097    0.259393    @   0  File:  19
     99.97228752        0.009190    0.154232    @   1  File:   3
    100.08560566        0.000436    0.335756    @   0  File:  17
    100.48081242        0.000093    0.511079    @   0  File:   1
    100.67765887        0.011852    0.275328    @   1  File:   1
    100.68223999        0.000099    0.495724    @   0  File:  19
    100.82071185        0.000213    0.431010    @   0  File:  17
    101.02425069        0.000020    0.304477    @   0  File:   5
    101.31590851        0.004865    0.099403    @   1  File:   3
    101.55249096        0.000011    0.333438    @   0  File:   5
    101.61386520        0.000054    0.427116    @   0  File:   3
    101.67950417        0.000082    0.209870    @   0  File:  19
    101.76079496        0.000225    0.290818    @   0  File:  19
    101.83556064        0.000101    0.439300    @   0  File:  17
    102.37448050        0.000317    0.390002    @   0  File:   1
    102.39522874        0.000398    0.325923    @   0  File:  17
    102.89494188        0.000042    0.086469    @   0  File:   5
    103.93597370        0.000520    0.494760    @   0  File:  17
    103.96020551        0.000147    0.318070    @   0  File:   1
    104.09798431        0.000135    0.328939    @   0  File:   3
    104.27550977        0.000054    0.317850    @   0  File:   5
    104.30057546        0.000263    0.305322    @   0  File:  19
    104.40417753        0.000438    0.350914    @   0  File:   3
    104.68873308        0.000398    0.316213    @   0  File:   1
    104.82377305        0.000743    0.179667    @   0  File:   5
    104.87177144        0.000100    0.274174    @   0  File:  19
    105.10504611        0.000242    0.353915    @   0  File:  19
    105.17422921        0.000071    0.587029    @   0  File:  17
    105.29507141        0.000065    0.507348    @   0  File:  17
    105.35021616        0.004735    0.241391    @   1  File:   1
    105.55298393        0.003443    0.132644    @   1  File:   5
    105.56150746        0.004609    0.192173    @   1  File:   3
    105.71982740        0.001235    0.794399    @   1  File:   1
    106.03263884        0.001101    0.206021    @   1  File:   5
    106.08418598        0.000305    0.429174    @   0  File:   3
    106.15954583        0.000342    0.410234    @   0  File:  19
    106.65302270        0.001785    0.318570    @   1  File:  17
    106.89404184        0.001334    0.180153    @   1  File:  19
    106.92816674        0.000686    0.268435    @   0  File:  17
    106.97747404        0.000339    0.328214    @   0  File:   1
    107.18920432        0.001306    0.179595    @   1  File:   5
    107.22931013        0.003269    0.468264    @   1  File:   3
    107.55740798        0.000057    0.428864    @   0  File:  19
    107.65952666        0.004039    0.239186    @   1  File:   3
    107.71706808        0.027388    0.162359    @   1  File:   1
    107.76712343        0.025106    0.056664    @   1  File:   5
    107.80575080        0.023900    0.147778    @   1  File:   3
    107.94529157        0.000158    0.400083    @   0  File:  17
    108.19821892        0.000658    0.286576    @   0  File:   1
    108.30731692        0.000446    0.263685    @   0  File:   5
    108.66665280        0.000086    0.365492    @   0  File:  19
    108.67625219        0.000173    0.407397    @   0  File:  17
    108.80903758        0.000161    0.335505    @   0  File:  19
    108.83220094        0.002100    0.428333    @   1  File:   3
    108.88083757        0.014430    0.571587    @   1  File:   1
    109.00754191        0.000778    0.260532    @   0  File:  17
    109.47359812        0.000131    0.463582    @   0  File:   1
    109.79184170        0.000469    0.282232    @   0  File:   5
    109.82369352        0.000384    0.535961    @   0  File:  17
    109.87086830        0.026039    0.073712    @   1  File:   3
    110.22142944        0.003153    0.104002    @   1  File:   3
    110.26499112        0.002667    0.169473    @   1  File:   5
    110.34603940        0.016668    0.456407    @   1  File:   1
    110.35811130        0.000204    0.333807    @   0  File:  19
    110.42764056        0.006012    0.417434    @   2  File:   1
    110.77687512        0.000036    0.280473    @   0  File:  19
    110.91368713        0.000094    0.566764    @   0  File:   5
    111.44172296        0.000130    0.447524    @   0  File:  17
    111.71746650        0.000066    0.659772    @   0  File:  17
    111.82183910        0.000204    0.586752    @   0  File:   1
    111.83185514        0.000128    0.467069    @   0  File:  19
    112.00955353        0.000802    0.148752    @   0  File:   5
    112.10582340        0.001060    0.205638    @   1  File:   3
    112.41131730        0.003083    0.091181    @   1  File:   3
    112.76540783        0.000341    0.315178    @   0  File:   5
    112.93364885        0.000117    0.468869    @   0  File:  19
    113.16797142        0.000283    0.282226    @   0  File:  17
    113.28695344        0.000485    0.198109    @   0  File:   5
    113.33566843        0.000088    0.436280    @   0  File:  19
    113.37828490        0.000674    0.210786    @   0  File:   3
    113.44401169        0.001437    0.510161    @   1  File:   1
    113.67382012        0.000395    0.496704    @   0  File:  17
    113.95903297        0.002696    0.398671    @   1  File:   1
    114.00480740        0.001161    0.314278    @   0  File:   1
    114.21819231        0.000981    0.208751    @   0  File:   3
    114.31238891        0.000091    0.192791    @   0  File:   5
    114.42687892        0.000088    0.524904    @   0  File:  19
    114.53066169        0.001054    0.474732    @   1  File:   1
    114.95543858        0.000193    0.214414    @   0  File:  19
    115.14513829        0.000199    0.343062    @   0  File:  17
    115.20564622        0.000157    0.303350    @   0  File:  17
    115.35828376        0.000521    0.115864    @   0  File:   5
    115.50416176        0.000772    0.196563    @   0  File:   3
    115.57608402        0.001811    0.079759    @   1  File:   3
    115.58097655        0.000112    0.339334    @   0  File:  19
    115.68792961        0.001304    0.058176    @   1  File:   5
    115.83620664        0.001633    0.238902    @   1  File:   1
    116.83034079        0.000212    0.344618    @   0  File:  17
    116.91022660        0.000481    0.442927    @   0  File:   1
    117.09338326        0.000082    0.284104    @   0  File:   3
    117.11721685        0.000021    0.134829    @   0  File:   5
    117.14039054        0.000067    0.192284    @   0  File:  19
    117.14695506        0.000239    0.725882    @   0  File:  17
    117.49893318        0.000216    0.437727    @   0  File:   1
    117.62302709        0.000038    0.073306    @   0  File:   5
    117.66705864        0.002100    0.227484    @   1  File:   1
    117.68123248        0.000090    0.235796    @   0  File:  19
    117.76462799        0.001808    0.097050    @   1  File:   3
    118.33552491        0.000176    0.364054    @   0  File:  17
    118.76947567        0.000147    0.457348    @   0  File:  17
    118.88968009        0.000069    0.358325    @   0  File:   3
    119.09836441        0.000015    0.312566    @   0  File:   3
    119.13397481        0.000001    0.225587    @   0  File:   5
    119.22172175        0.000082    0.212429    @   0  File:  19
    119.52512022        0.000009    0.059324    @   0  File:   5
    120.04697274        0.000819    0.192295    @   0  File:  19
    120.10278774        0.000153    0.591161    @   0  File:   1
    120.83816937        0.003591    0.265097    @   1  File:  17
    120.88563582        0.000320    0.316058    @   0  File:  17
    120.96565965        0.002582    0.184434    @   1  File:  19
    121.08667596        0.000251    0.138343    @   0  File:  19
    121.40257034        0.000267    0.302088    @   0  File:  17
    121.47425459        0.000500    0.347452    @   0  File:  17
    122.07488434        0.000001    0.147738    @   0  File:   5
    122.17453461        0.000956    0.251464    @   0  File:  19
    122.18828583        0.000107    0.515388    @   0  File:   1
    122.19347467        0.000019    0.413114    @   0  File:   3
    122.47600790        0.000057    0.197001    @   0  File:   3
    122.53296482        0.000082    0.417973    @   0  File:   1
    122.54480824        0.000059    0.031959    @   0  File:   5
    122.68310185        0.000110    0.262279    @   0  File:  19
    122.87764700        0.000076    0.840069    @   0  File:   1
    123.13137253        0.001551    0.429777    @   1  File:  17
    123.30733755        0.002192    0.207304    @   1  File:  17
    123.40688912        0.000754    0.196379    @   0  File:  19
    123.83754226        0.000005    0.180002    @   0  File:   5
    123.90068747        0.000292    0.445987    @   0  File:   1
    123.97881760        0.000032    0.641496    @   0  File:   3
    124.20766185        0.000031    0.527797    @   0  File:   3
    124.59122974        0.000024    0.157062    @   0  File:   5
    124.79535184        0.000155    0.648330    @   0  File:   1
    124.91222725        0.000304    0.152157    @   0  File:  19
    125.02813078        0.000074    0.298021    @   0  File:  19
    125.10450146        0.000054    0.448878    @   0  File:   3
    125.19327228        0.000171    0.135179    @   0  File:  17
    125.25116075        0.000015    0.200583    @   0  File:   5
    125.32594270        0.000076    0.335435    @   0  File:  17
    125.76554233        0.000065    0.308124    @   0  File:  19
    125.78644241        0.001042    0.164202    @   0  File:  17
    125.90885721        0.000785    0.096390    @   0  File:  19
    125.99331293        0.000255    0.426337    @   0  File:   1
    126.51585149        0.000971    0.726843    @   0  File:   3
    126.70972968        0.001663    0.225505    @   1  File:   5
    126.76131602        0.003592    0.122081    @   1  File:   1
    126.78709628        0.001741    0.230313    @   1  File:   5
    126.83521451        0.000040    0.638269    @   0  File:   1
    126.86897562        0.002608    0.500815    @   1  File:   3
    127.19560203        0.000178    1.081273    @   0  File:   1
    127.28786687        0.000474    0.221543    @   0  File:  17
    127.63103217        0.000240    0.060897    @   0  File:   5
    127.63625661        0.000000    1.217607    @   0  File:  19
    127.71835762        0.000035    0.443395    @   0  File:   3
    128.08402737        0.000084    0.579313    @   0  File:   3
    128.77002641        0.000002    0.336813    @   0  File:   5
    128.93680708        0.003647    0.038690    @   1  File:   3
    128.98367343        0.003461    0.229432    @   1  File:   1
    129.09045061        0.000208    0.624058    @   0  File:   1
    129.61037554        0.000002    0.171459    @   0  File:   5
    131.16678283        0.000014    0.051035    @   0  File:   5
    131.22560406        0.000666    0.066961    @   0  File:  17
    131.23150874        0.000667    0.004783    @   0  File:  19
    131.28639526        0.000807    0.160709    @   0  File:  17
    131.46215507        0.000020    0.320816    @   0  File:   3
    131.60102461        0.000026    0.334915    @   0  File:   3
    131.98723225        0.000083    0.506489    @   0  File:   1
    132.60230898        0.000016    0.241727    @   0  File:   5
    132.85237903        0.000026    0.961551    @   0  File:  17
    133.08660773        0.000011    0.481431    @   0  File:   5
    133.13200142        0.000038    0.280488    @   0  File:   3
    133.63153391        0.000079    0.342275    @   0  File:   3
    133.68819936        0.000098    0.976425    @   0  File:   1
    133.83580736        0.000005    0.221973    @   0  File:  19
    134.09056478        0.000087    0.300738    @   0  File:   5
    134.48867653        0.000018    0.821940    @   0  File:  17
    134.64553796        0.000016    0.484081    @   0  File:  17
    134.69727002        0.005093    0.082994    @   1  File:   1
    134.71200712        0.004860    0.095593    @   1  File:   5
    134.72070476        0.005060    0.047370    @   1  File:   3
    134.76999336        0.000159    0.640252    @   0  File:   1
    134.90573501        0.000006    0.671450    @   0  File:  19
    134.99814184        0.000173    0.400327    @   0  File:   5
    135.12942331        0.000019    0.128282    @   0  File:  19
    135.47209144        0.000098    0.389893    @   0  File:   1
    135.51374690        0.000052    0.281960    @   0  File:   3
    135.70119182        0.000142    0.380377    @   0  File:  19
    135.76961979        0.003026    0.297767    @   1  File:   1
    135.93474009        0.000313    0.504543    @   0  File:  17
    136.01837719        0.000021    0.237112    @   0  File:   5
    136.28497638        0.000027    0.315057    @   0  File:   3
    136.74631198        0.000356    0.382575    @   0  File:  19
    136.80779987        0.005057    0.033969    @   1  File:   3
    136.81238017        0.000401    0.267783    @   0  File:  17
    136.82018576        0.000002    0.399483    @   0  File:   5
    136.83390716        0.005086    0.083472    @   1  File:   1
    137.24010475        0.000228    0.126911    @   0  File:  19
    137.44237754        0.000670    0.460750    @   0  File:   1
    137.61182453        0.001012    0.800199    @   1  File:  17
    137.74275012        0.000132    0.457584    @   0  File:   1
    137.85062828        0.000011    0.101493    @   0  File:   5
    137.86968870        0.000384    0.554291    @   0  File:   1
    138.07771263        0.000689    0.223635    @   0  File:  19
    138.13571081        0.000063    0.184843    @   0  File:   3
    138.43898870        0.000072    1.469810    @   0  File:  17
    138.60606327        0.000094    0.090699    @   0  File:   3
    138.67240777        0.000088    0.029414    @   0  File:   5
    138.96645526        0.000119    0.863563    @   0  File:   1
    139.41804308        0.000001    0.332693    @   0  File:   5
    139.71588741        0.000675    0.140354    @   0  File:  19
    139.84281631        0.000016    0.158467    @   0  File:   3
    139.92990540        0.000000    0.265598    @   0  File:   5
    139.93983951        0.000006    0.272085    @   0  File:   3
    140.11302113        0.001015    0.869045    @   1  File:  17
    140.20965820        0.000096    0.069606    @   0  File:   1
    140.34467958        0.000044    0.371383    @   0  File:   1
    140.38276027        0.000004    0.026748    @   0  File:   5
    140.63632719        0.000092    0.146783    @   0  File:   1
    140.77080810        0.000073    0.026746    @   0  File:   3
    141.00535517        0.000019    0.048578    @   0  File:   3
    141.01748460        0.000025    0.192783    @   0  File:  19
    141.02076842        0.000017    0.001142    @   0  File:   5
    142.92126589        0.000204    0.465122    @   0  File:  17
    142.96375460        0.000029    0.160819    @   0  File:  19
    143.07090496        0.002137    0.428210    @   1  File:  17
    143.24845440        0.000756    0.017797    @   0  File:   1
    143.30997473        0.000343    0.537671    @   0  File:  17
    143.37764773        0.011836    0.104419    @   1  File:  19
    144.14128318        0.022794    0.421173    @   1  File:  17
    144.42551807        0.001872    0.693633    @   1  File:  19
    144.95407738        0.007956    0.367200    @   1  File:  19
    145.51518307        0.006346    0.349202    @   1  File:  19
    145.67853815        0.000243    0.736599    @   0  File:  17
    146.56186934        0.065658    0.697698    @   1  File:  17
    146.62415499        0.229554    0.152992    @   1  File:  19
    147.06977108        0.417518    0.506710    @   1  File:  17
    147.21917686        0.003552    0.432643    @   1  File:  17
    147.35890403        0.161376    0.615774    @   1  File:  19
    147.86877256        0.179661    0.536669    @   1  File:  19
    148.79387225        0.151857    0.467064    @   1  File:  17
    149.25317252        0.056507    0.285436    @   1  File:  19
    150.80083405        0.013962    0.519860    @   1  File:  17
    150.94275474        0.006166    0.278109    @   1  File:  19
    151.32033800        0.006690    0.057514    @   1  File:  19
    151.38584768        0.000000    0.236413    @   0  File:   3
    151.44131627        0.000000    0.005519    @   0  File:   5
    151.44308292        0.000000    0.418474    @   0  File:   3
    151.52800044        0.000004    0.974702    @   0  File:   1
    151.99112846        0.000233    0.484190    @   0  File:  17
    152.16021733        0.003144    0.550570    @   1  File:  17
    152.21342828        0.000002    0.087922    @   0  File:   5
    152.33387885        0.000006    0.172448    @   0  File:   3
    152.34602199        0.000005    0.281239    @   0  File:   3
    152.37579031        0.000002    0.143754    @   0  File:   5
    152.46994062        0.000009    0.321800    @   0  File:   1
    152.62784306        0.007333    0.704209    @   1  File:  17
    152.96381862        0.000001    0.100742    @   0  File:   5
    152.97151766        0.000000    1.580757    @   0  File:   1
    152.97203490        0.004106    0.054883    @   1  File:  19
    153.01398102        0.003374    0.164414    @   1  File:  17
    153.09145757        0.005134    0.281949    @   1  File:  17
    153.40461522        0.001799    0.247892    @   1  File:  19
    154.17407947        0.000004    0.066423    @   0  File:   5
    154.20769845        0.000006    0.423584    @   0  File:   3
    154.24781616        0.001454    0.331424    @   1  File:  19
    154.33192510        0.000004    0.239429    @   0  File:   3
    154.72618554        0.232545    0.387210    @   1  File:  17
    154.99460819        0.000001    0.246717    @   0  File:   5
    155.81105966        0.000002    0.259476    @   0  File:   5
    155.84901781        0.003833    0.258523    @   1  File:  19
    155.91430396        0.000063    0.993861    @   0  File:   1
    156.56135375        0.000007    0.555172    @   0  File:   3
    156.62648373        0.133950    0.622628    @   1  File:  17
    156.64008567        0.000061    0.050374    @   0  File:   5
    156.64065456        0.000067    0.330707    @   0  File:   3
    157.80759218        0.014088    0.457159    @   1  File:  17
    157.82005044        0.000220    0.185297    @   0  File:  19
    157.90081310        0.000062    0.653893    @   0  File:   1
    157.90484979        0.000095    0.055466    @   0  File:   5
    157.96478366        0.000177    0.081913    @   0  File:   1
    158.30907617        0.010728    0.162971    @   1  File:  19
    158.37959961        0.000255    0.400810    @   0  File:   3
    158.72408692        0.000085    0.229023    @   0  File:   3
    158.77111546        0.000419    0.608753    @   0  File:   1
    158.78937683        0.000228    0.056320    @   0  File:   5
    159.30103862        0.005394    0.339370    @   1  File:  17
    159.61603766        0.000258    0.362934    @   0  File:  19
    159.66916782        0.000156    0.541599    @   0  File:   3
    159.70364589        0.000071    0.116802    @   0  File:   5
    160.23639364        0.000086    0.496151    @   0  File:  17
    160.49618117        0.152614    0.397108    @   1  File:  17
    160.59893435        0.006767    0.286137    @   1  File:  19
    160.59919986        0.000064    0.464008    @   0  File:   3
    160.76715674        0.000034    0.168382    @   0  File:   1
    160.78956013        0.000027    0.243361    @   0  File:   5
    161.18562245        0.000244    0.764497    @   0  File:   1
    161.55677925        0.000037    0.194003    @   0  File:   5
    161.56352709        0.015686    0.555093    @   1  File:  17
    161.59766718        0.000182    0.274971    @   0  File:   1
    161.74068482        0.001967    0.291110    @   1  File:  19
    162.42703151        0.000222    0.314298    @   0  File:   3
    162.49947635        0.005881    0.359574    @   1  File:  19
    163.02902027        0.001363    0.635791    @   1  File:   3
    163.08012998        0.000089    0.574108    @   0  File:   1
    163.30296753        0.001562    0.339507    @   1  File:   5
    163.38074039        0.001223    0.390042    @   1  File:   5
    163.44584835        0.003302    0.334451    @   1  File:   1
    163.60806378        0.040623    0.572229    @   1  File:  17
    163.76352458        0.001900    0.705470    @   1  File:   3
    163.78779296        0.003055    0.375833    @   1  File:  19
    164.46647373        0.005472    0.316613    @   1  File:  19
    164.50836252        0.000148    0.446690    @   0  File:  17
    164.79123697        0.000789    0.041186    @   0  File:   5
    164.89974861        0.002746    0.137501    @   1  File:   3
    164.97940774        0.003191    0.365037    @   1  File:   1
    165.05508881        0.010987    0.553934    @   1  File:  17
    165.17806841        0.000266    0.346860    @   0  File:  17
    165.42780888        0.000900    0.325295    @   0  File:  19
    165.78099337        0.000733    0.675682    @   0  File:   3
    166.31284155        0.000237    0.146366    @   0  File:   5
    166.31832984        0.001958    0.412712    @   1  File:  19
    166.67440046        0.000073    0.343767    @   0  File:   1
    166.78084969        0.001283    0.682671    @   1  File:   1
    166.89018349        0.000971    0.469027    @   0  File:   3
    166.91433950        0.000468    0.119811    @   0  File:   5
    167.75357374        0.000677    0.613041    @   0  File:   3
    168.12021775        0.000415    0.441895    @   0  File:  19
    168.26448196        0.001626    0.597696    @   1  File:   1
    168.27232752        0.000657    0.623660    @   0  File:   3
    168.39150860        0.000393    0.148481    @   0  File:   5
    168.76867933        0.011885    0.784987    @   1  File:  17
    169.13960127        0.000137    0.314771    @   0  File:   5
    169.30125888        0.006420    0.242512    @   1  File:  19
    169.35046732        0.001917    0.415903    @   1  File:   1
    169.53972652        0.000464    0.515422    @   0  File:  17
    169.91504570        0.000576    0.599201    @   0  File:   3
    169.94033507        0.003754    0.661145    @   1  File:  17
    169.94489806        0.001206    0.553819    @   1  File:   1
    170.16385473        0.000353    0.145917    @   0  File:   5
    170.32131463        0.000691    0.283065    @   0  File:  19
    170.48070042        0.010550    0.685608    @   1  File:  17
    170.49094461        0.000795    0.444359    @   0  File:   3
    170.93617243        0.001239    0.762824    @   1  File:   1
    171.10422903        0.006072    0.281688    @   1  File:  19
    171.52755708        0.001190    0.338422    @   1  File:   1
    171.52846253        0.000410    0.155314    @   0  File:   5
    172.03179875        0.000702    0.534145    @   0  File:   3
    172.41443805        0.001299    0.609345    @   1  File:   1
    172.44108836        0.000278    0.235877    @   0  File:   5
    172.58662150        0.000548    0.548028    @   0  File:   3
    172.67334601        0.005153    0.058118    @   1  File:  19
    172.81751760        0.003492    0.285698    @   1  File:  17
    173.04915091        0.026891    0.641043    @   1  File:  17
    173.45612363        0.000386    0.179853    @   0  File:   5
    173.59361251        0.000395    0.714603    @   0  File:   1
    173.85757919        0.017203    0.236794    @   1  File:  19
    173.89533803        0.000460    0.509939    @   0  File:   3
    174.41737994        0.008440    0.237687    @   2  File:  17
    174.44106029        0.025680    0.373645    @   1  File:  17
    174.47965873        0.000647    0.429477    @   0  File:   3
    174.57347520        0.000121    0.271233    @   0  File:   5
    174.86002949        0.000857    0.947655    @   0  File:   1
    175.43913325        0.004821    0.456908    @   1  File:  19
    175.70496551        0.004800    0.441604    @   1  File:  19
    175.79738561        0.000061    0.398233    @   0  File:   5
    176.38528024        0.000117    0.749718    @   0  File:   1
    176.61929482        0.001022    0.617489    @   1  File:   1
    176.74916285        0.000396    0.142137    @   0  File:   5
    176.78378065        0.000534    0.423485    @   0  File:   3
    176.85116447        0.037105    0.714037    @   1  File:  17
    176.92230736        0.000529    0.385255    @   0  File:   3
    177.35506176        0.008036    0.424705    @   1  File:  19
    177.73376834        0.000797    0.343815    @   0  File:  19
    178.24059520        0.000535    0.144639    @   0  File:   5
    178.62268255        0.016661    0.533216    @   1  File:  17
    178.67302712        0.000683    0.403555    @   0  File:   3
    178.93390460        0.000099    0.846826    @   0  File:  17
    178.93743688        0.001386    0.724318    @   0  File:   1
    179.05419510        0.000413    0.397940    @   0  File:   3
    179.08146125        0.002857    0.528442    @   1  File:   1
    179.13299900        0.000161    0.351430    @   0  File:   5
    179.59801688        0.000398    0.499989    @   0  File:  17
    179.64839047        0.038964    0.476606    @   1  File:  17
    179.83174233        0.007917    0.392594    @   1  File:  19
    180.05361289        0.000201    0.240969    @   0  File:   5
    180.25422326        0.000462    0.443614    @   0  File:   1
    180.40006896        0.001193    0.261429    @   1  File:  19
    181.06240009        0.001927    0.626242    @   1  File:   1
    181.24878658        0.000658    0.486032    @   0  File:   3
    181.53068002        0.000559    0.147904    @   0  File:   5
    181.58163085        0.001386    0.608730    @   1  File:   1
    181.72451971        0.003483    0.444072    @   1  File:  19
    181.83675930        0.000612    0.643014    @   0  File:   3
    182.25303379        0.000167    0.249161    @   0  File:   5
    182.41609166        0.000672    0.675079    @   0  File:   1
    182.53397728        0.000725    0.511477    @   0  File:   3
    182.63599221        0.000274    0.669522    @   0  File:   3
    182.81701854        0.000011    0.526624    @   0  File:  19
    183.11067557        0.000171    0.548686    @   0  File:  17
    183.45339531        0.006920    0.666693    @   1  File:  17
    183.77802716        0.001259    0.512568    @   1  File:   1
    183.79951217        0.000030    0.438886    @   0  File:   5
    183.82402804        0.008935    0.617934    @   1  File:  17
    184.27647867        0.000177    0.543602    @   0  File:  19
    184.52943990        0.000316    1.013962    @   0  File:   1
    184.67517051        0.000036    0.374064    @   0  File:   5
    185.02817677        0.020585    0.239200    @   1  File:  19
    185.66280988        0.000077    0.579765    @   0  File:   3
    186.15718820        0.000043    0.289218    @   0  File:   5
    186.40021074        0.001004    1.005097    @   0  File:   1
    186.50604811        0.000088    0.379521    @   0  File:   3
    186.52818584        0.022630    0.326779    @   1  File:  19
    186.65935867        0.039974    0.567973    @   1  File:  17
    186.71610102        0.001101    0.439439    @   1  File:  19
    186.98872608        0.081243    0.453738    @   1  File:  17
    187.18632939        0.000030    0.389484    @   0  File:   5
    187.76048224        0.006177    1.077326    @   1  File:  17
    187.93213483        0.000060    0.549934    @   0  File:   3
    188.19388955        0.000029    0.270960    @   0  File:   5
    188.53830414        0.001398    0.553684    @   1  File:   1
    188.59049097        0.000019    0.899519    @   0  File:   3
    188.62022633        0.002743    0.429529    @   1  File:  17
    188.62968164        0.014855    0.323490    @   1  File:  19
    188.73713169        0.000153    0.850259    @   0  File:   1
    189.04329989        0.000023    0.225534    @   0  File:  19
    189.43085616        0.002349    1.214015    @   1  File:  17
    189.90052692        0.000018    0.279388    @   0  File:   5
    190.10797215        0.004627    0.417334    @   1  File:   1
    190.21025728        0.012957    0.564999    @   1  File:  17
    190.32488800        0.007633    0.283973    @   1  File:  19
    191.16761086        0.000127    0.417830    @   0  File:   3
    191.17769076        0.000093    0.196178    @   0  File:   5
    191.29615547        0.000053    0.515864    @   0  File:   3
    191.62052750        0.000141    0.995442    @   0  File:   1
    191.70508569        0.000004    0.467522    @   0  File:  19
    192.24114632        0.000050    0.347271    @   0  File:   5
    192.25699074        0.000022    0.967100    @   0  File:  17
    193.06068975        0.002916    0.629944    @   1  File:   1
    193.41432296        0.000222    0.189824    @   0  File:   5
    193.50086195        0.000331    0.429066    @   0  File:   3
    193.54044987        0.000488    0.553221    @   0  File:   1
    193.67477353        0.000345    0.778426    @   0  File:  17
    193.79079024        0.000132    0.378833    @   0  File:   3
    193.88022116        0.001018    0.493181    @   1  File:  19
    194.40820298        0.000159    0.202459    @   0  File:   5
    194.58589980        0.000161    0.329753    @   0  File:  19
    195.36944933        0.000138    0.722897    @   0  File:   3
    195.53264820        0.010768    0.553406    @   1  File:  17
    195.63728313        0.003156    0.670856    @   1  File:   1
    195.87986642        0.000102    0.389841    @   0  File:   3
    195.93545649        0.000052    0.384440    @   0  File:   5
    196.36718639        0.003288    0.437080    @   1  File:  19
    196.71661091        0.000165    0.318462    @   0  File:  17
    196.73254307        0.000477    0.267320    @   0  File:  19
    196.79603388        0.001563    0.355898    @   1  File:  17
    196.83646871        0.000505    1.185515    @   0  File:   1
    197.14970331        0.000069    0.826235    @   0  File:   5
    197.43034693        0.007695    0.451403    @   1  File:   1
    197.49057996        0.008858    0.404126    @   1  File:  17
    197.68602896        0.002112    0.151072    @   1  File:   5
    197.69590601        0.002221    0.144239    @   1  File:   3
    197.71173163        0.002300    0.239294    @   1  File:   1
    197.91060119        0.000900    0.544854    @   0  File:  19
    198.49883399        0.006869    0.391542    @   1  File:  19
    198.76726081        0.000074    0.302996    @   0  File:   5
    198.85323311        0.005457    0.752958    @   1  File:  17
    198.99055327        0.002258    0.082958    @   1  File:   3
    199.45377648        0.002355    0.678791    @   1  File:   1
    199.52750153        0.002274    0.650350    @   1  File:   1
    200.11924141        0.001176    0.729392    @   1  File:  19
    200.21337305        0.000051    0.910976    @   0  File:   3
    200.22948981        0.000006    0.521853    @   0  File:   5
    201.23054883        0.000334    0.472948    @   0  File:  19
    201.23630200        0.000070    0.797562    @   0  File:  17
    201.42241339        0.000456    0.283175    @   0  File:   3
    201.60790431        0.000082    0.119644    @   0  File:   5
    201.97852883        0.009280    0.774513    @   1  File:  17
    202.04024743        0.000071    0.560871    @   0  File:   3
    202.11891474        0.006118    0.647357    @   1  File:   1
    202.58227127        0.014860    0.679633    @   1  File:  17
    202.76393935        0.000117    0.785351    @   0  File:   1
    202.81584048        0.000008    0.322837    @   0  File:   5
    203.20431754        0.044523    0.173860    @   1  File:  19
    203.21430895        0.000059    0.752776    @   0  File:   3
