     2.152867086116838E+00    4.852725999964807E-25
     2.152867086121582E+00    5.269154062665738E-23
     2.251555249671914E+00    9.028763868493579E-04
     3.097358688981338E+00    1.777093619223169E-05
     3.138077012751955E+00    8.179515835866644E-25
     3.138077012751961E+00    9.879029811875336E-21
     3.176659282148703E+00    2.199620774643920E-19
     3.176659282713136E+00    2.380163618390425E-17
     3.178078982803645E+00    3.409395427405855E-04
     3.209649828370440E+00    3.902475932793652E-21
     3.209649831079795E+00    3.148469928384381E-20
     3.226940407141297E+00    2.584138977005183E-21
     3.279730283366426E+00    1.905802067781709E-03
     3.307926901732609E+00    3.564104726669627E-19
     3.307926902265580E+00    6.232413254042259E-19
     3.550812161342832E+00    1.799416435107489E-21
     3.550812161459636E+00    1.513201620168458E-22
     3.580039034657158E+00    3.830901787680784E-04
     3.919789682831339E+00    2.944241045051288E-22
     3.919789682872036E+00    1.984512930670138E-22
     4.000074931731917E+00    2.667817071228506E-05
     4.028037377522391E+00    3.309511922831225E-03
     4.078628308697436E+00    6.379735038317632E-22
     4.078628308697440E+00    9.186652463832746E-22
     4.190169885047143E+00    2.300279842268168E-22
     4.190169885086549E+00    3.655684465096559E-22
     4.230014085411242E+00    2.496800529192027E-03
     4.514249174067909E+00    7.247903667368484E-04
     4.531975230146086E+00    5.028511561365400E-21
     4.531975230316658E+00    3.640816649107423E-21
     5.002576596491143E+00    5.971336821340138E-03
     5.449268307903589E+00    2.514599806861378E-20
     5.449268308023821E+00    1.097427600900671E-22
     6.301292256256163E+00    8.008450580858721E-04
     7.213084903519641E+00    1.022009124438947E-02
     7.235455889963070E+00    1.164912720325629E-15
     7.235455891292941E+00    5.884962200374101E-16
     7.283524253716032E+00    2.775029717824289E-19
     7.354208491551264E+00    9.198973738329607E-18
     7.354208509220745E+00    1.634942260637911E-19
     9.460151670077542E+00    5.497131274937620E-21
     9.460151670644459E+00    8.383969765509347E-21
