     2.143563583849397E+00    4.008746791513763E-22
     2.143563583895104E+00    6.600021948305831E-23
     2.242043211743375E+00    9.114785175723129E-04
     2.575171240501520E+00    1.880964025177903E-04
     2.585177334846653E+00    2.738106111090369E-17
     2.585177343487493E+00    2.435432790608447E-17
     2.598048580529893E+00    1.516175478032708E-18
     2.685388791470022E+00    2.089079170371001E-19
     2.685388793482677E+00    1.554537228571017E-19
     2.819606252156252E+00    8.008736658071113E-22
     2.819606252187695E+00    6.449851629169215E-22
     2.919456510171893E+00    1.288532420773534E-03
     3.081341242259404E+00    2.654190390385753E-05
     3.122142016755731E+00    2.257260121737379E-24
     3.122142016757112E+00    2.158037805781544E-22
     3.167863348370913E+00    2.518521969961686E-22
     3.167863348407294E+00    1.226836045365706E-22
     3.239078568107602E+00    1.038263391174460E-03
     3.462472440111547E+00    1.101662594856373E-05
     3.481824564515872E+00    1.001913295071338E-03
     3.486096293092928E+00    9.481283937905224E-22
     3.486096293093395E+00    1.434405448258099E-19
     3.515745310592050E+00    1.049449983393109E-21
     3.515745310694926E+00    7.414313582598875E-20
     3.539485241348409E+00    1.035045056116059E-20
     3.539485241374783E+00    1.241185312610555E-19
     3.556208272573526E+00    1.512100850921499E-03
     3.576851245109964E+00    2.993484031722992E-20
     3.576851245964541E+00    2.830810930486356E-18
     3.597550688020595E+00    1.149879178111702E-19
     3.680469176428715E+00    2.092226882623395E-20
     3.680469176864390E+00    4.179979618895153E-21
     3.706378812862226E+00    1.106771172929354E-03
     3.896547432007231E+00    3.226814274715595E-23
     3.896547432040658E+00    8.401466454782190E-22
     3.942031433693264E+00    3.133857888440736E-08
     4.400073733151237E+00    7.812330412872459E-22
     4.400073735300404E+00    2.393079874904209E-23
     4.409846764489677E+00    8.743121040991398E-11
     4.409846765865726E+00    6.064154769567381E-12
     4.409846765920719E+00    7.301679428589561E-11
     4.420375774669641E+00    1.273866988928328E-06
     4.422419483396836E+00    2.793253611229023E-17
     4.422419484244697E+00    8.616689471533321E-17
     4.422431568907937E+00    3.844856543568617E-08
     4.430332866217984E+00    1.638453929308396E-24
     4.430332867492035E+00    5.950936964606756E-22
     4.437752598971041E+00    2.125204069121106E-22
     4.442857182210657E+00    2.267766732827205E-24
     4.609743033658354E+00    2.489282063992772E-05
     4.680419199388010E+00    1.543727237492005E-21
     4.680419199397046E+00    1.358162720809528E-21
     4.712680280907630E+00    3.387014631345601E-21
     4.712680282400483E+00    1.002310685156781E-21
     4.758242536674428E+00    3.234208830580812E-23
     4.758242536790642E+00    2.957047772171223E-22
     4.807729051286842E+00    2.661296942922750E-05
     4.808094878209290E+00    4.214792734452113E-17
     4.808094879790936E+00    2.254991286292626E-17
     4.815922125207688E+00    2.359739565091370E-03
     4.835299540036415E+00    1.504044528010855E-20
     4.921284753299866E+00    3.575096461765269E-21
     4.921284754741515E+00    8.361476691703032E-22
     5.073226875879740E+00    5.651362878348332E-24
     5.073226876124274E+00    9.191382171017394E-22
     5.192411177581037E+00    1.537724624711277E-03
     5.293066273999164E+00    7.154735920561754E-04
     5.586365499401078E+00    3.228396667716390E-22
     5.586365499429270E+00    4.981824592756440E-22
     5.669930428273108E+00    1.178909352340863E-21
     5.669930428593090E+00    2.722533089307560E-23
     5.682818380356089E+00    1.158911808592698E-20
     5.690454008799932E+00    4.855094998575781E-03
     5.693812052546048E+00    1.679473806397506E-04
     5.709778271466813E+00    5.997817593608360E-22
     5.709778271963333E+00    3.264367365178538E-21
     5.797521609921541E+00    1.618218759552349E-22
     5.797521610267435E+00    2.020478101592582E-20
     5.800173386937018E+00    7.116791148972406E-21
     5.800173387080557E+00    6.565996439427711E-20
     5.800996411523333E+00    1.964962774771152E-06
     6.363899203097122E+00    7.277317341623220E-03
     6.384837968729183E+00    2.127586854136485E-15
     6.384837990819411E+00    5.569789340713825E-16
     6.431674601616058E+00    1.464793749734829E-16
     6.505034169717320E+00    1.271675879423268E-17
     6.505034190301504E+00    8.919589013358946E-18
     7.186996793383031E+00    1.416017139035301E-25
     7.186996795441708E+00    4.604011649102154E-21
     7.210771502450591E+00    1.722777959356868E-09
     7.210771505276041E+00    1.416305084015807E-09
     7.210771506283137E+00    4.086542270646205E-10
     7.274054956105338E+00    1.431438403754670E-16
     7.274054963015169E+00    3.389128825012079E-16
     7.274206977679421E+00    3.829658063544021E-06
     7.282861625206285E+00    4.410367322740858E-19
     7.315654517226908E+00    4.403783472348813E-20
     7.315654519258830E+00    1.323051470605913E-20
     7.315859231379648E+00    1.227838538245298E-20
     7.598170006344897E+00    7.984922418590209E-17
     7.598170008216560E+00    5.955888547827221E-17
     7.600181444921915E+00    5.460220264259388E-05
     7.644984332834783E+00    2.128054861148681E-20
     7.644984338495322E+00    5.596061259857870E-20
     7.697274746316621E+00    5.561092758389266E-21
     7.807884606242922E+00    2.351678763943067E-04
     7.961639144728120E+00    7.069603226374317E-18
     7.961639145489097E+00    1.673337276270065E-17
     7.961773847674986E+00    3.529985752125841E-06
     8.596282349327875E+00    3.368942660432362E-22
     8.596282350257573E+00    6.012504247332388E-20
     8.830984192793418E+00    1.992568099391428E-05
     8.960143094833560E+00    4.162319707173821E-22
     8.960143094866504E+00    3.452610184431684E-21
     9.080247102240696E+00    2.723299291835104E-21
     9.080247102391757E+00    3.486709126072940E-21
     9.178834697654482E+00    4.292930810865765E-03
     9.412134264187525E+00    2.795224455326409E-20
     9.412134265120324E+00    1.314210304077476E-20
     9.603450062534113E+00    5.919499019748258E-03
     1.196503056014983E+01    1.567381775131476E-13
     1.196503056438037E+01    2.909263208747833E-13
     1.196503056775892E+01    1.081152269937235E-13
     1.197896955778390E+01    3.247564948603017E-17
     1.197896956342772E+01    3.097210454878427E-18
     1.197896956399084E+01    3.268494407675274E-17
     1.197896956840892E+01    7.047652782587100E-17
     1.200727954602918E+01    1.059804477166211E-18
     1.200727956034642E+01    4.495646535449447E-19
     1.200752702469372E+01    7.569088675701324E-20
     1.200781458997690E+01    5.391223182259261E-09
     1.201159366977432E+01    2.617246569750108E-08
     1.201164473252589E+01    4.346376863733557E-16
     1.201164473725850E+01    4.613713993104628E-17
     1.205364365447118E+01    3.667202133774760E-24
     1.205364366099928E+01    1.352596495349754E-21
     1.206681828328437E+01    2.004929205397239E-23
     1.206681829312314E+01    8.258240216059198E-25
     1.210296545020907E+01    2.597395277029896E-19
     1.210296545742737E+01    2.038014998393234E-20
     1.213330375817228E+01    1.052863566968130E-18
     1.214037834426839E+01    3.054528954946978E-06
     1.218404199232669E+01    4.796657810856538E-21
     1.218404199625590E+01    2.094951775668154E-20
     1.230215768895394E+01    2.312883591825329E-07
     1.230267545743832E+01    1.264680386846546E-17
     1.230267546930995E+01    5.165850584058103E-18
     1.241577948926882E+01    5.694375426494352E-17
     1.241577949901585E+01    1.306110839808820E-16
     1.241583772371526E+01    1.017342693334249E-06
     1.243351278588216E+01    5.359990034757755E-08
     1.243737673204257E+01    6.445682201687875E-21
     1.243841368348382E+01    1.226622784521386E-19
     1.243841368467440E+01    1.798893462219605E-20
     1.248881634522787E+01    9.255387888858609E-22
     1.248881635037616E+01    8.422864873868053E-21
     1.421304413505661E+01    1.421210119412823E-02
     1.424637802266152E+01    7.554390332619156E-17
     1.424637807142330E+01    1.099941256962578E-14
     1.434397480194128E+01    2.509812992425692E-18
     1.437546652545777E+01    1.384895144329746E-18
     1.437546652718520E+01    3.736337699106212E-17
     1.437959842900066E+01    3.370618377768462E-04
     1.441158428459544E+01    1.484768205700751E-16
     1.441158430941308E+01    4.686041511750452E-18
     1.445681783716880E+01    5.357910976296234E-19
     1.445681784976824E+01    1.500820292343052E-18
     1.449681444807906E+01    1.341727029426259E-08
     1.449681446063869E+01    8.045516922985552E-09
     1.449681446420835E+01    2.246951949461443E-08
     1.461803177794505E+01    3.333771209783993E-17
     1.462087719238199E+01    5.402055276798311E-14
     1.462087720162337E+01    2.214485758657359E-15
     1.462129546085776E+01    8.325838004425402E-05
     1.467861225821903E+01    6.273186641287860E-18
     1.467861227172164E+01    2.120857845558384E-18
     1.468543287660175E+01    5.605149722968811E-19
     1.495786049293831E+01    1.160155268079624E-18
     1.495786050321398E+01    3.833433541700538E-18
     1.500404051688819E+01    3.734994557834129E-16
     1.500404052820271E+01    2.312517494931516E-16
     1.500794004145279E+01    1.581267164641096E-04
     1.505664948283147E+01    4.131690549506040E-19
     1.615027102009487E+01    1.928733160244511E-23
     1.615027102011945E+01    1.655856143714647E-21
     1.624656305292216E+01    9.290754367574197E-03
     1.650883340436406E+01    3.642709731340931E-20
     1.650883340617982E+01    3.871506640981810E-20
     1.840778611514079E+01    2.715435605948335E-03
     2.465561159932254E+01    1.848093125504910E-07
     2.479314065611007E+01    1.808866472719754E-22
     2.479314065611515E+01    7.126074317163212E-23
     2.490244187351913E+01    2.808660694459430E-23
     2.490244187355651E+01    3.937252421414786E-24
     2.494608469116321E+01    2.064225405399477E-05
     2.522879684857836E+01    2.435391807644171E-20
     2.522879684895221E+01    1.501526559590850E-20
     2.529204473309570E+01    1.666205385962105E-02
     2.764212064277951E+01    3.839712363235947E-12
     2.764212064336933E+01    1.781193116694374E-13
     2.764212065402648E+01    3.090388537222920E-11
     2.766738958446492E+01    4.193573635392640E-11
     2.766738958561324E+01    2.707791132008893E-13
     2.766738959040340E+01    5.547197216680090E-12
     2.766738959815740E+01    2.466558654614056E-13
     2.773453963096271E+01    1.055460007775793E-17
     2.773453964202529E+01    1.899358518892368E-18
     2.773455115442813E+01    7.077921049864044E-19
     2.773459165762195E+01    6.873790285116601E-10
     2.774470223651472E+01    2.600514578394688E-08
     2.774470327279809E+01    1.984800157349170E-13
     2.774470327503775E+01    5.632044128882706E-14
     2.779874992754809E+01    2.317080952032232E-22
     2.779874993255622E+01    1.334383542045104E-22
     2.783392078896827E+01    1.649334950371720E-22
     2.783392079387205E+01    2.428064876771059E-22
     2.805964545332259E+01    6.101635534017454E-10
     2.806045675994162E+01    2.814067632051954E-20
     2.806045676131938E+01    2.523792478521636E-22
     2.807938679013110E+01    3.979063636542159E-20
     2.807938680010020E+01    7.761257065409664E-21
     2.808035237015062E+01    3.855719647408866E-21
     2.808439000426984E+01    1.057784177634988E-07
     2.820658816896357E+01    3.006742820474573E-22
     2.820658817984394E+01    3.038556664419312E-24
     3.101620151616167E+01    1.411095115253001E-19
     3.101620152482841E+01    1.623521254835524E-19
     3.105203255371435E+01    9.356965386968274E-07
     3.106134437035736E+01    1.028124493922959E-19
     3.110663104550258E+01    1.114422698921727E-20
     3.110663104916103E+01    1.145696998116514E-19
     3.126295655857401E+01    5.514720811085320E-21
     3.126295658214767E+01    2.945648211635424E-21
     3.127221594671158E+01    8.189388536489021E-09
     3.326784419357956E+01    6.689521953980633E-20
     3.326784419488474E+01    2.616893108045798E-21
     3.326798467591562E+01    2.685592114297311E-08
     3.460225671502810E+01    1.324781116674769E-23
     3.460225671935134E+01    1.246627766542899E-21
     3.465068261997031E+01    4.094671739684741E-11
     3.465068262878775E+01    1.951380762363415E-09
     3.465068264756032E+01    6.966177471700089E-12
     3.475621841655362E+01    1.073927311274798E-13
     3.475621845112541E+01    8.468405554092390E-15
     3.475623873284998E+01    5.124661541178835E-07
     3.479092997621451E+01    2.398122566488567E-21
     3.480119945361117E+01    9.550533670516290E-20
     3.480119948213003E+01    4.772183452584637E-20
     3.484169687326345E+01    6.618206594281298E-20
     3.508700632431461E+01    2.348631196552288E-18
     3.508700634306447E+01    1.609269298992339E-19
     3.511775033489486E+01    5.702391678941608E-05
     3.511917729477576E+01    4.024108738065729E-16
     3.511917731348017E+01    2.321198225440180E-15
     3.521173892765227E+01    2.644117079936783E-19
     3.650037650347594E+01    1.913107667587130E-02
     3.653264664284199E+01    2.046030505778252E-15
     3.653264665885345E+01    4.878470583118380E-16
     3.664418435331718E+01    3.541401425143730E-17
     3.670314900768226E+01    2.167176223825464E-17
     3.670314903174008E+01    1.991617644846382E-16
     3.880342326993424E+01    1.780711072634968E-22
     3.880342327110760E+01    2.927862944751535E-20
