     2.147673677441347E+00    6.967171142900989E-23
     2.147673677460546E+00    1.122586107472556E-22
     2.246318993303484E+00    1.006651477785382E-03
     2.806580385605921E+00    4.366017168540118E-04
     2.820869893080784E+00    2.918499524745801E-19
     2.820869895091198E+00    6.860088313119731E-20
     2.840404640707534E+00    1.133890992734933E-20
     2.924009218222238E+00    1.282797269153752E-20
     2.924009219404972E+00    4.891258395090420E-20
     3.086463730814726E+00    2.732683341745004E-05
     3.127188405902898E+00    4.191734012247026E-26
     3.127188405904846E+00    4.538279264948339E-23
     3.169953283709928E+00    1.357342522280958E-21
     3.169953283763315E+00    2.850782268755572E-22
     3.252310281001492E+00    1.151115914939800E-03
     3.348750802385018E+00    1.342218822009009E-21
     3.348750802495136E+00    6.361304428321360E-23
     3.450692720323267E+00    3.562422351318141E-03
     3.550298941176662E+00    2.210604241117482E-04
     3.551498329264632E+00    4.226980093341957E-21
     3.551498329328830E+00    9.548090395037954E-20
     3.705677672905578E+00    2.580448706298039E-05
     3.758683588200165E+00    1.191768394093624E-22
     3.758683588205047E+00    5.578320118361910E-22
     3.832154853192208E+00    1.774036803887928E-21
     3.832154853258980E+00    9.282431630405590E-23
     3.956762253716125E+00    2.407683415097055E-03
     4.188016765733578E+00    1.730984465414660E-22
     4.188016765892050E+00    6.311347736422313E-21
     4.422647893112840E+00    5.355579123114270E-04
     4.468091126378231E+00    7.723862005143770E-04
     4.793290285060041E+00    5.291685932650020E-03
     4.806819960304398E+00    6.235513419585072E-17
     4.806819965403853E+00    1.694680942262063E-17
     4.841175349234339E+00    1.259665709863586E-17
     4.918703019330072E+00    5.122849274654245E-19
     4.918703019772183E+00    1.666855122754062E-18
     5.053729314775045E+00    1.345745506328172E-20
     5.053729315371768E+00    2.380537523787490E-21
     5.673626428568793E+00    2.705880350938182E-04
     6.367382286195113E+00    3.819681757558941E-22
     6.367382290354616E+00    2.124000658319217E-21
     6.393126216896092E+00    8.265919563783538E-10
     6.393126219659027E+00    2.746342207376362E-11
     6.393126221271000E+00    2.190594859928273E-10
     6.454633939499138E+00    1.305887159828650E-17
     6.454633942703683E+00    6.084530309304779E-18
     6.454743783984462E+00    8.687688545419067E-07
     6.464083669479049E+00    1.702864739367964E-20
     6.486216999192279E+00    8.596953054783854E-21
     6.486217002307718E+00    6.571037004665095E-22
     6.495425759756047E+00    1.791697202021842E-21
     6.753519951098309E+00    1.414259589207763E-22
     6.753519961324178E+00    1.145064773523759E-23
     6.818513613825035E+00    2.024435956920824E-17
     6.818513617537043E+00    1.285621877614913E-16
     6.820742196182427E+00    2.733062870008055E-05
     6.878985195971999E+00    6.844679549469270E-22
     7.109739478541692E+00    1.031675413469635E-20
     7.109739480443801E+00    4.145769842239584E-22
     7.750627625759756E+00    3.669285816766628E-05
     7.882484392514671E+00    1.842349876522709E-23
     7.882484392522539E+00    1.005973992739512E-23
     8.016555614395999E+00    1.846083397651612E-22
     8.016555614434653E+00    2.429018443292133E-22
     8.082845402591795E+00    2.865429994152660E-03
     8.326786795738009E+00    9.445672583656750E-21
     8.326786796076009E+00    2.543882785621360E-21
     8.747460515818174E+00    1.260618988787307E-02
     1.234983703489423E+01    2.002576288078208E-02
     1.237986666094428E+01    1.186540852542849E-15
     1.237986668387712E+01    7.144873554179765E-15
     1.245874302291813E+01    1.534913372558612E-16
     1.252590234925806E+01    1.052595085704964E-16
     1.252590238403025E+01    5.023200861569822E-17
     1.356135517354442E+01    3.007472418235128E-19
     1.356135518841183E+01    1.297407035808428E-22
     1.358561993438626E+01    2.363899403177077E-21
     1.358561993442012E+01    8.156456453958175E-22
     1.360346132617117E+01    8.782081046886803E-10
     1.360346133793755E+01    1.262953471257385E-08
     1.360346134886653E+01    3.393086152249401E-09
     1.368198755951530E+01    1.098805476090954E-02
     1.372548080044215E+01    6.124429209012448E-20
     1.373244341707007E+01    1.307090928150126E-15
     1.373244344460332E+01    4.285307856816466E-16
     1.373279021579673E+01    8.273361248634563E-06
     1.377800660770952E+01    3.637627667187201E-19
     1.377800662567829E+01    1.800502637343357E-19
     1.379571407945760E+01    3.842753757059273E-21
     1.401532409281252E+01    9.672789583459386E-18
     1.401532410499333E+01    1.752524438957422E-19
     1.405786468303512E+01    1.255096227200332E-15
     1.405786469352644E+01    1.294987433549130E-18
     1.406195670658614E+01    1.194253750934977E-04
     1.416288164425398E+01    3.601400860520742E-21
     1.470907172705867E+01    1.970905214708057E-20
     1.470907173032622E+01    9.385137349603994E-21
     1.586686727007183E+01    4.555473288755092E-03
