     2.142942504082710E+00    6.148225287353309E-24
     2.142942504101093E+00    1.435897597448601E-23
     2.241383805221528E+00    9.147341002682932E-04
     2.544451332218997E+00    1.593948121925268E-04
     2.553461103161323E+00    1.811072761154964E-17
     2.553461106203222E+00    3.582406691558541E-17
     2.564986283686538E+00    6.146866655838780E-22
     2.652840613504428E+00    1.234241800894336E-20
     2.652840613777690E+00    1.659961634631685E-19
     2.703679949594579E+00    6.275413187056490E-22
     2.703679949762771E+00    3.384424408442666E-21
     2.802173770738927E+00    9.988775289876922E-04
     3.081044659689797E+00    3.030662086321976E-05
     3.121857462744203E+00    2.610128473972950E-22
     3.121857462748082E+00    2.235265935610750E-22
     3.166632602501408E+00    2.219178247047389E-22
     3.166632602568892E+00    1.581575971539914E-23
     3.235536142809087E+00    7.316406766046504E-04
     3.341536703749817E+00    1.175108529282767E-03
     3.354233075959914E+00    2.961005849731605E-19
     3.354233077566912E+00    3.687839182831271E-18
     3.373329519856316E+00    3.707011372700878E-20
     3.420773269105101E+00    9.080543413906971E-06
     3.437772860057685E+00    3.868057449170712E-22
     3.437772860058996E+00    2.212649480348485E-22
     3.453827413167527E+00    6.099935919628124E-20
     3.453827415395069E+00    9.008752417889319E-18
     3.456265388424671E+00    1.510522097192210E-03
     3.464078607020234E+00    1.010585435230348E-20
     3.464078608337937E+00    1.169233410154169E-18
     3.538440191785575E+00    1.183555481058549E-22
     3.538440191813597E+00    4.119625671858727E-21
     3.645600743203423E+00    1.731486762145847E-04
     3.844267711446673E+00    1.413328149246214E-21
     3.844267711470242E+00    2.797380565238892E-24
     3.853624988030584E+00    1.274991204397440E-04
     4.126116878701587E+00    2.206594271296212E-05
     4.166569360517729E+00    4.956033839874618E-22
     4.166569361862114E+00    9.233274794343186E-22
     4.187780796508525E+00    3.914159253333564E-12
     4.187780798309229E+00    3.561786212313962E-12
     4.187780801407667E+00    1.525025308025650E-11
     4.188019877342152E+00    7.389664367299142E-23
     4.188019879644268E+00    3.182360503947128E-21
     4.195971107859613E+00    2.602490459442829E-17
     4.195971108658415E+00    1.278312109929328E-17
     4.195974857154263E+00    8.158370020054344E-10
     4.200609100720366E+00    4.664626911604910E-23
     4.200609102591120E+00    8.472425592151235E-22
     4.209665637643490E+00    7.297817651465828E-22
     4.212782015680321E+00    2.391593925774323E-22
     4.226386160333434E+00    4.984266485521404E-27
     4.226386160368341E+00    8.135041012603563E-23
     4.304667566676613E+00    1.491865091229917E-03
     4.478336155424303E+00    1.058026842321725E-03
     4.507160186888473E+00    2.396549589873372E-22
     4.507160187219197E+00    1.042367121377061E-21
     4.545010359526398E+00    1.429499970374588E-20
     4.545010364380560E+00    2.769066604714059E-21
     4.580196892899907E+00    4.189725747444463E-06
     4.581763399433104E+00    6.606711617784914E-18
     4.581763402220676E+00    9.240246289959784E-18
     4.600904056738745E+00    2.219539165042437E-22
     4.622117479104712E+00    6.967965224436263E-04
     4.660675421882794E+00    1.490280070932861E-23
     4.660675422015766E+00    4.591415838173401E-21
     4.776246487696518E+00    2.831994209118780E-03
     4.831302503592267E+00    7.079967000284755E-22
     4.831302504138126E+00    7.653435519155491E-21
     4.901359014838575E+00    4.664561577445283E-21
     4.901359016243537E+00    2.988416588623140E-22
     4.907550856655363E+00    4.657014030039712E-22
     4.915673728166684E+00    1.267493193783903E-06
     4.925468944241612E+00    2.175612991857493E-20
     4.925468946122765E+00    1.332285332928552E-20
     5.009211591895141E+00    1.864452541459480E-04
     5.010873987414488E+00    2.507066147619246E-18
     5.010873988941530E+00    1.483532607040266E-18
     5.012831922043263E+00    1.895532391103940E-06
     5.406670316891439E+00    4.942170795229409E-03
     5.424312007069876E+00    1.246271016584598E-15
     5.424312011305235E+00    2.142906386737006E-16
     5.461615176692730E+00    1.636548872628703E-17
     5.537857679896328E+00    2.075820546653327E-19
     5.537857686936001E+00    2.958281308655800E-19
     5.572554935526917E+00    8.836977629259008E-20
     5.572554935881012E+00    3.878579531291802E-21
     6.395121972522894E+00    4.472295114765830E-21
     6.395121974923739E+00    8.831005317929278E-24
     6.421946100708435E+00    2.633782238153249E-10
     6.421946103784850E+00    9.469002034744460E-12
     6.421946105223427E+00    3.203662081584347E-10
     6.465105427063888E+00    2.629932588250445E-05
     6.468549100290774E+00    9.080348505578720E-16
     6.468549102450404E+00    1.718447944518112E-16
     6.468630195278926E+00    9.705402192964003E-07
     6.481103473967870E+00    1.715862648581441E-27
     6.500005367189779E+00    1.299127353528671E-20
     6.500005370705055E+00    6.236967505355556E-21
     6.504519492537367E+00    1.557887334286355E-25
     6.567784602207956E+00    1.165828319343154E-19
     6.567784602415595E+00    6.395095567504536E-18
     6.568506573707717E+00    1.113527207523217E-03
     6.650511481353465E+00    6.472333602688986E-22
     6.650511481540113E+00    4.525590613226070E-23
     6.814267871727978E+00    1.551137230631252E-21
     6.814267874111557E+00    1.227064072700587E-17
     6.815527539708095E+00    2.980234435240740E-05
     6.842887689427453E+00    1.171288714540637E-20
     6.842887690992412E+00    8.094222791232971E-22
     6.889135776909839E+00    2.786979089441657E-21
     6.985739139050843E+00    4.245518312238011E-22
     6.985739139507598E+00    4.534211173441420E-21
     7.036379117597191E+00    5.140025543230694E-03
     7.168619929583702E+00    1.132896195588292E-16
     7.168619930017453E+00    6.596416335024719E-18
     7.168652970331979E+00    6.829336070509497E-06
     7.183738112795721E+00    2.462601266445923E-03
     7.665200866650928E+00    2.549505148285295E-20
     7.665200866815104E+00    2.000607056620934E-22
     9.498563873663370E+00    2.406044413782887E-13
     9.498563875991715E+00    1.110807695763713E-13
     9.498563877869277E+00    3.842082828194343E-15
     9.508555967865682E+00    5.505018976742047E-20
     9.508555970176547E+00    2.783095105071587E-19
     9.508555970518014E+00    6.340297960895444E-20
     9.508555973657023E+00    6.426940436845841E-20
     9.524405792809361E+00    2.553773516393288E-19
     9.524405794003394E+00    8.783021095316765E-19
     9.524719942284619E+00    5.359069652675295E-19
     9.524930455791115E+00    2.773584938446309E-08
     9.525905104604266E+00    4.831105304638207E-08
     9.525949644669343E+00    1.120841349223030E-16
     9.525949648746689E+00    1.123641028633509E-17
     9.562903926551057E+00    3.402987827500903E-23
     9.562903928383928E+00    9.045773331902733E-22
     9.566143147726955E+00    1.128488873693661E-20
     9.566143151573794E+00    2.935109680898843E-20
     9.569859507688937E+00    1.229500555679877E-20
     9.569859513229705E+00    2.390982334819854E-21
     9.590552680551548E+00    7.582157706676263E-20
     9.600733557944032E+00    9.830746730364255E-06
     9.634053280283482E+00    8.890797859326098E-21
     9.634053286644150E+00    1.226562241501024E-20
     9.740251217314055E+00    9.749987010265521E-19
     9.740251223595383E+00    7.179325989048220E-19
     9.746197982889210E+00    2.019312933463146E-06
     9.916888922125178E+00    8.503227409763770E-07
     9.917976724881298E+00    6.430238176065339E-19
     9.917976725307611E+00    3.053945627700009E-19
     9.927363628458284E+00    8.065856448922126E-07
     9.931563321979180E+00    1.703366173858845E-20
     9.932553713994217E+00    5.340969386902546E-20
     9.932553716870592E+00    9.364516640530755E-20
     9.976422187040619E+00    7.514354404377588E-25
     9.976422190618850E+00    7.462282136070966E-22
     1.046237710094846E+01    1.065760571945337E-02
     1.049098259561278E+01    5.633867726572227E-18
     1.049098260890721E+01    8.218194995605913E-17
     1.056649649521676E+01    3.207893388061089E-18
     1.063372937545020E+01    3.567006039188808E-19
     1.063372937831142E+01    1.747945979537426E-17
     1.073725639107123E+01    6.084499171996613E-21
     1.073725639116038E+01    4.612954834873842E-20
     1.083727920635154E+01    5.751602396973531E-03
     1.158824744961429E+01    2.870461691210910E-20
     1.158824745721357E+01    6.083273965693650E-21
     1.162450698760058E+01    6.907923650888194E-10
     1.162450699422777E+01    3.038581725888022E-09
     1.162450700362615E+01    1.371479305760957E-09
     1.172160012564971E+01    5.626167263964642E-15
     1.172160013134395E+01    1.122560912810481E-15
     1.172170987800482E+01    3.002329055662186E-06
     1.172748223731900E+01    4.871200312463721E-19
     1.177131263091364E+01    1.716564928267191E-20
     1.177131263639562E+01    1.036850453685887E-19
     1.178155726335119E+01    8.181805743742023E-19
     1.179220511143673E+01    7.578948729805675E-17
     1.179220511339735E+01    3.009566383899422E-17
     1.179304600298768E+01    3.003634838065893E-05
     1.204876469045358E+01    8.215332858254203E-20
     1.204876470256325E+01    3.075890026914246E-19
     1.212995126798677E+01    1.315089789734899E-15
     1.212995128459686E+01    1.292098742199362E-16
     1.213195303172558E+01    7.109130132604428E-05
     1.215327119128199E+01    6.787000796195421E-18
     1.274631103143837E+01    1.136413293688118E-21
     1.274631103294051E+01    9.241603482477010E-20
     1.282388283471564E+01    5.344166724176878E-04
     1.303883175090369E+01    1.310211157649981E-05
     1.318267214356168E+01    2.640148297594588E-22
     1.318267214360391E+01    1.131331729540528E-21
     1.329482141159819E+01    3.448084467598325E-23
     1.329482141164131E+01    3.281341912342775E-22
     1.347297867894967E+01    5.704855954675689E-03
     1.363682201817550E+01    6.141467017939581E-21
     1.363682201872873E+01    2.729429985181168E-20
     1.375314812569999E+01    5.382906515444822E-03
     1.599583137866517E+01    5.177587596833217E-12
     1.600111835161530E+01    3.442207423443152E-25
     1.600111835733864E+01    9.924880631411881E-25
     1.603281684666673E+01    8.669296484899937E-27
     1.603281685151740E+01    2.643163727835344E-25
     1.605541125981437E+01    6.816444671523253E-27
     1.606381369576224E+01    2.257674685236690E-26
     1.606381369796251E+01    1.468464102834735E-27
     1.614541382511485E+01    3.920005558126977E-13
     1.618112466400338E+01    4.602542023984192E-27
     1.618351082867908E+01    7.242464385418908E-31
     1.618351083155105E+01    1.722649622287098E-28
     1.824750362455291E+01    4.703021270967415E-11
     1.824757356534462E+01    2.833965286890171E-22
     1.824758852605182E+01    2.351108077885288E-22
     1.824758852624955E+01    1.192596833279585E-22
     1.932848981553876E+01    1.300176880288810E-12
     1.932848981738656E+01    4.499060122635778E-13
     1.932848982275140E+01    1.206442620657772E-12
     1.934821727426787E+01    3.139042070973149E-16
     1.934821727633509E+01    5.717737507921838E-16
     1.934821728235875E+01    8.398208573203691E-16
     1.934821728613346E+01    6.826920368973608E-18
     1.939643729727227E+01    3.123999658415761E-20
     1.939643731033718E+01    1.136875826573551E-19
     1.939645439866301E+01    3.351457904127716E-20
     1.939650708415685E+01    1.471090218414103E-10
     1.940209717630371E+01    9.794896587915547E-10
     1.940210067731655E+01    2.248488709309382E-16
     1.940210068199067E+01    2.233355812398348E-15
     1.945278750090589E+01    5.344682535941863E-24
     1.945278751310520E+01    1.950956696953956E-24
     1.947751483549362E+01    1.267377543799946E-23
     1.947751484401849E+01    9.386008782287907E-25
     1.973569192910951E+01    4.808923913233590E-08
     1.973716289730757E+01    2.153893287014900E-20
     1.973716289793381E+01    9.442703494753237E-20
     1.976512422863886E+01    8.458822653610691E-21
     1.976512423308170E+01    7.342137622370553E-22
     1.976713469250577E+01    4.686043632865006E-21
     1.977433196105215E+01    1.667058398366144E-08
     1.985387150086311E+01    2.616233390716058E-24
     1.985387151667954E+01    3.235917302118430E-24
     2.081326953510022E+01    1.188342954157883E-19
     2.081326955002051E+01    1.365171517032231E-19
     2.084487682817570E+01    7.877665632201711E-06
     2.085035682691951E+01    4.622943707027532E-20
     2.089143279588063E+01    2.207145268902556E-19
     2.089143281402666E+01    1.685014470039047E-20
     2.102587222547478E+01    3.043936933946677E-19
     2.102587223264548E+01    2.768196981726079E-20
     2.103445951365615E+01    5.963774773795353E-07
     2.304373572944549E+01    6.693356525524720E-04
     2.304531596717039E+01    3.721310644392668E-17
     2.304531596817356E+01    9.955072070970020E-17
     2.311219114709142E+01    1.515255198625210E-02
     2.314582621651939E+01    1.563881801769339E-15
     2.314582623673543E+01    2.670111346830883E-15
     2.326241799147207E+01    5.589887350907133E-17
     2.332523519678298E+01    3.967705479497919E-17
     2.332523522724530E+01    1.944952975265250E-17
     2.386564072535474E+01    1.330615223247254E-20
     2.386564074168069E+01    2.241332016446949E-20
     2.391158274080007E+01    1.835823324480371E-08
     2.391158275144108E+01    1.504325738230549E-08
     2.391158276742215E+01    9.291591143790134E-09
     2.402644557718525E+01    8.437040897431048E-16
     2.402644559677230E+01    1.130960530251068E-14
     2.402666091735344E+01    8.789653553811003E-06
     2.404690269597747E+01    2.272626838711899E-19
     2.406822811370598E+01    1.376885298855228E-19
     2.406822812883652E+01    1.072686241522438E-21
     2.410697766950098E+01    4.438732701838078E-20
     2.433619702896336E+01    5.603420983276997E-19
     2.433619704499787E+01    1.012727565799463E-19
     2.438826106169603E+01    4.352528494006812E-16
     2.438826107488521E+01    2.337809246731481E-16
     2.439197364548367E+01    7.919681107819241E-05
     2.448057301661353E+01    8.293383302529557E-19
     2.543651719584399E+01    1.121243514687251E-20
     2.543651719828597E+01    2.869804733636955E-22
     3.137194727664784E+01    7.158127618459751E-23
     3.137194727666656E+01    5.486604449852725E-25
     3.147011756453519E+01    6.271115893149442E-03
     3.359482955773876E+01    6.420038247650921E-03
     3.504578649451496E+01    1.871142495644504E-06
     3.517800576880438E+01    1.290481174627627E-25
     3.517800576881469E+01    5.451074030773380E-24
     3.527616931986914E+01    7.845068417214052E-23
     3.527616931988447E+01    4.281074058205554E-23
     3.532003015478474E+01    3.767096588667959E-05
     3.561409428140372E+01    7.615808909062589E-18
     3.561409428158853E+01    9.911386203650760E-19
     3.561774513243611E+01    1.846997008878214E-02
     3.704549933335460E+01    7.933511302376372E-12
     3.705461102980333E+01    1.720027684695979E-25
     3.705461103821293E+01    3.902618456278880E-23
     3.709401749083300E+01    2.733389526182142E-27
     3.709401750411979E+01    1.066572369813584E-27
     3.712108323591133E+01    5.752251402435163E-27
     3.715046798493256E+01    6.567337695353868E-27
     3.715046799785960E+01    4.689589074982586E-26
     3.723100566043304E+01    2.239064401574997E-14
     3.731057189985517E+01    3.559209349250664E-27
     3.731332890383685E+01    5.920035789890512E-27
     3.731332890812026E+01    7.221141504801961E-28
     3.930668207798549E+01    2.967064306668566E-14
     3.930683358028197E+01    2.613948333212453E-28
     3.930686882627316E+01    1.697272461679907E-28
     3.930686882653649E+01    1.598439241975536E-26
     4.565142905551802E+01    8.298585325092289E-13
     4.565142908027707E+01    1.733032619829351E-16
     4.565142909848554E+01    1.360370646457029E-12
     4.568084616455562E+01    3.964409777120905E-14
     4.568084619221838E+01    2.431752561424601E-14
     4.568084620422800E+01    3.475036820543364E-14
     4.568084621801823E+01    5.199167655681827E-16
     4.575317130352049E+01    8.947505152186340E-18
     4.575317134692455E+01    6.530790019064801E-22
     4.575317621265017E+01    7.576096453315969E-19
     4.575319243674888E+01    1.282931460671950E-11
     4.576186651756335E+01    7.398717008833486E-13
     4.576186655065292E+01    1.760411053663449E-15
     4.576186656412170E+01    7.990477694031556E-13
     4.583093304492130E+01    1.032819129159041E-25
     4.583093306224159E+01    1.210068799856190E-24
     4.586805740227797E+01    2.194194615060890E-25
     4.586805741395323E+01    1.722359509339375E-25
     4.607515960154428E+01    7.099635823096529E-09
     4.607564204400063E+01    9.816497984852430E-18
     4.607564205272120E+01    1.737667622268044E-19
     4.610863724102514E+01    7.248617298416615E-21
     4.610863726700503E+01    1.659349079938246E-22
     4.610934179729977E+01    1.087269245362845E-20
     4.611197017347575E+01    1.043577356806112E-09
     4.624221010424930E+01    5.297654966921144E-24
     4.624221012809626E+01    3.763198772725381E-24
     4.975898210711262E+01    2.153972293977135E-18
     4.975898214602976E+01    2.325480641241222E-18
     4.979514104530878E+01    3.625696720443267E-06
     4.980637698562198E+01    8.708638867830060E-19
     4.985213916299434E+01    2.800258183839136E-20
     4.985213920392253E+01    8.109378179947781E-21
     5.001469789903549E+01    8.603613229181466E-19
     5.001469793778419E+01    6.337807338435807E-20
     5.002413041246340E+01    1.271744978087719E-07
     5.204464854885466E+01    7.725209995650947E-20
     5.204464854929348E+01    2.958205732567387E-17
     5.204474284702345E+01    5.837285112987291E-07
     5.432032006895748E+01    1.539139826704846E-19
     5.432032008191421E+01    2.073978209798682E-19
     5.436687536376408E+01    5.528330528344425E-09
     5.436687537304750E+01    1.230594165498980E-09
     5.436687537771803E+01    5.397759223795250E-09
     5.444023005752118E+01    2.259012625647770E-06
     5.444024676186395E+01    4.768708505881373E-13
     5.444024677836652E+01    7.435128280669808E-13
     5.446379424858927E+01    2.160207937735459E-21
     5.446379427303557E+01    7.889695185530552E-20
     5.450077316132344E+01    4.143172356551315E-22
     5.453135746826321E+01    1.066062633202753E-21
     5.475879212016613E+01    8.159573734155504E-17
     5.475879212836138E+01    4.097244222601666E-18
     5.477767291128369E+01    1.421962743045424E-03
     5.479344526511472E+01    2.857260252112054E-19
     5.479344527388485E+01    7.235882328705998E-18
     5.489656181076113E+01    1.068503008091340E-18
     5.518073828395265E+01    1.137256775134367E-02
     5.520556993694555E+01    3.361297926452839E-15
     5.520556996264553E+01    3.512185105012654E-15
     5.531440444948085E+01    6.517693846290407E-19
     5.536439154837274E+01    3.085046788782316E-17
     5.536439160258076E+01    5.613082911265031E-17
     5.747203248487998E+01    2.358943460373191E-21
     5.747203248608493E+01    5.765676268246415E-21
