     2.144891807669872E+00    1.819375419136452E-23
     2.144891807680952E+00    5.097484683346568E-24
     2.243454764803468E+00    9.664577410729998E-04
     2.649963467139509E+00    2.703998000995167E-04
     2.661663375337000E+00    1.334226680458635E-17
     2.661663378343820E+00    7.124885447301793E-20
     2.677147075505657E+00    2.031285007471125E-19
     2.762969313304966E+00    1.120100746857406E-19
     2.762969320077984E+00    1.796682572650990E-20
     2.978186318680164E+00    2.081687826668176E-21
     2.978186318782251E+00    9.441703306594244E-23
     3.080023838364160E+00    1.610109581618157E-03
     3.082741608201158E+00    3.013477196707798E-05
     3.123564441714719E+00    2.367462935132838E-21
     3.123564441720327E+00    2.124169926140454E-21
     3.171323891788938E+00    4.614559734250995E-22
     3.171323891834072E+00    1.023891623587645E-25
     3.245263297635255E+00    1.323295319216206E-03
     3.523401895869500E+00    8.123493041507472E-04
     3.541850010946992E+00    1.717637461847185E-21
     3.541850011093850E+00    8.092409578546690E-21
     3.579366732298012E+00    2.066559989619484E-05
     3.618098306048108E+00    3.190715807727010E-21
     3.618098306065004E+00    5.952439548236636E-21
     3.669493671204805E+00    7.276436351234360E-21
     3.669493671264562E+00    5.225574754349975E-21
     3.819426082575826E+00    8.719287790672662E-04
     3.960661460925500E+00    3.328540092922754E-03
     3.970611576380995E+00    1.547809993565525E-16
     3.970611580454285E+00    5.589340795066321E-16
     3.997667110050315E+00    2.426466244914683E-18
     4.036398290319331E+00    9.335604831221673E-21
     4.036398290373421E+00    2.581659126996664E-20
     4.079260241026947E+00    1.117443702117488E-19
     4.079260247145823E+00    1.125229542722044E-18
     4.181547030869013E+00    8.034597536911010E-04
     4.443517551879347E+00    1.290645364423653E-04
     4.884275193553649E+00    1.366235260338696E-21
     4.884275194130781E+00    2.949241291483424E-21
     5.146226994362060E+00    1.625833527180569E-21
     5.146226997972055E+00    4.327476889740966E-22
     5.162360097578969E+00    9.099647030209994E-11
     5.162360098295589E+00    2.402564580220056E-11
     5.162360104560793E+00    3.948668599867871E-11
     5.191695718969424E+00    5.320504750624337E-16
     5.191695726373625E+00    5.688659747649290E-15
     5.191727897720361E+00    2.040518721730075E-07
     5.208032193034946E+00    1.540485873960990E-21
     5.214800804427121E+00    1.969764086587573E-21
     5.214800811314722E+00    2.579732163911146E-21
     5.221580976694551E+00    7.673658651743212E-22
     5.255832725015007E+00    2.872509443123932E-06
     5.565985902906051E+00    2.090182019038512E-17
     5.565985905330577E+00    1.396702071378502E-17
     5.566616488062400E+00    1.322066964894703E-05
     5.571917266357166E+00    9.199273512986730E-21
     5.571917268648823E+00    1.001520298708833E-19
     5.610275427109753E+00    7.112152072196697E-21
     5.889269097824129E+00    3.905032391756684E-05
     5.998597243918763E+00    8.137764043608411E-26
     5.998597243939878E+00    4.776481377540285E-22
     6.114198090936388E+00    3.894693504616133E-21
     6.114198091236234E+00    2.483651852175385E-21
     6.165848908570875E+00    1.156287484645852E-18
     6.165848909783847E+00    2.279291508766942E-19
     6.211380834836432E+00    4.143549212251923E-03
     6.439291746835568E+00    5.667736208368002E-21
     6.439291747540908E+00    5.086121267435391E-20
     6.723336627172929E+00    2.923840143019283E-03
     7.195099032478314E+00    2.730875111589061E-22
     7.195099032506538E+00    5.227484650560052E-22
     7.301796393028979E+00    9.787986823963656E-03
     7.504349850667738E+00    5.002910897954747E-20
     7.504349854969524E+00    3.062440186036909E-20
     7.523910903675992E+00    5.143881332268699E-20
     7.533762318508434E+00    5.341670996230343E-06
     7.559019686627297E+00    1.339767432907020E-21
     7.559019689725742E+00    1.301010489409855E-20
     7.654118395115979E+00    9.747179791968519E-21
     7.654118397932197E+00    3.152487777871744E-19
     7.659878235005940E+00    1.759435939543465E-06
     8.104114143850691E+00    1.117020252743122E-02
     8.129334851903508E+00    4.117504542707591E-15
     8.129334864033021E+00    2.644856800184694E-15
     8.190370619749409E+00    7.873966761799738E-17
     8.260435712292182E+00    6.503554790915657E-18
     8.260435714984853E+00    2.188491338748825E-17
     9.380380606464257E+00    7.526931143939293E-21
     9.380380611310713E+00    1.897738020093332E-19
     9.412821268831824E+00    1.851264854909721E-09
     9.412821273224340E+00    2.613622795775382E-10
     9.412821279839779E+00    3.813301213925460E-10
     9.461380860507981E+00    1.342575113270393E-03
     9.506701951750140E+00    5.663138036423497E-15
     9.506701958514251E+00    3.666093118585880E-15
     9.506901724570296E+00    5.022551739443183E-06
     9.507327908606246E+00    1.841518758963905E-16
     9.551767181247124E+00    2.989942932573584E-20
     9.551767193154712E+00    8.058396050561287E-19
     9.558900171669913E+00    3.408190761782998E-21
     9.674885701950940E+00    2.433324526767365E-17
     9.674885706901140E+00    5.595623184177028E-18
     9.676215251932634E+00    3.852045554524833E-05
     9.820954183814059E+00    5.590395979533176E-22
     9.820954187471186E+00    3.036198533055507E-20
     9.932390462463848E+00    7.885542700431820E-19
     9.942788289617077E+00    2.672613023732340E-17
     9.942788292284526E+00    2.741733579311872E-17
     9.944539795002605E+00    5.044518850899346E-05
     1.040915915463436E+01    4.264109550765657E-21
     1.040915915475896E+01    3.589750106208691E-22
     1.701461726675418E+01    5.046317885173192E-06
     1.715564831665898E+01    4.550197962320450E-23
     1.715564831666553E+01    7.543926767044049E-23
     1.727870048165487E+01    2.502704850453158E-22
     1.727870048168091E+01    1.294550698913450E-22
     1.732788623100866E+01    8.226966592784139E-05
     1.759480399502374E+01    7.440152820123642E-21
     1.759480399536813E+01    4.272357028952656E-22
     1.777166022948825E+01    1.859203582585812E-02
     1.804418852805224E+01    1.776777221475309E-19
     1.804418855024453E+01    5.962049111138960E-20
     1.808061732791048E+01    1.222703375626554E-06
     1.808250366909392E+01    4.580933310156361E-18
     1.812789300272018E+01    1.292347332754563E-20
     1.812789301550162E+01    6.003705337886494E-21
     1.826554703540650E+01    7.933251086869442E-20
     1.826554704084678E+01    3.018529746085666E-20
     1.827451245113467E+01    1.481409719007941E-07
     2.029293402083538E+01    7.758606653188475E-17
     2.029293402088738E+01    4.783964436306498E-18
     2.029299276058697E+01    2.466771710930585E-06
     2.162077074526539E+01    2.268056066006456E-02
     2.165561524197284E+01    1.712626742380961E-14
     2.165561528717355E+01    4.569600063526605E-16
     2.176208017175751E+01    1.015534774916715E-16
     2.182706951820454E+01    8.847231696776904E-18
     2.182706954421867E+01    1.295713323872216E-16
     2.211098236884517E+01    2.493476024849755E-19
     2.211098238444561E+01    4.462130805994079E-19
     2.215827886743707E+01    2.362664031071650E-08
     2.215827888225625E+01    5.117847231447820E-09
     2.215827889481230E+01    1.593500583461439E-08
     2.229066703588813E+01    5.446305257694750E-14
     2.229066706066390E+01    9.333257847409487E-15
     2.229100350996123E+01    3.816509565581542E-05
     2.229689273322007E+01    6.248802238955642E-18
     2.234750482915430E+01    2.907977050784909E-18
     2.234750485083038E+01    3.080155460572628E-18
     2.236688523573482E+01    1.727027577103631E-18
     2.260717392392083E+01    4.790723412207088E-17
     2.260717392600972E+01    4.225207862558118E-18
     2.264211379587552E+01    4.813046151975011E-16
     2.264211380051437E+01    4.603651467543260E-15
     2.264757114719870E+01    3.442167928778625E-04
     2.274132961279280E+01    1.496319249408991E-18
     2.396410862909438E+01    2.517311807276345E-20
     2.396410862966381E+01    1.219663101776477E-19
