     2.708575396533978E+00    1.840610707692430E-22
     2.708575396558313E+00    6.166562019843906E-23
     2.812126304944769E+00    3.427711476604704E-03
     3.292113874705499E+00    4.989084663581605E-05
     3.371678597570744E+00    1.226903658119704E-25
     3.371678597576994E+00    4.714614736794058E-22
     3.479898302965079E+00    1.449684446352098E-21
     3.479898303015089E+00    1.682777786247093E-21
     3.561605357741227E+00    3.170111198238236E-03
     3.818133416242306E+00    1.996470337723291E-19
     3.818133416339272E+00    1.224705251840487E-22
     3.949435148962001E+00    3.967029021708856E-03
     3.968378097387791E+00    5.421483786127231E-17
     3.968378101879405E+00    3.066500252407325E-16
     3.991429924841718E+00    1.494494249431292E-20
     4.072715289468378E+00    2.910558303159928E-18
     4.072715292919016E+00    6.495687779309410E-20
     4.183712850510938E+00    2.314546592609486E-03
     5.063937467324843E+00    3.983869141783545E-04
     6.151640312522631E+00    2.461020295762540E-21
     6.151640312921895E+00    1.420359287361365E-22
     7.526803587686870E+00    3.962280740806319E-05
     7.659345845620339E+00    1.351753930943319E-21
     7.659345845634904E+00    1.410844712164612E-22
     7.799035481989078E+00    1.031180130419651E-25
     7.799035482034463E+00    2.015699533121194E-21
     7.855374435485260E+00    2.918272006433341E-03
     8.099988391164665E+00    1.501206745879502E-21
     8.099988391292174E+00    6.328027773154955E-22
     8.559792986122886E+00    1.255389452797729E-02
     1.118859629030457E+01    3.627006588877952E-19
     1.118859629826747E+01    2.181154908090929E-19
     1.123184967849575E+01    5.075999009908666E-09
     1.123184968824967E+01    5.761790945914826E-09
     1.123184969734014E+01    5.155374153459115E-09
     1.135776873042012E+01    1.682438245040420E-17
     1.137511070188691E+01    3.175004328209135E-04
     1.137682114034847E+01    1.062991502235048E-14
     1.137682114632644E+01    4.789386394050765E-15
     1.143323077654591E+01    4.343984972016369E-19
     1.146909415480475E+01    7.647323815656263E-18
     1.146909416139412E+01    6.253784082317853E-18
     1.159108893449501E+01    8.071301896770803E-03
     1.161168905438150E+01    1.221629232024719E-16
     1.161168906669008E+01    1.797468318329409E-16
     1.168300211722319E+01    5.472847751425760E-17
     1.168300213284580E+01    3.520106315431032E-19
     1.172894150602670E+01    2.559379275576778E-17
     1.183991085313619E+01    1.309705007387691E-02
     1.185446994493835E+01    1.180059154314074E-15
     1.185446996047656E+01    8.965359416439829E-15
     1.190867167952292E+01    2.686479320744008E-18
     1.193531460899115E+01    2.122974177233068E-16
     1.193531463004047E+01    2.154335731233473E-18
     1.239190912436812E+01    1.481595404802120E-21
     1.239190912439841E+01    2.629737215492439E-20
     1.248858573331082E+01    1.137628910909040E-02
     1.400855394334249E+01    4.184407902976888E-20
     1.400855394406254E+01    1.498007208437196E-21
     1.467820429832759E+01    4.441758758488867E-03
