     2.243871076142989E+00    1.977093502614859E-22
     2.243871076184126E+00    2.754399627674229E-23
     2.343433190747499E+00    1.494535799076464E-03
     2.913099315524593E+00    6.526761932721469E-04
     2.928599706925767E+00    5.091178596189288E-19
     2.928599708048764E+00    8.374307795075386E-20
     2.949222016654880E+00    6.196110559361059E-21
     3.032471111262486E+00    6.988898077645224E-21
     3.032471112555329E+00    3.416473743977129E-23
     3.092232064025864E+00    3.350002376602215E-05
     3.138536892787727E+00    1.994202106512736E-21
     3.138536892793964E+00    7.787164184939481E-22
     3.194290902167160E+00    8.124342769368800E-23
     3.194290902263028E+00    2.342621889731751E-22
     3.291148809275773E+00    2.044424740226826E-03
     3.557892344091051E+00    3.574855919344578E-21
     3.557892344180559E+00    9.476004268829424E-22
     3.603939401964775E+00    2.377201453666063E-04
     3.920656345807979E+00    2.572112461905572E-05
     3.972200213555500E+00    2.768503191177944E-22
     3.972200213562983E+00    8.475543717925911E-22
     4.026063196329662E+00    3.915991111368532E-22
     4.026063196361912E+00    6.447803029031344E-23
     4.134219112863317E+00    2.135916660091667E-03
     4.157135026208078E+00    1.795639137600879E-21
     4.157135026278232E+00    1.406548304039853E-21
     4.254981889377540E+00    2.120073230913790E-03
     4.417939624266154E+00    2.094127506076865E-22
     4.417939624597752E+00    6.915647400378498E-22
     4.573776941217004E+00    1.780335077171190E-03
     4.589404932204225E+00    1.064957887717829E-04
     4.994510939311973E+00    5.156762703743599E-03
     5.010188790680008E+00    1.158557541738492E-17
     5.010188799820675E+00    9.892056261615091E-19
     5.046637996920059E+00    3.326966898630902E-17
     5.122606690205878E+00    1.293616787389196E-19
     5.122606691175180E+00    6.595872058913287E-18
     5.136323424594557E+00    6.554233249196369E-19
     5.136323425050056E+00    2.340697677609845E-21
     5.655385076830794E+00    2.087914130235146E-21
     5.655385080754512E+00    1.336663414578804E-22
     5.675438287813796E+00    1.426997024230345E-12
     5.675438288685335E+00    2.083301597916262E-10
     5.675438292542635E+00    2.026302995503067E-10
     5.718287595849198E+00    1.274767768163172E-15
     5.718287602952306E+00    4.565002912750823E-16
     5.718379966355091E+00    2.430658096758992E-06
     5.732373768550866E+00    1.209139278702607E-20
     5.753173288581674E+00    3.419213556205188E-21
     5.753305333206240E+00    1.148327688921550E-21
     5.753305337050069E+00    1.204281485844460E-20
     6.081866060055848E+00    2.806597647074671E-16
     6.081866062040429E+00    1.505069760441322E-18
     6.082692227151559E+00    2.947847458843262E-05
     6.110595383758683E+00    1.766820565393859E-19
     6.110595387370161E+00    1.014872389917082E-19
     6.137054560151828E+00    1.510071281223938E-20
     6.292680221483504E+00    3.960309166387119E-04
     6.302942613166062E+00    2.789706966138928E-05
     6.400282614239939E+00    3.087062235161486E-22
     6.400282614258002E+00    8.099394834527992E-22
     6.494000920201473E+00    5.126052936251437E-22
     6.494000920237524E+00    6.170900696006038E-23
     6.772549283315600E+00    4.485075860363723E-03
     6.805870745335040E+00    1.164223154270824E-20
     6.805870746009136E+00    4.696646243318058E-20
     7.029662323002111E+00    3.922261553019441E-03
     7.250582103396027E+00    6.787310799888973E-21
     7.250582103631789E+00    2.691789421356964E-20
     8.212122638678444E+00    1.418207289107169E-19
     8.212122642577405E+00    8.202180838429641E-21
     8.233522859953998E+00    7.563167528793311E-20
     8.242441380415654E+00    4.697192155924085E-06
     8.270098405072874E+00    1.650346023726194E-21
     8.270098409778429E+00    2.021969127458095E-20
     8.368451169104453E+00    8.667156835154094E-20
     8.368451175360960E+00    4.394245305161155E-20
     8.374745116694646E+00    8.778691308851995E-07
     1.010579620354820E+01    1.077176477724015E-02
     1.013427822870605E+01    6.600764133190180E-16
     1.013427824962616E+01    9.335088018234489E-16
     1.020972876068022E+01    1.171605637089278E-16
     1.027694489852242E+01    7.755475547111145E-19
     1.027694491619014E+01    4.484273517882357E-17
     1.037742812529013E+01    3.369227450482998E-20
     1.037742812544643E+01    6.381222507142170E-20
     1.045611481257517E+01    1.534258897046718E-18
     1.045611481321070E+01    1.041945793013792E-18
     1.045617580258488E+01    1.584208655152043E-06
     1.047683861800727E+01    6.108474080686051E-03
     1.097731580000343E+01    2.026038106132445E-22
     1.097731580835084E+01    1.889749340634869E-19
     1.101315056423656E+01    1.427274876990151E-09
     1.101315057002957E+01    3.154433708129807E-09
     1.101315057280703E+01    1.413469859986215E-10
     1.111742483616338E+01    2.193328961754194E-15
     1.111742484955092E+01    1.245723598302123E-15
     1.111768593795497E+01    1.130191936888583E-05
     1.111823565281011E+01    3.542282653656687E-16
     1.117075596007979E+01    2.703140521121120E-20
     1.117075596934428E+01    8.022390176004720E-20
     1.117445393600654E+01    3.478614044501448E-20
     1.145213530477560E+01    1.362956388870621E-18
     1.145213531982610E+01    2.900090461883743E-17
     1.146096103621670E+01    5.560132423781760E-16
     1.146096104637600E+01    8.485095492410732E-16
     1.146301543774717E+01    1.145303211083218E-04
     1.154415754636872E+01    1.429737270546357E-19
     1.237792822222764E+01    5.581978476732417E-21
     1.237792822254155E+01    5.570385640622120E-22
     1.251311218971115E+01    7.373345870355639E-04
     1.290716979740836E+01    1.351717690180529E-05
     1.305069526126849E+01    1.376791477969624E-21
     1.305069526130941E+01    1.673022352898651E-22
     1.316465812989048E+01    6.359066464243854E-22
     1.316465812997943E+01    2.394271956910467E-22
     1.330836832267525E+01    4.488490140631176E-03
     1.350279886604078E+01    8.365979064966862E-21
     1.350279886625802E+01    5.575207401807851E-21
     1.361363011339719E+01    6.461507503505892E-03
     1.664251832432090E+01    1.310792995936768E-12
     1.664251832805179E+01    1.697006506476219E-12
     1.664251833438775E+01    3.911166627334718E-13
     1.666158283359171E+01    1.213581690885915E-15
     1.666158283561067E+01    8.021081943192518E-16
     1.666158284074864E+01    1.038100442994280E-20
     1.666158284954156E+01    4.308973719285727E-17
     1.671077767285746E+01    6.059502154659528E-21
     1.671077767942325E+01    4.536886169708118E-20
     1.671078330048876E+01    1.030932668853032E-19
     1.671080336431639E+01    2.170167899569576E-11
     1.671997057621503E+01    2.861352224469956E-10
     1.671997203356343E+01    3.070335226889024E-16
     1.671997204415122E+01    2.515122494119742E-15
     1.676434847859240E+01    1.884715002849559E-26
     1.676434848497015E+01    3.792516185873761E-25
     1.678922236111265E+01    6.280254995151378E-25
     1.678922236931571E+01    1.287215823453815E-25
     1.706617084697444E+01    2.373557452814949E-09
     1.706659642011821E+01    2.104570942627350E-19
     1.706659642804695E+01    1.089913753779417E-19
     1.706894039467364E+01    5.712836534915804E-23
     1.706894039776481E+01    8.343516552065610E-21
     1.706927552766640E+01    2.376784559217911E-21
     1.707125337787525E+01    1.206756391610577E-09
     1.716986672264052E+01    1.986337505944607E-25
     1.716986672620801E+01    5.740203582444275E-24
     1.985581489529257E+01    3.183494138174759E-19
     1.985581491079428E+01    2.245154149432617E-19
     1.989119066048477E+01    6.331297849209929E-06
     1.989524123522297E+01    1.800612272015547E-17
     1.993971227974551E+01    7.543809435310663E-20
     1.993971230208630E+01    1.226423939242709E-20
     2.007983619142199E+01    8.369491934754185E-20
     2.007983620637166E+01    7.489070485674025E-19
     2.008883428075918E+01    4.547526936479791E-07
     2.210352768088496E+01    9.457779802247217E-18
     2.210352768137966E+01    5.310517711353797E-17
     2.210358159088529E+01    2.818322201302922E-06
     2.281750360432818E+01    1.603437511561420E-02
     2.285307358603653E+01    5.997931429033507E-16
     2.285307361227887E+01    3.854742780164592E-15
     2.297094560174133E+01    1.489831780570281E-16
     2.303370379058276E+01    5.836888498451454E-17
     2.303370382089822E+01    3.991040360346412E-17
     2.339716910267757E+01    2.981033429652778E-19
     2.339716911541339E+01    7.080731431550453E-20
     2.344340979887349E+01    9.639959225467428E-09
     2.344340980665806E+01    2.215337284208563E-08
     2.344340981150763E+01    1.064334938321209E-08
     2.356129825303875E+01    2.804015906926068E-15
     2.356129826899967E+01    3.059311480837994E-17
     2.356151982910459E+01    1.400231296185885E-05
     2.357987191429711E+01    2.627255188811086E-21
     2.360596390962051E+01    5.415385815711007E-21
     2.360596391903998E+01    1.957093875910939E-19
     2.364174014064453E+01    2.262288021390556E-21
     2.387588599182916E+01    1.160299894008300E-19
     2.387588600246732E+01    1.694002782504378E-18
     2.391221295178274E+01    2.051257379070930E-18
     2.391221296078771E+01    3.754226559866867E-16
     2.391598283678657E+01    1.202103749735138E-04
     2.401455547838114E+01    9.196327461520607E-20
     2.514039317549144E+01    4.293112518520567E-21
     2.514039317737569E+01    2.376498693400688E-20
     3.103376885230690E+01    1.443373225843999E-22
     3.103376885233066E+01    7.883308579869300E-23
     3.113179142668244E+01    6.412433977022089E-03
     3.284573174838102E+01    2.851798648931137E-13
     3.285466832319360E+01    5.001454879965679E-26
     3.285466834771757E+01    5.947573841543168E-27
     3.289349257739850E+01    1.399232474561953E-26
     3.289349258087025E+01    9.111098082956675E-28
     3.292021011467224E+01    4.910568979870810E-27
     3.294882439982970E+01    2.494174363484288E-27
     3.294882441571182E+01    2.274638035595767E-27
     3.302890875176445E+01    5.407806806475069E-15
     3.310683838099500E+01    9.788478173458864E-28
     3.310959130502575E+01    2.759292783955640E-30
     3.310959130781111E+01    3.590731356846158E-28
     3.326073664131553E+01    6.235473517985871E-03
     3.492606310538257E+01    1.813446923672784E-06
     3.505833843413839E+01    3.557402340676952E-22
     3.505833843415023E+01    4.472877412189262E-23
     3.510895312431246E+01    5.388839264175465E-14
     3.510907589032913E+01    4.044654009096496E-26
     3.510910449835050E+01    5.640249832145637E-26
     3.510910449861775E+01    9.305337264147992E-26
     3.515680996302436E+01    6.625164215612622E-23
     3.515680996304214E+01    1.096850935459241E-22
     3.519891050106124E+01    1.755227209339593E-05
     3.549415452953077E+01    5.751661925268497E-20
     3.549415452963427E+01    1.521175871010208E-17
     3.549707561993183E+01    1.869857692667580E-02
     4.421309351270897E+01    1.308511100046474E-12
     4.421309351818033E+01    1.767482551959174E-13
     4.421309352719611E+01    8.560061587716693E-13
     4.424271498896809E+01    1.291589414205203E-14
     4.424271499095435E+01    4.329641269754916E-15
     4.424271499615652E+01    4.274744880936500E-14
     4.424271501083570E+01    4.402506805385649E-14
     4.431775599840685E+01    5.471783209340257E-19
     4.431775600467271E+01    4.306962131063332E-20
     4.431775974310803E+01    6.509643167667913E-19
     4.431777250160149E+01    6.497404347800177E-12
     4.432814151573443E+01    1.180618866719056E-14
     4.432814151957992E+01    1.095584191443520E-13
     4.432814152220807E+01    1.264757220335590E-12
     4.439407621245738E+01    1.858933541852171E-24
     4.439407621311451E+01    4.370230959939013E-25
     4.443268100049082E+01    1.200018497034122E-24
     4.443268100560488E+01    6.333085656953958E-27
     4.464191968467934E+01    3.746252095248931E-09
     4.464227420240623E+01    4.777349643526122E-19
     4.464227421064660E+01    5.375332316654463E-18
     4.466843161828358E+01    9.089363067222948E-22
     4.466843163983486E+01    2.016907236055649E-21
     4.466894655432567E+01    7.294230288884578E-21
     4.467090139464010E+01    4.516845848069737E-10
     4.480636319307105E+01    3.308549808431692E-25
     4.480636319757888E+01    4.595923295870940E-24
     4.917043837952579E+01    2.243627155659978E-21
     4.917043840014052E+01    1.337875646420746E-18
     4.920710007613280E+01    3.442896342334020E-06
     4.921819842604343E+01    2.316873498037400E-18
     4.926447010754278E+01    6.819726659630031E-20
     4.926447011088604E+01    7.212933083901730E-20
     4.942805304510767E+01    1.031727396975375E-22
     4.942805309033300E+01    8.143600804182908E-19
     4.943755140490859E+01    1.236159398342033E-07
     5.145713894014803E+01    1.577873124495950E-18
     5.145713894068470E+01    8.145149145482285E-19
     5.145723211623284E+01    4.465951795619847E-07
     5.398297969583038E+01    1.326892078892400E-19
     5.398297971431639E+01    2.271946141339156E-19
     5.402962546817984E+01    3.238920183649431E-09
     5.402962547815538E+01    2.443473031959296E-09
     5.402962549737786E+01    6.092172777526039E-09
     5.410373861195993E+01    1.718127047722963E-06
     5.410375030870308E+01    2.564153256621996E-12
     5.410375032319946E+01    7.308414520239718E-13
     5.412797145402916E+01    9.564817053952471E-19
     5.412797147514880E+01    5.142353373181854E-19
     5.416381548525018E+01    1.834738918195227E-20
     5.419479695077925E+01    2.351704370745832E-21
     5.442609696811125E+01    4.277841594249863E-18
     5.442609698776804E+01    4.702797015609296E-16
     5.444730298674497E+01    9.266693485089702E-04
     5.445842794851286E+01    8.637204233212554E-17
     5.445842795713086E+01    8.581810210702881E-16
     5.456377346739020E+01    3.834851326334534E-18
     5.494469328832639E+01    1.198624888389830E-02
     5.497219934803933E+01    6.286563197908751E-15
     5.497219936458665E+01    1.746515111297463E-16
     5.508286718946160E+01    2.617094728507292E-17
     5.513569747526135E+01    1.901587515326560E-18
     5.513569751468403E+01    5.231484012851925E-19
     5.724414528597671E+01    3.796427198680364E-21
     5.724414528650663E+01    1.504296312309804E-20
