     3.216828880876967E+00    7.802303743968203E-24
     3.216828880878269E+00    8.408936728360654E-24
     3.328565695174222E+00    4.118718433783405E-03
     3.553035184139694E+00    4.330557132497176E-05
     3.654968916768517E+00    1.443020405843431E-24
     3.654968916768520E+00    3.330516582779371E-24
     3.799001934887862E+00    3.287979621617293E-24
     3.799001934938656E+00    5.002638595160155E-22
     3.845846368576095E+00    4.128673517451998E-03
     4.127108147400551E+00    2.902909436825471E-22
     4.127108147451787E+00    1.429544163116855E-22
     4.725330742945759E+00    4.994871450086862E-03
     5.642527829315814E+00    1.090239244585442E-03
     5.949956962057021E+00    1.145803811350304E-02
     5.965236587506823E+00    3.749665710818008E-17
     5.965236597158081E+00    6.179673810828640E-17
     5.993010510554672E+00    3.231440610917164E-17
     6.071014703637884E+00    7.568159101998929E-18
     6.071014704674424E+00    1.200090590725232E-17
     8.165570856754453E+00    8.198377698914756E-21
     8.165570856817265E+00    2.600196868054896E-22
