     2.319131911379526E+00    1.106545129370243E-19
     2.319131911447647E+00    6.118587214483077E-21
     2.419305487744079E+00    1.793042524997299E-03
     3.085298541738917E+00    7.614349947832127E-04
     3.103131556009963E+00    1.712929778584851E-18
     3.103131559149427E+00    9.102746245559325E-19
     3.113610568907104E+00    3.251404709814573E-05
     3.127439117899228E+00    3.702419011280629E-19
     3.165931354036918E+00    3.569327253897381E-19
     3.165931354038080E+00    3.944343204759335E-19
     3.205773329173333E+00    5.613364191776374E-23
     3.205773331190091E+00    1.483107950261407E-20
     3.236907196455954E+00    9.251256467193152E-22
     3.236907197117726E+00    3.974402257643503E-20
     3.340971039397644E+00    2.979484845838782E-03
     3.590789447800947E+00    5.986078941809759E-21
     3.590789447828784E+00    7.772951912187699E-20
     3.694670629112423E+00    6.446187996950424E-06
     4.394247171039678E+00    2.821520248948271E-05
     4.468035754790302E+00    5.489550833050037E-19
     4.468035754796182E+00    3.378931993669354E-21
     4.487255649666682E+00    9.907013644010372E-04
     4.550656580316274E+00    1.757648857130493E-20
     4.550656580350427E+00    9.223184536336328E-21
     4.814162202228941E+00    2.779950882159865E-03
     4.833783203756030E+00    1.065321239025726E-19
     4.833783203781580E+00    1.112385468189979E-19
     5.067790130668879E+00    7.480934578922033E-06
     5.175469813907165E+00    1.293361466085835E-19
     5.175469813941876E+00    4.278341505991783E-19
     5.312240988269797E+00    5.842575229078620E-03
     5.320398979650164E+00    2.212262843432282E-17
     5.320398979834788E+00    1.017594051620472E-17
     5.932741958633825E+00    7.541309722415104E-03
     5.952304833642508E+00    9.445802892429657E-17
     5.952304846669006E+00    2.857903141211261E-15
     5.997997931561652E+00    1.305955805229415E-17
     6.071405528425447E+00    5.843092905945508E-19
     6.071405553900381E+00    3.664160285356817E-18
     6.286979786241058E+00    2.181204991839260E-19
     6.286979789194879E+00    5.690343006217867E-20
     6.310791201308602E+00    1.750184637002351E-09
     6.310791205482757E+00    3.552148109859159E-10
     6.310791208541208E+00    1.943279844495862E-10
     6.371987649190475E+00    1.997956437452382E-16
     6.371987652859082E+00    6.158203108238984E-15
     6.372203154890914E+00    1.533203757344797E-05
     6.381007595350690E+00    9.222483562144617E-20
     6.412257326251815E+00    3.765589884303680E-19
     6.419782603190467E+00    1.594457958916748E-19
     6.419782607154636E+00    8.011673678946767E-19
     6.726497009932168E+00    1.463810290955439E-18
     6.726497015420590E+00    6.734635470803420E-18
     6.728439301477759E+00    8.971503704556914E-05
     6.758032164762772E+00    5.558197076916957E-20
     6.758032166369903E+00    9.127345833509489E-19
     6.792672310420233E+00    9.405195403503724E-20
     7.392942585575426E+00    2.992070559989826E-04
     8.154875569809168E+00    3.590870607807189E-20
     8.154875571062487E+00    1.142183175687555E-20
     8.671161969541426E+00    2.058651525982379E-05
     8.800904936338496E+00    6.411638756634206E-18
     8.800904936340611E+00    1.199789061231058E-17
     8.923924653825367E+00    9.966944877847688E-19
     8.923924653930220E+00    3.750776012101902E-18
     9.012736657106585E+00    4.247868026975106E-03
     9.249040159940146E+00    5.127291061372463E-19
     9.249040160204521E+00    8.997800946162292E-19
     9.458852068521724E+00    6.069143361800478E-03
     1.049279462843520E+01    5.107000377570747E-19
     1.049279463912763E+01    1.184376493184097E-19
     1.052096027149560E+01    1.248397482321491E-19
     1.052639588148241E+01    2.926657674715479E-06
     1.056230737876970E+01    2.051322029802262E-20
     1.056230739034272E+01    3.340976966132472E-19
     1.067463928254797E+01    2.147310142831553E-19
     1.067463929171394E+01    8.187911846291915E-20
     1.068237495166200E+01    3.781445258657687E-07
     1.273616556996995E+01    4.501342597300147E-17
     1.273616557040707E+01    1.286891606753512E-19
     1.273621614235119E+01    1.069105359905286E-06
     1.377678764738915E+01    2.305382657791974E-18
     1.377678764842477E+01    6.751662272762025E-18
     1.381722935777526E+01    6.502825871169024E-09
     1.381722935942781E+01    2.550261540113228E-08
     1.381722937012120E+01    1.520397480869922E-08
     1.385615793696512E+01    1.311797253989890E-02
     1.388826228424771E+01    3.178239824345722E-15
     1.388826231085801E+01    1.315330067097628E-15
     1.394081244507541E+01    1.754819876177115E-16
     1.395142192039417E+01    7.984933559275696E-17
     1.395142193366571E+01    2.166609999478180E-15
     1.395347457936004E+01    1.303568724133278E-03
     1.397484147454597E+01    1.301310101440043E-16
     1.400638716365370E+01    9.839460498769838E-18
     1.400638716936767E+01    9.593979908611297E-19
     1.403020814829745E+01    3.355898087176801E-17
     1.406093123173154E+01    5.380827164390338E-19
     1.406093123971958E+01    2.692793541420924E-17
     1.429220771917939E+01    5.088092371465432E-17
     1.429220773529690E+01    5.729216452054370E-17
     1.429884253374893E+01    6.556524322391600E-04
     1.429945407270865E+01    3.798964826847022E-13
     1.429945409317580E+01    5.557994162056986E-16
     1.438501165631443E+01    2.731121858533488E-24
     1.575936854214873E+01    4.547691933825317E-18
     1.575936854218246E+01    3.267506100250622E-18
     1.585555340239012E+01    9.611366130507759E-03
     1.615906076667749E+01    1.102332103881134E-18
     1.615906076723927E+01    6.568577113242415E-19
     1.801890433357236E+01    2.697481487260176E-03
     2.452330730379396E+01    2.139832392440908E-07
     2.457143350759181E+01    9.863756711896386E-12
     2.457143351268996E+01    1.005664172457664E-11
     2.457143351565551E+01    6.594036108853966E-13
     2.459655293154680E+01    2.054958888540157E-14
     2.459655294025974E+01    8.848575919367580E-12
     2.459655295159692E+01    1.751370837171881E-13
     2.459655295521944E+01    1.429138336122550E-12
     2.466095839851434E+01    3.058017823948215E-17
     2.466095839851913E+01    4.617029756919248E-18
     2.466840546765885E+01    1.080460610421875E-18
     2.466840549393623E+01    1.875163280405182E-17
     2.466841013332184E+01    7.082652632581436E-18
     2.466842700310994E+01    1.336583432922515E-10
     2.468359926508707E+01    7.263271652649231E-09
     2.468359976750160E+01    3.251202216330993E-13
     2.468359977489519E+01    1.952613034106379E-14
     2.472846944505855E+01    1.311022489852223E-19
     2.472846946635928E+01    7.618463510353623E-19
     2.476604284982109E+01    1.843933759069149E-20
     2.476604289024618E+01    8.447616044971012E-22
     2.477085568841847E+01    6.824836401077522E-18
     2.477085568844885E+01    1.331849087160890E-17
     2.481445324890262E+01    2.132554926325686E-05
     2.500504568431172E+01    1.102973189352304E-09
     2.500528809278932E+01    2.838283772780343E-19
     2.500528810064280E+01    5.521601797161458E-21
     2.501654774400957E+01    1.006733157486126E-18
     2.501654774916963E+01    2.057205225472670E-18
     2.501687262003586E+01    2.274149688805946E-19
     2.501816858869940E+01    1.710768437121538E-08
     2.509665427221176E+01    9.528658438420290E-19
     2.509665427232198E+01    1.531976355576553E-18
     2.514044184892002E+01    2.413107669274187E-21
     2.514044185550433E+01    7.560286591714969E-22
     2.516233156906424E+01    1.659685200075423E-02
     3.008606395336981E+01    4.785271711327323E-20
     3.008606396812368E+01    7.740201147859446E-23
     3.012306816804826E+01    1.144025811191344E-06
     3.013200582296757E+01    2.689837681458290E-18
     3.017847994382978E+01    7.867079079931262E-19
     3.017847995943448E+01    2.321014937114829E-19
     3.033703687617761E+01    3.711673936909546E-21
     3.033703692806282E+01    3.736693190475155E-19
     3.034645256109637E+01    3.129751421420566E-08
     3.234322761557124E+01    4.915076774516479E-20
     3.234322761646434E+01    9.827866387359641E-20
     3.234335320792194E+01    1.963384935229226E-09
     3.414614888567690E+01    1.339327227103698E-18
     3.414614889897493E+01    1.072691182004097E-17
     3.419479639724464E+01    1.788639257618444E-09
     3.419479641045183E+01    1.033560982745589E-09
     3.419479641604748E+01    9.033599744429056E-11
     3.430248365526578E+01    2.030262737589540E-14
     3.430248367186120E+01    1.242458190275531E-14
     3.430250608909249E+01    3.842959422278804E-07
     3.433582096186665E+01    9.854300428472521E-20
     3.434934094750678E+01    1.587327308523801E-18
     3.434934097276017E+01    7.359073538062480E-19
     3.438776029472984E+01    9.738851360353852E-18
     3.463379896869301E+01    2.784384508300383E-19
     3.463379897828958E+01    2.475741171101258E-18
     3.465524860876648E+01    3.319862003414611E-05
     3.465626433552256E+01    1.565862733392517E-15
     3.465626434453667E+01    1.768855278885275E-16
     3.475728097636305E+01    6.509078396436797E-19
     3.624367366074798E+01    1.940151281251567E-02
     3.627624657404874E+01    4.114011590527694E-18
     3.627624659591825E+01    1.012052120353753E-15
     3.638795537796403E+01    8.015723801620712E-19
     3.644731730211296E+01    3.702205886253117E-16
     3.644731732273432E+01    4.615098729271059E-18
     3.854726015266969E+01    1.775393118838718E-19
     3.854726015338846E+01    1.243252833249764E-19
