     2.429969841911850E+00    1.423615508420555E-22
     2.429969841971899E+00    3.850881555655921E-22
     2.531045436566443E+00    2.219104808462201E-03
     3.189201880578125E+00    4.618117112701865E-05
     3.255434993133350E+00    2.005890903290725E-21
     3.255434993137315E+00    1.317586042006021E-20
     3.330941780036038E+00    8.697880114435920E-18
     3.330941780609723E+00    7.026263153178327E-18
     3.338248683610838E+00    4.566318349162534E-04
     3.380136243260633E+00    2.260367503326468E-19
     3.380136244400287E+00    1.895819308195999E-21
     3.394537855404650E+00    5.616145719165276E-24
     3.461253052488769E+00    4.948361168290424E-03
     3.477215293607585E+00    9.105849820807696E-20
     3.477215298780171E+00    4.553086313573932E-18
     3.690731684426748E+00    3.761425171468731E-21
     3.690731684625047E+00    9.630111265893109E-23
     3.924699321319262E+00    5.430380272507221E-04
     4.738344588366770E+00    3.582040980064015E-05
     5.553320216328257E+00    9.047159225069928E-24
     5.553320216872030E+00    7.453229682581258E-21
     5.661592711210029E+00    4.299158034898866E-05
     5.773000734098030E+00    5.574086317504210E-22
     5.773000734121006E+00    2.497161832631323E-21
     5.895245897210445E+00    3.624079517563969E-24
     5.895245897241966E+00    1.371588605412699E-22
     5.973235290044813E+00    4.246095976861377E-03
     6.167209406940549E+00    2.893201836330371E-23
     6.167209407767276E+00    1.828505237949743E-21
     6.491979997601042E+00    8.681505947675864E-04
     6.744869962596014E+00    7.420419905110375E-24
     6.744869962660754E+00    1.534211041013905E-21
     6.880405682505015E+00    1.189033940934008E-02
     7.581489258025808E+00    1.158395879591092E-02
     7.606065617456749E+00    8.889186444001349E-16
     7.606065639389774E+00    2.065989118149385E-15
     7.666430020553370E+00    1.821598015944926E-16
     7.736287038093881E+00    2.229653984920871E-18
     7.736287056713433E+00    2.281501635192174E-17
     7.814681999123295E+00    5.292614128752184E-22
     7.814682003208098E+00    5.248409168851681E-21
     7.846518722895761E+00    5.440029161266491E-11
     7.846518725078417E+00    1.398061070532439E-09
     7.846518730454788E+00    1.058384489328810E-10
     7.941210325530699E+00    4.244043539610505E-20
     7.946299785945201E+00    1.591808823714703E-15
     7.946299789272090E+00    3.414168027119246E-16
     7.946723737306959E+00    7.281269630160480E-05
     7.995082898192602E+00    4.464724694304554E-20
     8.013918726977515E+00    2.674719714205544E-20
     8.013918734031876E+00    2.247888715843830E-19
     8.281697746356242E+00    8.160653228274930E-17
     8.281697759332030E+00    8.150115713488308E-20
     8.285813201043100E+00    2.736832314281188E-04
     8.311483665896114E+00    1.183415195905637E-17
     8.311483667225250E+00    5.265712663993057E-18
     8.367375860981150E+00    8.599743990375746E-22
     8.999365532121320E+00    1.421872013740086E-03
     9.839256118773690E+00    9.517303258024642E-22
     9.839256119337385E+00    1.492503083610446E-20
     1.567297409612332E+01    1.434887821721492E-19
     1.567297411025907E+01    9.901978258282042E-20
     1.570874740008828E+01    2.373067496764768E-06
     1.571016414570070E+01    2.713483705193185E-17
     1.575484830094205E+01    9.350045612453816E-22
     1.575484831832460E+01    7.025485851605921E-23
     1.588972615939263E+01    1.292123992553147E-19
     1.588972618101161E+01    4.532005641534941E-19
     1.589861768965373E+01    1.787348516771342E-07
     1.685344851932423E+01    5.318820164133595E-06
     1.699459803629250E+01    9.322031503181233E-23
     1.699459803630333E+01    4.053524540709595E-23
     1.711909993930838E+01    3.785752216744419E-23
     1.711909993931152E+01    8.541829803500392E-23
     1.716805597777497E+01    8.429880605047494E-05
     1.743423481949737E+01    2.433217443091111E-21
     1.743423481977197E+01    1.251856538758933E-23
     1.761838042691616E+01    1.868631814332243E-02
     1.792619646370169E+01    5.769957206084666E-18
     1.792619646404280E+01    2.637356416996458E-22
     1.792625183493890E+01    2.340348087823051E-07
     2.104922994276795E+01    3.521118010811969E-18
     2.104922994398657E+01    3.056107421913840E-19
     2.109720785161188E+01    1.383192375248177E-08
     2.109720785292988E+01    3.052428445721246E-08
     2.109720785765326E+01    1.060553984421151E-11
     2.119941186064079E+01    1.354736932861423E-02
     2.122260593041878E+01    6.265661528176711E-15
     2.122260595393426E+01    7.660090075593060E-16
     2.123858947656797E+01    2.242201255448274E-15
     2.125816065792350E+01    7.069653689788572E-03
     2.126848745646225E+01    9.201303710364933E-15
     2.126848748729812E+01    1.007991196551572E-14
     2.129915659795533E+01    8.701806672828646E-17
     2.130515533755481E+01    1.016098412993154E-16
     2.130515534668155E+01    2.518962695612580E-18
     2.138615909543135E+01    8.708235039746654E-20
     2.141869186620247E+01    3.217927822623493E-17
     2.141869189925202E+01    6.700905353269514E-17
     2.160677153694822E+01    2.525913456080888E-16
     2.160677154658284E+01    1.286547415330421E-15
     2.161220233257573E+01    3.950734412894960E-15
     2.161220234261259E+01    7.638700305181756E-17
     2.161427669138378E+01    3.005856523794266E-03
     2.170618793447929E+01    4.300156958605886E-18
     2.357828678958921E+01    1.493542060846926E-19
     2.357828679004597E+01    2.261492272432665E-23
