     2.142532437822424E+00    6.312684148259946E-23
     2.142532437836356E+00    4.623130083132572E-24
     2.240960289075003E+00    9.053647549249550E-04
     2.457640775719309E+00    9.988206460295004E-22
     2.457640775740146E+00    7.670658483470358E-22
     2.542261965737137E+00    4.277725831032473E-05
     2.553368519672271E+00    1.684789371821876E-17
     2.553368532163113E+00    7.879515087780686E-18
     2.557612532392622E+00    3.215101162661224E-04
     2.564987740136319E+00    3.899262879025529E-17
     2.570805043416053E+00    2.924820749794348E-19
     2.570805043838308E+00    4.796618762582266E-20
     2.653478792068816E+00    4.546850408582442E-20
     2.653478801149222E+00    3.878442149692377E-19
     2.667680146192313E+00    1.293114931734855E-04
     2.710625459808776E+00    2.904840336078834E-22
     2.710625459813548E+00    1.036873142222794E-23
     2.807992160299169E+00    2.209899733061415E-04
     2.985402964856592E+00    7.656080544384621E-23
     2.985402964865658E+00    1.399323098979575E-22
     3.081045368736224E+00    3.030606284785920E-05
     3.083566339792053E+00    3.451570695111531E-04
     3.121857964851327E+00    8.858804102834445E-23
     3.121857964852898E+00    3.844441613640428E-23
     3.166626056911611E+00    1.197262428906508E-22
     3.166626056983836E+00    3.322377002261264E-21
     3.235539674353990E+00    7.333790735645802E-04
     3.341054023427980E+00    1.125025424481828E-03
     3.353393416923661E+00    1.078348847293827E-18
     3.353393420627575E+00    1.988762190133200E-18
     3.373328620751421E+00    1.726400268014420E-20
     3.420774302900506E+00    9.080713210374292E-06
     3.437774045493366E+00    7.538966246209567E-22
     3.437774045494902E+00    5.391348834945935E-23
     3.453776726383498E+00    6.758065252922580E-18
     3.453776727579304E+00    8.848220790315035E-18
     3.456260031709109E+00    1.504082348545039E-03
     3.462266182673991E+00    1.588559246435577E-18
     3.462266183489553E+00    4.630600757872518E-19
     3.534177778239274E+00    3.242928266326618E-22
     3.534177778418347E+00    1.659313987798733E-21
     3.618355128500522E+00    5.132035892543228E-22
     3.618355128595292E+00    1.307869533235204E-22
     3.642461175454450E+00    3.789643949710854E-05
     3.712772693026071E+00    1.256155308372077E-03
     3.845793755401942E+00    1.378015863124209E-22
     3.845793755475501E+00    2.449737399624261E-21
     3.854468300954902E+00    6.265447755285081E-05
     4.126112913606952E+00    2.206491376830834E-05
     4.166566923363688E+00    1.998828289203061E-21
     4.166566923923721E+00    4.507267115864760E-23
     4.187781062529917E+00    1.083644790209542E-11
     4.187781064838023E+00    8.166900706796295E-13
     4.187781065007582E+00    1.107599580351003E-11
     4.188018648803665E+00    8.919634041787438E-22
     4.188018649941512E+00    8.839302128976340E-22
     4.195971420140697E+00    8.954489402775164E-17
     4.195971420579336E+00    6.466326358799031E-18
     4.195975188409887E+00    2.355729007110344E-09
     4.200610128608328E+00    3.867878817797057E-27
     4.200610129491519E+00    3.838470268228372E-22
     4.209665903824563E+00    4.435369375611638E-22
     4.212782274913829E+00    1.008847401628117E-21
     4.228939133339611E+00    2.947026626336769E-22
     4.228939133393181E+00    3.138883582521646E-22
     4.304693463865538E+00    1.565300150809295E-03
     4.476650556885524E+00    1.027597464051387E-03
     4.539173368735898E+00    1.873594027810373E-20
     4.539173371213677E+00    2.744946974634597E-21
     4.580233719457715E+00    9.012340684596183E-06
     4.581601058228658E+00    1.465494239712184E-17
     4.581601059913313E+00    2.645417726577928E-19
     4.593885520079433E+00    1.223022042672860E-20
     4.593885520415058E+00    4.583688182027564E-21
     4.600904080033488E+00    7.690031803281535E-23
     4.722022740863062E+00    7.668389555136526E-04
     4.723441707709843E+00    1.547120658752075E-05
     4.830827162066734E+00    3.621763281287210E-05
     4.831233688821152E+00    1.292540189640715E-20
     4.831233689338613E+00    2.491426392806220E-21
     4.901359301721294E+00    2.702598161575398E-21
     4.901359303010226E+00    1.969554304680729E-24
     4.907552381620131E+00    2.176563332607338E-20
     4.915674306077310E+00    9.847974131979111E-07
     4.925470397571956E+00    9.091950662388973E-23
     4.925470399527049E+00    1.823263559917106E-20
     4.975791750106961E+00    5.197869411582813E-05
     5.010875317833852E+00    1.907599274764389E-20
     5.010875320588386E+00    2.836689757228583E-21
     5.012830902950279E+00    9.552414638765420E-07
     5.256691650702558E+00    6.128881785787929E-05
     5.399227757885523E+00    3.436030335425783E-03
     5.413127211710568E+00    2.173660234103937E-16
     5.413127217683115E+00    1.018254566313532E-15
     5.461616966056458E+00    1.382556897250067E-18
     5.515238000483148E+00    2.746316524803067E-18
     5.515238006281946E+00    1.703578365022406E-18
     5.549614415155237E+00    8.922023778883313E-19
     5.549614428725839E+00    1.729912365352481E-22
     5.572555697164137E+00    1.215543498973558E-21
     5.572555698050950E+00    1.787344766689628E-24
     5.623593230549565E+00    3.801426421884151E-03
     5.878123991320171E+00    3.447357935346263E-05
     6.395121873400610E+00    2.183947742527638E-22
     6.395121874292574E+00    1.168505355305004E-20
     6.421945880704971E+00    4.337004104462133E-10
     6.421945880832947E+00    8.504652850039269E-12
     6.421945881601263E+00    1.510224597243664E-10
     6.465108313751228E+00    2.630072319526583E-05
     6.468548986562220E+00    2.253336697478894E-16
     6.468548989312716E+00    5.504081091231105E-16
     6.468632115592468E+00    1.193610163483863E-06
     6.481103251306120E+00    2.536845874606920E-20
     6.500019038254119E+00    1.211146618496860E-21
     6.500019043450441E+00    2.770893665625480E-21
     6.504519127930003E+00    1.453061095217211E-21
     6.567787379696813E+00    2.574112699181933E-21
     6.567787379899282E+00    1.142163941669525E-21
     6.651090828268637E+00    6.726638496756628E-23
     6.651090828282976E+00    2.152317289346873E-22
     6.715185545729319E+00    3.101833083299616E-03
     6.814273882245521E+00    2.605847443857181E-17
     6.814273882798557E+00    2.430629940007992E-17
     6.815555080409684E+00    4.250317264665513E-05
     6.843327679814188E+00    1.705410536956982E-19
     6.843327683058318E+00    1.125776555320793E-19
     6.889135296700780E+00    9.841754426118035E-21
     6.993786550925394E+00    7.630882283593530E-23
     6.993786551377334E+00    1.050561456407783E-21
     7.168407433342989E+00    1.767632423614864E-03
     7.168618971357334E+00    1.395393261327940E-15
     7.168618971530331E+00    1.349917680472671E-15
     7.169234130230300E+00    3.648035600445839E-03
     7.665247569537020E+00    4.931527429138391E-20
     7.665247571185321E+00    3.786635167431844E-23
     7.853938402269197E+00    5.897063550088766E-04
     9.498563754786487E+00    1.768720740234583E-13
     9.498563757039573E+00    1.063914537713783E-14
     9.498563761503373E+00    1.679961637626672E-13
     9.508555851546980E+00    3.421341312632244E-20
     9.508555852952435E+00    2.605754289184910E-19
     9.508555856673421E+00    2.451693488702056E-20
     9.508555860136331E+00    7.585888059612772E-20
     9.524406108121360E+00    6.978491053455959E-20
     9.524406116947766E+00    3.842496607281825E-19
     9.524720249459888E+00    9.548788405776093E-18
     9.524930756980863E+00    2.794683766567982E-08
     9.525905447544686E+00    4.856762990467073E-08
     9.525949984601940E+00    1.123090308559443E-16
     9.525949986990989E+00    9.189774418965292E-16
     9.562903826009819E+00    4.858919902776544E-22
     9.562903827778447E+00    3.985498857166447E-24
     9.566143456470853E+00    2.047658191620867E-21
     9.566143459779450E+00    1.291730678996043E-19
     9.569859804833987E+00    6.569332923128633E-21
     9.569859807259988E+00    4.626497839615834E-23
     9.590552940886591E+00    1.927516617439543E-19
     9.600733913076343E+00    9.914331427273951E-06
     9.634053580891241E+00    1.265261650473222E-19
     9.634053581055516E+00    6.360666589704397E-21
     9.740251565998205E+00    1.290436029214032E-18
     9.740251570576230E+00    2.744219203491129E-20
     9.746198337731785E+00    2.036628161007621E-06
     9.916888724295713E+00    8.589029982380043E-07
     9.917976516406126E+00    7.413070003584623E-19
     9.917976517432534E+00    3.609209964610273E-23
     9.927363426472096E+00    8.153186239961882E-07
     9.931563107624534E+00    8.331171439441183E-21
     9.932553506527093E+00    2.266545824936469E-20
     9.932553507741515E+00    2.463720251695962E-23
     9.976422005440686E+00    1.746774292896537E-23
     9.976422007444915E+00    1.898826551314195E-22
     1.046258682925132E+01    1.097676395934711E-02
     1.049141830680066E+01    3.100369841397391E-15
     1.049141831192864E+01    4.539685081039027E-17
     1.056649628923686E+01    2.454004704922942E-19
     1.063386908289438E+01    6.419716660987904E-20
     1.063386911196255E+01    6.484338940168952E-17
     1.158824735040872E+01    6.736020837667672E-20
     1.158824736314283E+01    2.212663203769155E-20
     1.161569861235243E+01    5.751871650350441E-24
     1.161569861244695E+01    8.787588722088872E-21
     1.162450690571425E+01    2.491309837886347E-09
     1.162450690951417E+01    4.532282251534228E-10
     1.162450691410356E+01    2.156299493561547E-09
     1.171916592265156E+01    4.392459268498540E-03
     1.172160162799266E+01    6.493093642583487E-14
     1.172160164003398E+01    5.690030785123438E-15
     1.172182500961178E+01    2.502397295516025E-04
     1.172748217809293E+01    1.651804157500273E-17
     1.177144265781945E+01    8.242937474837264E-19
     1.177144266489407E+01    1.073996892385202E-19
     1.178155752884631E+01    2.861106747163573E-19
     1.179220747683788E+01    3.172149436468188E-16
     1.179220747982462E+01    1.599470924199233E-19
     1.179306245532633E+01    4.181581746039050E-05
     1.204883267029694E+01    1.147107986823728E-19
     1.204883268676604E+01    2.755887173267631E-19
     1.212995243430958E+01    2.089860624367176E-16
     1.212995244564731E+01    4.650022318073887E-18
     1.213195884740196E+01    7.440250035404388E-05
     1.215327108917397E+01    1.140051689439679E-20
     1.274662161155051E+01    3.509460600124555E-23
     1.274662161295122E+01    9.397920870169914E-22
     1.303883000750737E+01    1.310235973396106E-05
     1.318267044544441E+01    2.152515766429935E-21
     1.318267044549542E+01    3.706210528426184E-21
     1.319671456742617E+01    1.198207994574264E-04
     1.329509414442419E+01    1.353791410566123E-21
     1.329509414447195E+01    3.896080851324515E-22
     1.364417784254973E+01    1.848191880926733E-19
     1.364417784291072E+01    9.293167429057712E-20
     1.366497708375146E+01    1.174372858940137E-02
     1.407631502580955E+01    4.726818150869674E-05
     1.599583085581136E+01    5.230738057403592E-12
     1.600111783024129E+01    1.037603675771800E-27
     1.600111783093590E+01    7.693630270930964E-25
     1.603281634307262E+01    8.979290138550430E-28
     1.603281634886219E+01    2.112392790330637E-26
     1.605541077053688E+01    2.866206959024745E-27
     1.606381318875696E+01    3.221512946441918E-27
     1.606381319075707E+01    3.562188189024705E-26
     1.614541343316376E+01    3.950874737000374E-13
     1.618112422572383E+01    5.062870745648425E-28
     1.618351039286157E+01    7.105040113386722E-29
     1.618351039517000E+01    5.439597080560513E-28
     1.824750300153668E+01    4.703387476904937E-11
     1.824757294170367E+01    2.863521102779958E-22
     1.824758790214043E+01    1.711534801014741E-22
     1.824758790283413E+01    1.449921817755693E-22
     1.932848975442619E+01    1.538467104294354E-12
     1.932848976174109E+01    6.075303179756112E-13
     1.932848976857563E+01    8.105413626004013E-13
     1.934821721658173E+01    8.729467219157568E-16
     1.934821722092090E+01    5.492372226634065E-16
     1.934821722548189E+01    9.862211628927696E-18
     1.934821723589316E+01    3.001642460292172E-16
     1.939643692416895E+01    9.412031552062822E-19
     1.939643693362684E+01    5.924248001113360E-21
     1.939645402520362E+01    1.152426468979228E-18
     1.939650670970187E+01    1.470666995190318E-10
     1.940209676307425E+01    9.779322837209688E-10
     1.940210026460976E+01    3.496978853574593E-15
     1.940210027202908E+01    1.916059434745854E-17
     1.945278745637416E+01    5.720126747152292E-24
     1.945278746618850E+01    2.925544658219676E-24
     1.947751448954811E+01    1.179391345810975E-25
     1.947751450067093E+01    3.082921175897269E-26
     1.973569156596799E+01    4.807068002677271E-08
     1.973716253464482E+01    1.146690209648652E-20
     1.973716254351134E+01    1.366883171705184E-18
     1.976512376585152E+01    2.498688833634217E-22
     1.976512377692331E+01    1.227831963653368E-22
     1.976713423428959E+01    6.937672742081708E-21
     1.977433150082977E+01    1.666290409226297E-08
     1.985387112782834E+01    6.416756075478472E-23
     1.985387113644751E+01    1.344664152701610E-23
     2.081326996314808E+01    5.334223170390272E-20
     2.081326996922823E+01    4.098186996930437E-19
     2.084487729559288E+01    7.871297357446998E-06
     2.085035723963682E+01    9.917114650393494E-18
     2.089143326702481E+01    1.228465157989190E-21
     2.089143327563270E+01    1.312067800394124E-21
     2.102587275048858E+01    1.084874805362456E-19
     2.102587275979788E+01    7.487107671015351E-20
     2.103446005149872E+01    5.957991171995018E-07
     2.304373985340803E+01    6.661290323011736E-04
     2.304531651190899E+01    5.799426976128957E-19
     2.304531651292960E+01    2.214772249055048E-16
     2.311229150273861E+01    1.512650755768132E-02
     2.314591959528687E+01    3.199986769682809E-15
     2.314591963782676E+01    1.151075362715422E-14
     2.326241746476747E+01    7.799176578654966E-17
     2.332524317655202E+01    1.210077511255154E-18
     2.332524322635195E+01    3.185528273595822E-17
     2.386564090474476E+01    1.142703093757859E-20
     2.386564091648532E+01    5.629648669996174E-20
     2.391158293050147E+01    9.444325153375734E-09
     2.391158294257822E+01    1.090260276362527E-08
     2.391158295680211E+01    2.234617230523063E-08
     2.402644546530356E+01    1.301512545093458E-14
     2.402644547383616E+01    7.539884623854204E-15
     2.402666083349651E+01    8.775414640946471E-06
     2.404690291491489E+01    1.296527030932525E-19
     2.406822803634768E+01    7.472504885912322E-19
     2.406822804189654E+01    2.197378159591884E-19
     2.410697756965072E+01    1.250057924848069E-20
     2.433619702203066E+01    2.197400151203166E-18
     2.433619704027674E+01    1.364387733020469E-19
     2.438826115184196E+01    3.491759374582940E-16
     2.438826116934701E+01    3.675234819071326E-16
     2.439197412247565E+01    7.903975412562376E-05
     2.448057286795645E+01    3.276727636333883E-21
     2.543651711109279E+01    1.575424188457135E-21
     2.543651711350773E+01    5.726224557590066E-20
     3.221284954680353E+01    5.786795379406138E-23
     3.221284954683853E+01    5.459383045257554E-22
     3.231174625255293E+01    5.874223249828163E-03
     3.440587558329837E+01    7.668346090944113E-03
     3.504578811288654E+01    1.869009685341271E-06
     3.517800742884478E+01    2.834394837860751E-25
     3.517800742885651E+01    4.497810293047896E-24
     3.527618495006762E+01    3.290954432068864E-22
     3.527618495007957E+01    2.831061954799756E-24
     3.533746183542988E+01    4.314277672503512E-04
     3.561591582826522E+01    5.136487374046298E-22
     3.561591582846861E+01    2.856767746283363E-19
     3.563190570820505E+01    1.698848207867616E-02
     3.704550008337669E+01    7.911529631802664E-12
     3.705461177603512E+01    3.630012564605720E-24
     3.705461179191018E+01    1.289552158733203E-23
     3.709401827513389E+01    8.322332690452188E-26
     3.709401828640311E+01    1.143681407661950E-25
     3.712108403310211E+01    3.023583245155144E-27
     3.715046877684662E+01    6.113698311763551E-27
     3.715046878894616E+01    2.198483431666183E-27
     3.723100654141638E+01    2.222962064153837E-14
     3.731057273485695E+01    3.100091262269779E-27
     3.731332973318978E+01    1.184611619829879E-27
     3.731332974034559E+01    4.333017832609660E-30
     3.930668180911079E+01    2.962174587254908E-14
     3.930683331133444E+01    5.752378984129231E-27
     3.930686855679912E+01    2.021297654929591E-27
     3.930686855715775E+01    1.235160852488303E-26
     4.565142926887979E+01    3.582055497271883E-13
     4.565142927675204E+01    1.682074521029300E-12
     4.565142928235790E+01    1.501290058235668E-13
     4.568084639281201E+01    2.512824238084751E-15
     4.568084639770669E+01    4.604870653820925E-14
     4.568084640534132E+01    3.440609362887889E-14
     4.568084640884002E+01    1.626458823996673E-14
     4.575317161470201E+01    3.497836301279893E-19
     4.575317162301685E+01    8.198681724416970E-22
     4.575317650044499E+01    1.358859267303035E-20
     4.575319273178612E+01    1.282965241718463E-11
     4.576186684986079E+01    1.152694306099450E-12
     4.576186686061276E+01    1.130860209270770E-13
     4.576186686313845E+01    2.718034423775559E-13
     4.583093329445523E+01    6.887362267250266E-24
     4.583093330732103E+01    2.240067608326752E-25
     4.586805771415190E+01    2.408344251334720E-24
     4.586805772314088E+01    1.040087227099304E-26
     4.607515964473817E+01    7.099455148471579E-09
     4.607564208614743E+01    3.638866773389215E-18
     4.607564210900671E+01    3.218687118385753E-19
     4.610863729733308E+01    9.831504653764781E-22
     4.610863731876775E+01    2.094804546073958E-21
     4.610934183773854E+01    3.270941950176541E-21
     4.611197023739593E+01    1.043639778026097E-09
     4.624221019283788E+01    5.021076803338032E-23
     4.624221020951143E+01    8.275509138575372E-24
     4.975898142542392E+01    5.729817136177376E-19
     4.975898145335452E+01    6.464815194698001E-19
     4.979514040861650E+01    3.626066507933623E-06
     4.980637630262247E+01    6.552394484666522E-19
     4.985213854884797E+01    2.080111538617937E-20
     4.985213858915948E+01    4.178882170781634E-20
     5.001469736862625E+01    6.828163997239779E-22
     5.001469738645214E+01    3.529339092367979E-20
     5.002412988966888E+01    1.271923949892798E-07
     5.204464865908158E+01    1.233713881796828E-17
     5.204464866004982E+01    1.190116639115915E-17
     5.204474295732958E+01    5.836396206223061E-07
     5.432031962151792E+01    2.126062213893713E-20
     5.432031964889048E+01    1.420635122145533E-19
     5.436687492734430E+01    9.849113287262490E-09
     5.436687494696316E+01    1.771241457121727E-09
     5.436687497053206E+01    5.360598379287315E-10
     5.444022953918488E+01    2.258211129803053E-06
     5.444024626203210E+01    5.726170204010187E-14
     5.444024629452192E+01    4.092507798980841E-14
     5.446379371822962E+01    2.811839699089322E-18
     5.446379373078233E+01    2.549294483394548E-20
     5.450077279944222E+01    4.528844139648285E-20
     5.453135702970536E+01    4.262590381613635E-20
     5.475879316596557E+01    9.666809625821073E-17
     5.475879319957992E+01    3.969896841718255E-16
     5.477767597077174E+01    1.421355389077690E-03
     5.479344531702004E+01    2.155837069962993E-15
     5.479344533511070E+01    2.609764546517805E-17
     5.489656121415487E+01    7.405241154166974E-18
     5.518077071666255E+01    1.136958081567950E-02
     5.520560063790033E+01    1.892571821558967E-14
     5.520560068843074E+01    1.163511853165616E-14
     5.531440392557816E+01    4.260271524347119E-18
     5.536439353788088E+01    7.663484150325920E-19
     5.536439356850578E+01    1.482196306708143E-17
     5.747203315293961E+01    5.400136146117050E-20
     5.747203315373515E+01    3.683323594211163E-20
