     2.142944257879563E+00    5.885799359235945E-25
     2.142944257883571E+00    3.455058582843601E-23
     2.241381890442419E+00    9.212883447648974E-04
     2.535433431159829E+00    1.511905070710182E-04
     2.544016723701591E+00    4.282432907935919E-17
     2.544016726951721E+00    2.510327150785079E-17
     2.554823021785613E+00    1.008230474278269E-19
     2.643241171031428E+00    6.159628696024646E-20
     2.643241173014930E+00    2.608231920420920E-19
     2.702975309051590E+00    2.029670402862801E-21
     2.702975309130400E+00    1.444989838479633E-22
     2.801599876363994E+00    9.877202737702587E-04
     3.081028107174590E+00    3.071904746147285E-05
     3.121833848269098E+00    1.758974503074033E-21
     3.121833848271600E+00    1.125874567393242E-24
     3.165397862626987E+00    1.887349677033052E-20
     3.165397862657321E+00    3.496428543334923E-20
     3.205116186809005E+00    6.804599330413133E-05
     3.229469788849360E+00    2.093451263930507E-19
     3.229469791613779E+00    8.362909508283162E-18
     3.243747763606698E+00    2.397489338084342E-18
     3.248989779828214E+00    1.753667614486192E-03
     3.329798877319578E+00    2.358273937538825E-20
     3.329798878147036E+00    8.433500171335628E-20
     3.416211236358594E+00    8.607172469167956E-06
     3.432011918727224E+00    1.034819578729472E-23
     3.432011918730285E+00    1.435649415867651E-23
     3.451091342248233E+00    1.315883995119369E-03
     3.452622234720565E+00    5.806818125986619E-20
     3.452622234737611E+00    9.832089510933178E-20
     3.538351673596993E+00    8.692380137565351E-22
     3.538351673659496E+00    3.053489226944067E-23
     3.631570142854151E+00    5.899598791921981E-05
     3.837012695059202E+00    2.272412891183151E-04
     3.837867741999761E+00    3.205350510560687E-19
     3.837867742083224E+00    1.709978070466109E-21
     3.975902161448670E+00    1.691005125040418E-05
     4.010521891988307E+00    4.099614900053273E-22
     4.010521891995885E+00    3.177363822915160E-23
     4.050352176351712E+00    7.977157616447478E-22
     4.050352176382722E+00    5.890266974613266E-22
     4.165615927256332E+00    1.495540834735712E-03
     4.181273666844881E+00    9.486387606245019E-22
     4.181273669722850E+00    6.511466618073301E-20
     4.187781957874791E+00    3.886059726552897E-12
     4.187781959344284E+00    3.763465339324145E-13
     4.187781962257320E+00    1.310333928619843E-11
     4.195942663873930E+00    1.899263863211742E-07
     4.195949006250539E+00    3.240005749195675E-15
     4.195949006479037E+00    2.882592914296461E-16
     4.200775899666641E+00    2.975227907237753E-22
     4.200775901142839E+00    9.967416932360038E-21
     4.209666952628419E+00    3.910243547103222E-22
     4.212763527199599E+00    5.461760349883294E-21
     4.402693980762658E+00    1.230430552232169E-21
     4.402693980791156E+00    5.421083233813578E-23
     4.443994445201395E+00    2.142123126429569E-04
     4.477303998157877E+00    7.495179292375355E-05
     4.543751881391006E+00    6.860923984393604E-20
     4.543751885260328E+00    9.442804127357977E-22
     4.576158120805954E+00    3.789186841645596E-20
     4.576158121641599E+00    8.129044178031230E-18
     4.579070921287573E+00    6.514814697478508E-05
     4.582257151327165E+00    4.386381405134855E-17
     4.582257152096447E+00    6.798545008949187E-18
     4.600632519459545E+00    2.623499496901180E-20
     4.605231803964847E+00    4.588209415949285E-04
     4.650622348461626E+00    5.134854120888193E-20
     4.650622350884363E+00    8.122891217153653E-20
     4.661881719359806E+00    9.272596888101818E-19
     4.703413044423188E+00    5.093695660090309E-03
     4.744961785170610E+00    6.556093202230190E-19
     4.744961786436313E+00    1.604388093398723E-18
     4.820963485676698E+00    8.739212528774387E-22
     4.820963486202422E+00    1.988159411591358E-21
     4.900910725922368E+00    4.502312741241709E-21
     4.900910727780929E+00    6.853372493867916E-22
     4.907559290107609E+00    7.768269229681599E-21
     4.915676111443156E+00    1.719260107171430E-06
     4.925465889195618E+00    4.498440786741058E-21
     4.925465890456596E+00    5.529092407740959E-21
     4.988079973280538E+00    1.101738668429122E-05
     5.010876784936873E+00    1.946055892961759E-20
     5.010876785559381E+00    2.770647908688970E-20
     5.012834958621109E+00    5.546302350690671E-07
     5.285859309719101E+00    1.954867645261976E-05
     5.341748711594577E+00    3.389870537237714E-21
     5.341748711647542E+00    4.023446961460880E-23
     5.397120864880349E+00    2.235865036017597E-28
     5.397120864979157E+00    7.573224791498102E-25
     5.453058988616215E+00    1.088978257866792E-19
     5.453058989274276E+00    2.190456881173030E-19
     5.512821927325184E+00    3.497567263569135E-03
     5.769245784713635E+00    2.477332491752884E-21
     5.769245785055741E+00    5.136131501679712E-25
     5.856324777143208E+00    1.654741389231032E-03
     6.403849199361137E+00    8.351969566676304E-22
     6.403849204033859E+00    1.496647299728387E-22
     6.421948173500528E+00    2.895098825106080E-10
     6.421948175516481E+00    2.403632480909259E-11
     6.421948177781408E+00    1.913905215687620E-10
     6.468348226952119E+00    2.274944383374762E-14
     6.468348230009511E+00    5.448688964280550E-15
     6.468352198983276E+00    2.562763957714613E-07
     6.481105400530170E+00    3.228797077220405E-21
     6.494616123844646E+00    7.499798018501978E-22
     6.494616126001159E+00    9.479012191712102E-22
     6.504333228741325E+00    3.044820070835677E-22
     6.732063329874268E+00    1.524151579426760E-23
     6.732063332011608E+00    2.909629744023381E-24
     6.814100085492019E+00    6.691235847991520E-20
     6.814100089582917E+00    7.195685424733111E-17
     6.815211063940549E+00    8.716708558016245E-06
     6.877187299002344E+00    4.126878479814839E-04
     6.888979453761073E+00    1.412015784013479E-20
     6.998842178660603E+00    4.012196012282146E-20
     6.998842180673964E+00    1.663656375598775E-20
     7.168471933972473E+00    2.426913501461342E-05
     7.168537368416418E+00    1.539413850686614E-16
     7.168537368681950E+00    4.266335026657869E-17
     7.197035913917788E+00    5.228574351802363E-03
     7.219004299682664E+00    1.469297567675149E-16
     7.219004305382849E+00    1.611893856734683E-16
     7.264068917500882E+00    3.147159437855084E-18
     7.338082899611933E+00    7.824789608596756E-21
     7.338082905705241E+00    2.403731349564513E-18
     8.010703273030080E+00    1.781618786104763E-05
     8.102212689769539E+00    1.361455204217047E-20
     8.102212689879073E+00    5.500734521381498E-23
     8.178636308677762E+00    1.393505935021839E-21
     8.178636308752420E+00    1.732159716867568E-21
     8.270078862961070E+00    3.773515225578308E-03
     8.509205816058316E+00    6.704129549843688E-22
     8.509205816234132E+00    1.769189529808187E-20
     8.599534791635985E+00    3.025518273954857E-03
     9.436009582177951E+00    3.015514954191804E-22
     9.436009582330717E+00    1.021111607282274E-21
     9.498564583660455E+00    2.543923606182808E-13
     9.498564585951803E+00    2.821544400461656E-14
     9.498564587145570E+00    1.023934720368281E-14
     9.508556607677535E+00    1.683011241862155E-21
     9.508556608333885E+00    6.829927127960708E-20
     9.508556610168940E+00    2.022590734121518E-19
     9.508556612609439E+00    8.295606336157270E-19
     9.524425932535861E+00    4.218620807697965E-20
     9.524425934575106E+00    4.759553362489430E-20
     9.524720145518650E+00    7.299462939266399E-19
     9.524930780769159E+00    1.283185462202087E-08
     9.525905804581450E+00    1.243113789722328E-08
     9.525950012336573E+00    3.727120600781334E-18
     9.525950015705460E+00    6.399301474544120E-18
     9.562904153847724E+00    5.360830697555102E-22
     9.562904159230118E+00    6.565980708004362E-22
     9.566890408963621E+00    3.460341381961684E-20
     9.566890415051445E+00    1.740013312517072E-20
     9.569907908793462E+00    1.370496709010598E-20
     9.569907913989180E+00    1.714742907923076E-23
     9.590574502826666E+00    1.170909051365037E-19
     9.600804923180631E+00    4.666485882624034E-06
     9.634104109411846E+00    2.049610218077576E-20
     9.634104113720490E+00    1.461172243749427E-21
     9.740270265687883E+00    2.287607159275059E-19
     9.740270269023073E+00    3.036330988340957E-21
     9.746224063093523E+00    6.520417869191281E-07
     9.916902858693422E+00    1.709094199207021E-07
     9.917988608800618E+00    3.739365331144295E-19
     9.917988609756442E+00    1.870461415140571E-20
     9.927373827242940E+00    2.099613990729167E-07
     9.931567900072444E+00    6.831801222949618E-24
     9.932579950758322E+00    3.792863144814228E-23
     9.932579951892114E+00    3.267889135688144E-22
     9.976423850462176E+00    7.286078972428189E-26
     9.976423855363702E+00    7.081041592789773E-24
     1.074990508529654E+01    4.270017873237862E-23
     1.074990508534034E+01    5.085531700201156E-22
     1.084546692385365E+01    5.893470937659252E-03
     1.159060525765802E+01    1.037557381962216E-21
     1.159060526836052E+01    5.528852191583748E-24
     1.162450717989750E+01    1.986692910234239E-09
     1.162450718865632E+01    1.682246105244850E-09
     1.162450719728254E+01    4.836744163660524E-11
     1.172113716768829E+01    3.555409583415540E-06
     1.172119641360440E+01    2.786494291577089E-14
     1.172119642641798E+01    1.653868016389647E-15
     1.172748244092735E+01    6.966243163864816E-20
     1.178087351434048E+01    9.398872994555812E-21
     1.178162238505229E+01    6.595521930082651E-20
     1.178162239734639E+01    2.504479978152369E-21
     1.179113420470946E+01    7.933384615785334E-18
     1.179113420568964E+01    2.598547313732528E-19
     1.179156638584757E+01    3.262473498392404E-07
     1.208827257329992E+01    2.272552617547562E-18
     1.208827258274005E+01    1.515317156101984E-21
     1.212516157310701E+01    7.834414696964913E-05
     1.212542769235923E+01    2.578264565352732E-15
     1.212542770556559E+01    6.295129537544072E-17
     1.214963453572354E+01    1.357524391437155E-18
     1.240514622584426E+01    1.054482520218113E-02
     1.243378878130446E+01    6.107070809966910E-16
     1.243378879545003E+01    1.606620172901757E-15
     1.250949432776986E+01    2.889483686277466E-17
     1.257520098953014E+01    2.471744522883012E-18
     1.257520100196875E+01    6.121419482821737E-18
     1.297947859844422E+01    1.201622733207577E-03
     1.459133384382018E+01    9.184569926013361E-06
     1.463734842931133E+01    1.441536251494302E-22
     1.463734842977438E+01    1.833123676322688E-21
     1.472929532504839E+01    3.565177081602406E-23
     1.472929532513093E+01    4.318530380395335E-22
     1.483117932517958E+01    6.506537675814633E-25
     1.483117932533543E+01    3.343403917122979E-21
     1.488445515099993E+01    2.191196986132140E-03
     1.518167071663141E+01    4.147504534059616E-21
     1.518167071667418E+01    2.024379265121569E-20
     1.521221835419308E+01    6.930121309337207E-03
     1.599583202706751E+01    1.097134586750024E-10
     1.600111899661188E+01    5.692589875607108E-23
     1.600111900319360E+01    1.165305217445936E-24
     1.603281748143782E+01    4.253821007974369E-25
     1.603281748383077E+01    8.969498511511018E-27
     1.605541188219673E+01    2.470491246020485E-26
     1.606381432105199E+01    4.390864093657840E-25
     1.606381432362244E+01    4.123697535982970E-27
     1.614541440466344E+01    4.248615369379524E-12
     1.618112526717340E+01    3.639299644755676E-26
     1.618351142646711E+01    1.043213267674499E-25
     1.618351143325416E+01    3.381974290716225E-27
     1.824750476604233E+01    8.083752878007790E-11
     1.824757470761490E+01    4.675269065660666E-23
     1.824758966896575E+01    3.851712864297135E-22
     1.824758966928091E+01    6.609148896915269E-23
     1.932849077024227E+01    2.100540997037658E-12
     1.932849077458829E+01    2.394327550737969E-13
     1.932849078069145E+01    1.223950113855176E-14
     1.934821827636078E+01    6.534354524391676E-18
     1.934821827868117E+01    8.462012158563388E-19
     1.934821828451940E+01    5.538008406531755E-18
     1.934821829001971E+01    8.045707945562489E-19
     1.939643876475224E+01    5.192806509447832E-21
     1.939643877052332E+01    7.027307530579986E-19
     1.939645587104661E+01    6.134217416427710E-19
     1.939650854863363E+01    1.979248334888250E-10
     1.940209916028671E+01    5.000801434812791E-10
     1.940210264897024E+01    1.293481032537077E-19
     1.940210265808583E+01    1.335869282210427E-16
     1.945278874984578E+01    8.937529324382779E-25
     1.945278876521383E+01    8.406139369463981E-25
     1.947751609695333E+01    5.561238806654559E-25
     1.947751611601953E+01    6.510867114032754E-25
     1.973569301588456E+01    6.801419742113282E-08
     1.973716398292910E+01    1.109154341781664E-20
     1.973716399115771E+01    6.760547092919781E-19
     1.976512562202868E+01    6.930277729932743E-21
     1.976512562977717E+01    1.408010771867337E-23
     1.976713562544309E+01    4.400243981410288E-22
     1.977433287807677E+01    2.017370945033519E-08
     1.985387248885538E+01    2.133588804804402E-25
     1.985387250032292E+01    1.283730476961426E-24
     2.081335129987163E+01    2.734954357846417E-19
     2.081335131105812E+01    4.188424300381897E-19
     2.084494711702827E+01    7.067989119784355E-06
     2.085038048470597E+01    1.772787444256549E-19
     2.089146418418354E+01    1.667399775073081E-22
     2.089146420377865E+01    4.417216922043930E-22
     2.102587853847737E+01    7.986071284865243E-19
     2.102587856249909E+01    1.162240441553304E-18
     2.103446788927498E+01    4.442820141583470E-07
     2.304646411709411E+01    9.142433026963202E-19
     2.304646411869386E+01    5.015116035171183E-18
     2.304658347184377E+01    3.062382946256612E-07
     2.386595099453698E+01    1.896309565799491E-20
     2.386595101172969E+01    1.613492350210520E-21
     2.391158353509949E+01    2.667518522202618E-08
     2.391158354925748E+01    1.297969638861440E-09
     2.391158355156740E+01    1.048240945523173E-08
     2.402566467024581E+01    8.433230460764122E-06
     2.402571429700517E+01    1.180475532757789E-13
     2.402571430696826E+01    7.547478362051180E-13
     2.404690323873088E+01    1.398147058717445E-18
     2.407260929430621E+01    9.897203844231023E-19
     2.407260931122242E+01    2.839771401200764E-22
     2.410598871245747E+01    8.793171809874172E-20
     2.435349086175094E+01    3.700752689559114E-18
     2.435349089582595E+01    5.149285972693237E-19
     2.436946545769853E+01    4.396957824538449E-04
     2.437282511135571E+01    4.901324249639830E-15
     2.437282511615454E+01    5.379685064443800E-15
     2.446898966161084E+01    3.952963109897728E-19
     2.488129393404497E+01    1.399806476626136E-02
     2.491295198118172E+01    5.944531548260862E-15
     2.491295200261433E+01    4.502021701975243E-16
     2.502596652048921E+01    1.032358279589720E-17
     2.508390875410358E+01    2.157255663238024E-18
     2.508390878750984E+01    4.436526468846511E-19
     2.715749758287745E+01    5.881179121588364E-21
     2.715749758410660E+01    3.731810093406709E-21
     3.137679128988722E+01    3.341240313963439E-26
     3.137679128989609E+01    3.891857223307156E-22
     3.147393856793530E+01    6.172500956331774E-03
     3.361548120043904E+01    5.607009656722573E-03
     3.656723303199225E+01    2.548724765793381E-06
     3.669839322989434E+01    2.021165073648343E-22
     3.669839323008058E+01    7.430296900961051E-23
     3.679336384617925E+01    2.828389143537563E-23
     3.679336384637376E+01    9.354152308941246E-22
     3.682240284821994E+01    1.672692002662171E-06
     3.704549955293422E+01    3.532760233918788E-12
     3.705461123535935E+01    3.829984247453995E-24
     3.705461125225744E+01    4.294843426689450E-24
     3.709401767554828E+01    9.038420662683030E-25
     3.709401768078645E+01    1.289303485775128E-24
     3.711964997300036E+01    1.924924940473045E-02
     3.712108338333798E+01    9.932263047231771E-24
     3.713540258460907E+01    6.130637845703492E-20
     3.713540258482070E+01    1.473415661111284E-18
     3.715046811274781E+01    6.802962040627270E-25
     3.715046812199617E+01    1.823673282610950E-25
     3.723100574078757E+01    8.554803083871005E-14
     3.731057186543284E+01    3.226456209757537E-27
     3.731332885757639E+01    3.973181598265344E-26
     3.731332887530320E+01    2.137121336131015E-25
     3.930668232421501E+01    7.600935444571537E-15
     3.930683382515394E+01    9.054863765292188E-28
     3.930686907096226E+01    3.778564048204395E-29
     3.930686907129772E+01    9.747440870047028E-26
     4.565142911271131E+01    4.658024830216793E-13
     4.565142911758147E+01    1.235715561353044E-13
     4.565142912977192E+01    1.215017443155519E-12
     4.568084614921307E+01    8.418490315800187E-14
     4.568084615344376E+01    4.132863810285584E-14
     4.568084616306678E+01    4.256256756761896E-15
     4.568084617031756E+01    2.975884297946891E-14
     4.575317093093227E+01    9.034661015725313E-19
     4.575317094135727E+01    4.628644003907143E-18
     4.575317581344640E+01    2.314171638859911E-19
     4.575319204634548E+01    2.162983662388000E-11
     4.576186585560342E+01    1.369143504626940E-12
     4.576186587039965E+01    2.631845623672546E-12
     4.576186587987149E+01    4.732761895752824E-12
     4.583093260167795E+01    4.536886681179049E-24
     4.583093260900731E+01    4.229898136321304E-25
     4.586805694860719E+01    4.610621741569805E-24
     4.586805696245804E+01    1.811329864313319E-24
     4.607515919664065E+01    1.211710848911965E-08
     4.607564157077535E+01    6.216804511139944E-21
     4.607564159191718E+01    2.266280719114386E-18
     4.610863711732501E+01    1.808973818895658E-21
     4.610863713046678E+01    1.732422176949560E-20
     4.610934147314278E+01    7.121772992717910E-21
     4.611196979781506E+01    1.822543107712658E-09
     4.624220939821940E+01    2.530169017755605E-24
     4.624220941472081E+01    5.581287359335974E-23
     4.975916837543412E+01    8.609896777937275E-19
     4.975916840662451E+01    6.696660713634501E-19
     4.979532716978837E+01    7.595060493050172E-06
     4.980645555466667E+01    3.133322451687506E-18
     4.985222377730454E+01    2.526470928944197E-19
     4.985222380999559E+01    2.582338779709183E-19
     5.001470611072327E+01    1.395865381256537E-18
     5.001470614903289E+01    2.588354221668861E-18
     5.002414008365911E+01    2.900855723422440E-07
     5.204466259685648E+01    4.323344469708294E-19
     5.204466259751337E+01    8.820065712559963E-18
     5.204476286949917E+01    5.012776620142809E-07
     5.432036309008203E+01    1.393018392700520E-20
     5.432036311162182E+01    2.277563018949199E-21
     5.436687661643191E+01    1.151851848449415E-08
     5.436687662115123E+01    2.385824623343412E-09
     5.436687664046567E+01    9.478208999278228E-09
     5.444030683682678E+01    7.851006340252883E-15
     5.444030685681220E+01    3.376461004811376E-14
     5.444032260375029E+01    7.031052082545304E-08
     5.446447635618726E+01    1.006426166972617E-21
     5.446447637768136E+01    1.023202532344059E-21
     5.450077460469517E+01    1.404445249826041E-20
     5.453152243023144E+01    5.516088000655049E-21
     5.478902757749687E+01    1.997238484084011E-19
     5.478902760044861E+01    3.244000470611912E-20
     5.481551807563093E+01    2.775152653280518E-16
     5.481551808122936E+01    1.946532456698661E-15
     5.481676172866743E+01    2.255194663846034E-05
     5.491617060184372E+01    5.796033047374433E-19
