     2.142824111911606E+00    2.614155908382180E-24
     2.142824111916929E+00    6.530500118518239E-23
     2.241241837964524E+00    9.086098835564529E-04
     2.511949635753362E+00    1.141336225953390E-04
     2.515639046500573E+00    1.102479176652823E-17
     2.515639047552171E+00    1.642873962824411E-16
     2.525024230077429E+00    4.553403935031536E-19
     2.525024230999760E+00    1.061428163794774E-17
     2.529008162330413E+00    3.711747236034904E-20
     2.618906285462560E+00    2.218628278251383E-17
     2.618906294398997E+00    2.346008254431753E-17
     2.619067633573627E+00    4.413826807097162E-04
     3.016073858394986E+00    2.896185143946023E-04
     3.026363856757580E+00    1.984845181833065E-18
     3.026363861215013E+00    7.674477705063466E-18
     3.041288453682618E+00    5.387932504324466E-20
     3.080991385722744E+00    3.039025601074571E-05
     3.108861678651319E+00    6.514446228905144E-20
     3.108861679755628E+00    1.018880298858995E-21
     3.121793442834934E+00    3.859879929266147E-23
     3.121793442839333E+00    1.619219106710860E-22
     3.130268812849688E+00    1.611737286409246E-19
     3.130268818719021E+00    3.387684776107771E-22
     3.174069627905660E+00    3.066598160791973E-21
     3.174069628185098E+00    2.133919841309662E-22
     3.213587809430962E+00    5.418926599959829E-04
     3.241994511941647E+00    1.713816304715880E-03
     3.406803244797929E+00    7.394016186840768E-06
     3.420503312254607E+00    2.305351718699607E-22
     3.420503312258540E+00    2.937604854152272E-22
     3.438142764694459E+00    1.552416220842272E-20
     3.438142764698194E+00    8.742374209597893E-24
     3.440818020511718E+00    1.136511059760513E-03
     3.539443648158609E+00    4.121291057004049E-22
     3.539443648191186E+00    2.572883867090798E-23
     3.607466984423488E+00    1.534758042699107E-07
     3.807879120579486E+00    3.968516032081476E-04
     3.816074842556771E+00    1.251373332018408E-05
     3.825680700499473E+00    3.274843061854501E-22
     3.825680700514187E+00    3.464871245985363E-22
     3.841584483530005E+00    3.363631856900638E-23
     3.841584483544909E+00    7.165382080557206E-26
     3.871341111242283E+00    4.797355044977399E-21
     3.871341111331025E+00    5.297337863323592E-21
     3.979988777995480E+00    5.064039475412958E-06
     4.020176831025345E+00    1.424331827705575E-17
     4.020176835086565E+00    3.373379900037737E-17
     4.029478380003638E+00    2.685583151784957E-03
     4.040345906887209E+00    1.099870819427333E-17
     4.123541014113395E+00    2.948080840915527E-19
     4.123541016469641E+00    3.191668995550124E-20
     4.180885052048954E+00    2.550346082831993E-21
     4.180885053565992E+00    5.755785709812554E-23
     4.187783693467375E+00    1.055330620563740E-11
     4.187783695636451E+00    4.457101147288833E-12
     4.187783696441704E+00    6.156309700599414E-12
     4.196041895480159E+00    7.163434310864338E-16
     4.196041896305293E+00    1.299802086508819E-16
     4.196063892746839E+00    1.009024896972433E-06
     4.200742014030931E+00    1.065683510378051E-21
     4.200742014935569E+00    6.931673446973335E-21
     4.209668907606186E+00    4.427092575924647E-22
     4.212841299599977E+00    6.136960992359194E-23
     4.250366708016714E+00    1.101392010022826E-23
     4.250366708124557E+00    1.292103971711664E-22
     4.277210456115088E+00    5.705610327063169E-06
     4.433873913537315E+00    4.440800784697242E-05
     4.543643041525827E+00    5.632207132408172E-21
     4.543643044482502E+00    6.216980610416497E-21
     4.580281451412166E+00    4.007966031747333E-06
     4.581774673717421E+00    6.576108357986980E-18
     4.581774675548774E+00    1.571143846356156E-19
     4.600934341471609E+00    2.006711407722214E-21
     4.739850704194329E+00    1.813481277849612E-05
     4.778017235402650E+00    5.914784854287585E-05
     4.786951259299594E+00    1.157752636512600E-21
     4.786951259309754E+00    2.917224488692465E-22
     4.795443570326481E+00    1.492528690823661E-24
     4.795443571197346E+00    1.410341764149982E-22
     4.832141232212977E+00    5.910676695303073E-22
     4.832141232231897E+00    1.053569514156277E-22
     4.900164476951172E+00    6.602736553326606E-25
     4.900164478073527E+00    4.770387815164567E-22
     4.907557079876065E+00    3.983833514071395E-22
     4.915672230673455E+00    2.890000071937014E-07
     4.925458566569303E+00    3.330191024079083E-22
     4.925458568215985E+00    1.306256104560314E-23
     4.958199669509485E+00    2.454119318177899E-03
     5.004139865576233E+00    6.574841220680904E-23
     5.004139865656118E+00    1.245095910718368E-22
     5.010887371431017E+00    2.656203162320683E-20
     5.010887373225230E+00    1.141540320261139E-19
     5.012834243459469E+00    8.013996529567673E-07
     5.100067807569551E+00    1.541318396000831E-03
     5.217770654462505E+00    5.660639964666327E-23
     5.217770654693305E+00    8.592021425998702E-21
     5.288827717497852E+00    5.330420293399856E-19
     5.288827717773553E+00    2.039594298911545E-20
     5.313491177237796E+00    2.649071250423054E-03
     5.435778212759367E+00    9.386929966181914E-05
     6.108451414500427E+00    4.869800858796697E-03
     6.127337211422055E+00    4.792650623692185E-18
     6.127337222349097E+00    3.173612439583551E-16
     6.166754587291884E+00    4.192664875179678E-17
     6.212864322315357E+00    1.071981756626517E-20
     6.212864323194037E+00    5.953546438016719E-20
     6.242206085311683E+00    2.765444666630119E-19
     6.242206094095727E+00    6.931296394363924E-18
     6.402394565715957E+00    2.983156049795002E-20
     6.402394569285489E+00    9.002555157024274E-21
     6.421950222520241E+00    2.917724222128026E-10
     6.421950224034519E+00    2.697540939350171E-10
     6.421950227774003E+00    2.029927358801484E-11
     6.468800236915944E+00    8.011958706656138E-17
     6.468800238761872E+00    3.277963099115665E-17
     6.468938572134673E+00    8.154447878416775E-06
     6.481107401645528E+00    4.386070702028001E-19
     6.504744519581307E+00    1.377378708334635E-20
     6.510384769083538E+00    1.031806468561090E-21
     6.510384770751958E+00    1.535737544950358E-20
     6.814438469664688E+00    2.631802813214048E-17
     6.814438476413193E+00    5.252685807466412E-17
     6.815647554575571E+00    3.470977113454041E-05
     6.882280543701211E+00    1.706422046181949E-19
     6.882280548636966E+00    6.605503612450768E-21
     6.889196583175099E+00    1.186461704626294E-20
     7.100373532929494E+00    2.144310955211280E-05
     7.131133212984268E+00    3.796874544634558E-04
     7.168624228744652E+00    1.528302278273056E-17
     7.168624229234410E+00    1.184530620985502E-16
     7.168673500997691E+00    1.698677883074619E-06
     7.191991342916173E+00    6.635508958572932E-23
     7.191991342958817E+00    9.009486853229688E-24
     7.273330229659390E+00    4.532892930685181E-24
     7.273330229687452E+00    3.396179697369607E-22
     7.539644136730766E+00    5.266192000169942E-03
     7.607513620612057E+00    1.872093665935105E-21
     7.607513620848724E+00    1.156212428453080E-21
     7.757678027009570E+00    2.330492110425601E-03
     8.355724385696556E+00    1.751132959718361E-21
     8.355724386618604E+00    4.503560621107173E-23
     9.498565766891657E+00    1.823384025170725E-16
     9.498565767924651E+00    2.424935175288903E-13
     9.498565772899175E+00    1.040135910937104E-13
     9.508557750969493E+00    1.272193776489572E-19
     9.508557752307967E+00    2.411915766435430E-19
     9.508557752899593E+00    2.633495543418209E-20
     9.508557757459192E+00    2.394788592003478E-19
     9.524408252070740E+00    3.270175383047637E-19
     9.524408258586821E+00    1.211836553828904E-18
     9.524721192939028E+00    3.405268415720648E-21
     9.524931757057939E+00    1.985525333226233E-08
     9.525906112420582E+00    2.699033417011384E-08
     9.525950416909366E+00    4.996427204755353E-19
     9.525950426074068E+00    3.461976295244014E-16
     9.562905066209359E+00    1.078354648173519E-22
     9.562905070752510E+00    1.240073935680935E-22
     9.566212810205897E+00    2.962949806763799E-19
     9.566212822457180E+00    3.777157204650626E-20
     9.569864863941511E+00    2.736018760608494E-20
     9.569864873336176E+00    1.549626281918043E-21
     9.590563983897367E+00    1.372129195780771E-19
     9.600770147088076E+00    7.039577570797108E-06
     9.634070761467807E+00    6.668314820209288E-20
     9.634070766463049E+00    4.213335880997210E-20
     9.740262644412367E+00    2.995247380671783E-20
     9.740262648592850E+00    2.570663781185302E-20
     9.746213848851990E+00    1.166642543074903E-06
     9.916898354140791E+00    3.640910631152859E-07
     9.917984572685963E+00    1.779123621829389E-19
     9.917984574310481E+00    1.236146114732016E-19
     9.927370780970605E+00    3.898371896819921E-07
     9.931566790917449E+00    4.700712500917583E-21
     9.932564177174504E+00    2.109251238617750E-22
     9.932564178198575E+00    1.606111335158389E-20
     9.976423426546210E+00    2.202435769758168E-22
     9.976423428047722E+00    5.546743841453008E-24
     1.109003033746286E+01    1.000215034684448E-02
     1.111782903823994E+01    1.889614671094036E-15
     1.111782905152429E+01    3.412295448111074E-16
     1.116975601365685E+01    9.162948693824125E-18
     1.116975601399668E+01    3.050667850138395E-19
     1.119592897958108E+01    7.434235435982981E-19
     1.126295258550819E+01    2.498620288648607E-18
     1.126295259993701E+01    3.124081189407656E-18
     1.126818915899064E+01    5.864885136473105E-03
     1.158938296881657E+01    8.330899511725892E-21
     1.158938298318360E+01    1.269358499948804E-23
     1.162450768052652E+01    3.556657205640037E-09
     1.162450769524715E+01    8.924270055889593E-13
     1.162450769876088E+01    1.249668927441832E-09
     1.172177757618785E+01    1.456473648150662E-14
     1.172177757975878E+01    5.305311123424447E-15
     1.172191966821268E+01    9.477861765221914E-06
     1.172748292322690E+01    1.015197751953242E-18
     1.177792839896428E+01    9.392150473689326E-20
     1.177792841340080E+01    3.455507401118003E-19
     1.178185381797859E+01    1.417692867497252E-19
     1.179260510673294E+01    3.214737792005700E-16
     1.179260511009407E+01    2.021432130104071E-17
     1.179350714201273E+01    5.443450653911834E-05
     1.207576604071585E+01    2.650880930795288E-20
     1.207576605721371E+01    3.439706925629822E-20
     1.213052846671435E+01    4.183425216150911E-16
     1.213052846993624E+01    6.599959562579756E-16
     1.213262022034339E+01    1.022447491143137E-04
     1.215376934842478E+01    5.510325754451048E-18
     1.328873091330738E+01    7.747283124715491E-04
     1.334902978284999E+01    1.167136563444276E-19
     1.334902978347383E+01    9.602655377158032E-21
     1.359703610744699E+01    1.137725671368080E-05
     1.373789301021852E+01    4.154251988820269E-22
     1.373789301026128E+01    2.045867686523940E-23
     1.384581153187853E+01    2.064035127699212E-23
     1.384581153193300E+01    1.276159163469536E-21
     1.398885328147608E+01    4.899540767500626E-03
     1.419110992761061E+01    3.544966669806142E-23
     1.419110992840232E+01    1.041290028905656E-19
     1.428306049950459E+01    5.422155914691828E-03
     1.599583246210525E+01    2.272197481849582E-11
     1.600111942992151E+01    2.985348176231138E-23
     1.600111943820165E+01    7.401578660838435E-25
     1.603281791224565E+01    1.627288477319922E-25
     1.603281791991006E+01    5.469202752775956E-28
     1.605541231556851E+01    4.138455323498333E-26
     1.606381475000605E+01    1.923608661524536E-25
     1.606381476068064E+01    1.890039864300271E-28
     1.614541485405857E+01    1.117502357575990E-12
     1.618112568618682E+01    2.905811866252492E-27
     1.618351185062997E+01    8.569517020093668E-27
     1.618351185516400E+01    6.300706101574196E-29
     1.824750553213808E+01    5.628621316545122E-11
     1.824757547203704E+01    4.116251731481271E-23
     1.824759043324746E+01    3.518677452575570E-22
     1.824759043382980E+01    6.796143329947088E-22
     1.932849166362293E+01    1.581526984643376E-12
     1.932849167704106E+01    1.623722970040721E-13
     1.932849168209885E+01    1.115372135444240E-12
     1.934821918757661E+01    1.603521893594848E-16
     1.934821919424090E+01    2.954347158568994E-17
     1.934821920407175E+01    7.291897933773119E-16
     1.934821920600581E+01    1.538593101572487E-18
     1.939643964753008E+01    7.269928085952099E-19
     1.939643965377509E+01    5.989911057733569E-20
     1.939645674268006E+01    3.339619709337024E-19
     1.939650943483025E+01    1.609108057468546E-10
     1.940210019636186E+01    7.790131645197059E-10
     1.940210369510223E+01    1.986982691157452E-15
     1.940210369932597E+01    4.350457606540019E-17
     1.945278975467314E+01    2.773572427678371E-26
     1.945278976732365E+01    2.901850903368986E-25
     1.947751689897002E+01    4.463483362841926E-24
     1.947751691360110E+01    3.298558051751555E-26
     1.973569362156423E+01    5.366936313278191E-08
     1.973716459880758E+01    2.377307531272092E-18
     1.973716460519116E+01    1.037072428877925E-18
     1.976512573382510E+01    1.026515673462675E-20
     1.976512575223465E+01    5.093400010874090E-21
     1.976713606465747E+01    1.964185620800129E-22
     1.977433334875134E+01    1.747356261127094E-08
     1.985387303201528E+01    9.392625421447778E-23
     1.985387304517340E+01    1.288311624484436E-22
     2.081329835984955E+01    1.991723883670834E-19
     2.081329836793439E+01    4.045630104495589E-20
     2.084490239913848E+01    7.314710973116342E-06
     2.085036541790473E+01    1.874856229289115E-18
     2.089144444080893E+01    3.164658130873777E-21
     2.089144445375974E+01    1.047427105545720E-20
     2.102587532802876E+01    1.781904234506161E-18
     2.102587534869138E+01    1.152906735207488E-20
     2.103446348823131E+01    5.154764386404862E-07
     2.304631681060773E+01    1.100624819928353E-16
     2.304631681084848E+01    8.948880262323393E-17
     2.304635327739043E+01    7.238307754646346E-06
     2.362718340876636E+01    1.520441311557780E-02
     2.366284289503253E+01    8.297227071838882E-16
     2.366284293673716E+01    1.341974875829283E-15
     2.378193025553833E+01    3.924041930150332E-16
     2.384430970488172E+01    6.912397120559216E-17
     2.384430971995628E+01    8.560780332286696E-17
     2.386574785673111E+01    1.681953970969252E-18
     2.386574786207253E+01    3.060518440055383E-18
     2.391158412788760E+01    3.100084443229812E-08
     2.391158413446305E+01    8.422565934081497E-09
     2.391158413888779E+01    3.742182245199114E-09
     2.402712654816588E+01    1.163768560704275E-13
     2.402712654931123E+01    3.329369442271793E-15
     2.402725828978490E+01    4.178212104826509E-05
     2.404690370679565E+01    1.580627614131829E-18
     2.407078795493430E+01    3.880105215277673E-18
     2.407078796179154E+01    2.216896670756412E-21
     2.410779015446699E+01    6.850351822451465E-19
     2.435410968696286E+01    7.478336731604173E-20
     2.435410969718125E+01    4.734780126780386E-17
     2.439237906735203E+01    2.442787555810188E-15
     2.439237907144064E+01    1.971660935040874E-15
     2.439634928127245E+01    2.192425649380437E-04
     2.448332016630155E+01    1.777723305743710E-18
     2.594396058956575E+01    1.626703881908989E-21
     2.594396059001577E+01    7.043911769981715E-20
     3.177936886238785E+01    2.735915841909714E-23
     3.177936886241239E+01    2.336810284272050E-22
     3.187741184974046E+01    6.172739224598964E-03
     3.400414713398767E+01    6.303579114858043E-03
     3.556674548926811E+01    2.080954232860031E-06
     3.569854286594635E+01    1.969777481031419E-23
     3.569854286597249E+01    2.700180315241083E-23
     3.579553797338416E+01    1.253761510214316E-22
     3.579553797340406E+01    1.982954753394471E-22
     3.583595645416310E+01    2.980747931078747E-05
     3.613327786802030E+01    1.835117234624551E-02
     3.613406160068300E+01    1.512424071868131E-17
     3.613406160077737E+01    1.802658728984451E-16
     3.704550037617932E+01    1.186130204172368E-11
     3.705461205790172E+01    1.161585597969077E-24
     3.705461206845143E+01    2.158877003720331E-24
     3.709401847700507E+01    1.795230724107249E-25
     3.709401848893852E+01    8.953806832468574E-28
     3.712108418553075E+01    3.115533933034534E-26
     3.715046887374571E+01    5.106306364164809E-26
     3.715046888645855E+01    1.618510321857502E-26
     3.723100648523108E+01    2.035681817392784E-14
     3.731057256214108E+01    2.608073634177900E-29
     3.731332954754070E+01    2.642375713779903E-28
     3.731332957247972E+01    6.493478358952430E-28
     3.930668237165366E+01    1.740345248883731E-14
     3.930683387334895E+01    5.449998066344990E-27
     3.930686911866668E+01    1.662919416019330E-28
     3.930686911894099E+01    1.314246201991098E-26
     4.565142925158812E+01    4.285302986785641E-13
     4.565142927418339E+01    1.981017679160118E-13
     4.565142928466309E+01    1.538465124987358E-12
     4.568084625644851E+01    6.710342865586061E-14
     4.568084626379931E+01    8.382508727146172E-15
     4.568084628427567E+01    4.082444539899838E-14
     4.568084628911993E+01    2.462873636188953E-15
     4.575317095238901E+01    8.299591810901947E-18
     4.575317098307828E+01    5.677971144332536E-20
     4.575317583995019E+01    4.968410484576185E-18
     4.575319207257810E+01    1.417359127383866E-11
     4.576186575498359E+01    1.182870265688507E-12
     4.576186578729461E+01    1.915528564536901E-13
     4.576186579358076E+01    2.179786725173704E-12
     4.583093251457267E+01    2.897703505797253E-28
     4.583093253740697E+01    2.254640049797380E-24
     4.586805691866219E+01    7.808694850516020E-25
     4.586805694000247E+01    9.581626649244552E-27
     4.607515876378164E+01    8.118189088904556E-09
     4.607564119000020E+01    1.586526884651523E-18
     4.607564120548192E+01    9.268006118699407E-19
     4.610863654846885E+01    3.900706511400558E-21
     4.610863656052436E+01    3.312829405239226E-21
     4.610934107372323E+01    1.246931899592006E-21
     4.611196945829553E+01    1.143317353746613E-09
     4.624220896328232E+01    9.316332803760649E-24
     4.624220898747441E+01    9.135531064555728E-25
     4.975898407485906E+01    3.560754632575652E-22
     4.975898410452846E+01    5.989861658388556E-19
     4.979514194605610E+01    4.180914621597133E-06
     4.980637726545326E+01    1.666731590209889E-17
     4.985213965922062E+01    8.571322170229046E-23
     4.985213969629018E+01    2.276896342725866E-19
     5.001469786354539E+01    6.355603123508469E-20
     5.001469786714397E+01    6.723198673226294E-20
     5.002413039582160E+01    1.486594463399706E-07
     5.204465288071184E+01    4.170360953518712E-19
     5.204465288145185E+01    7.555647398688699E-20
     5.204474884503612E+01    5.748135054275321E-07
     5.432033487436520E+01    9.003695808532336E-21
     5.432033490430314E+01    1.635576204101723E-20
     5.436687661404034E+01    8.219858428035189E-09
     5.436687663891382E+01    7.583719611315574E-12
     5.436687665883042E+01    5.899844957018684E-09
     5.444027127897444E+01    9.388813564364663E-07
     5.444027260665801E+01    3.420341881195011E-11
     5.444027261897351E+01    2.530475084235660E-10
     5.446395783991851E+01    1.710998459533628E-21
     5.446395788362300E+01    6.418064101846509E-19
     5.450077468725608E+01    2.951234075136347E-20
     5.453142611582047E+01    1.035450250694296E-19
     5.477046195089279E+01    1.983119285921535E-17
     5.477046197530868E+01    2.654229194374779E-16
     5.479939860579207E+01    3.928090332483940E-04
     5.480439860822661E+01    5.211048013601220E-15
     5.480439862552402E+01    9.970757644689392E-18
     5.490719180813493E+01    6.034012120217863E-19
     5.557161962733235E+01    1.219829051310728E-02
     5.560260934291936E+01    1.549597115194095E-15
     5.560260938101860E+01    7.410813752709503E-16
     5.571659338085659E+01    3.011041655376886E-16
     5.577326109658265E+01    8.940795514061867E-17
     5.577326110957367E+01    3.481878584039786E-17
     5.788171836984898E+01    7.663364190307200E-21
     5.788171837050761E+01    2.858396124299927E-20
