     2.142667248805063E+00    2.162444453375981E-24
     2.142667248808131E+00    2.155731565517838E-23
     2.241062925139290E+00    9.040495088331286E-04
     2.478976755112062E+00    9.328185119924630E-19
     2.478976756125857E+00    8.819886970795690E-21
     2.481141972186205E+00    8.890164192074306E-05
     2.488750160074332E+00    5.221582192507449E-19
     2.488750169497257E+00    1.218063194569857E-20
     2.495068172787295E+00    1.076419678348451E-17
     2.577861935769537E+00    3.127403056852536E-04
     2.586010204610818E+00    3.148456138246217E-19
     2.586010204775029E+00    1.868572992553791E-18
     2.851633136901353E+00    2.299442605157607E-04
     2.860317124312657E+00    8.147011656288826E-18
     2.860317128664591E+00    5.087154231820375E-17
     2.872112571784154E+00    2.989314029869866E-20
     2.949914843685660E+00    8.167497126955936E-20
     2.949914844768908E+00    3.672057405060895E-21
     2.966585957748552E+00    1.723772199259228E-19
     2.966585957995425E+00    2.262836630442091E-20
     3.055103293547603E+00    9.373547827799776E-04
     3.080959066761608E+00    3.033458393829913E-05
     3.121770565054733E+00    4.059104487156972E-23
     3.121770565057993E+00    5.577646246817958E-22
     3.168274641635779E+00    4.118854036831649E-28
     3.168274641640518E+00    9.745618990816880E-23
     3.239177912272989E+00    1.113319560072643E-03
     3.394757324276848E+00    6.149215736385125E-06
     3.406192798787871E+00    1.241683261262805E-22
     3.406192798789232E+00    6.041337331470255E-23
     3.420281288471970E+00    1.622048020866275E-22
     3.420281288479088E+00    6.820148702119412E-23
     3.426712638275624E+00    9.200991409485335E-04
     3.538822550370632E+00    2.792931693667395E-21
     3.538822550403779E+00    7.577048368313898E-22
     3.579653896545393E+00    1.397536787931642E-04
     3.681713933056994E+00    9.794428442608135E-04
     3.696154723320800E+00    1.788059807185610E-21
     3.696154724899056E+00    5.414771819135966E-19
     3.700440371757667E+00    1.015087775020969E-05
     3.715314446934077E+00    1.785002977398880E-19
     3.720815802293755E+00    2.438042298556004E-22
     3.720815802296626E+00    1.231343568289373E-20
     3.745556579773836E+00    4.511357557580378E-21
     3.745556579807277E+00    2.200014727263749E-21
     3.773783011152649E+00    7.978449973869782E-04
     3.799913585866900E+00    1.267143422374739E-22
     3.799913589177188E+00    3.459859562116326E-19
     3.810197849450268E+00    7.263463782031048E-22
     3.810197849454680E+00    1.605785667177992E-21
     3.897318318522135E+00    6.919851272310408E-04
     4.127134008917351E+00    9.108710478599140E-23
     4.127134008984852E+00    8.736498937936707E-22
     4.140562096737390E+00    3.169427216223282E-05
     4.180674132156370E+00    5.248526103504504E-22
     4.180674132362819E+00    9.773967069983572E-22
     4.187781656906115E+00    1.774074948135928E-12
     4.187781657197393E+00    6.007768139609397E-12
     4.187781657451536E+00    1.429270595337557E-11
     4.195988839471932E+00    4.923780641741819E-19
     4.195988839800508E+00    2.227551445334826E-18
     4.195998608744078E+00    8.713650151992930E-08
     4.201194850623645E+00    9.898647430652218E-22
     4.201194850912815E+00    1.520681596082410E-21
     4.209666846850796E+00    7.422952085875725E-22
     4.212796362057060E+00    9.723266434250367E-23
     4.420124814267312E+00    2.141866420065946E-06
     4.477515300332646E+00    1.860433635878940E-05
     4.522766033485459E+00    2.174982070330347E-23
     4.522766033493708E+00    1.071892447985050E-21
     4.541411822878120E+00    2.981683512840402E-21
     4.541411823191050E+00    7.218398759758814E-22
     4.569549830709026E+00    9.354992365637858E-23
     4.569549830744015E+00    1.812635149901807E-22
     4.580242620888891E+00    3.694784831775747E-06
     4.581747991748922E+00    1.189551156811475E-20
     4.581747992284208E+00    3.339439823342218E-20
     4.600916480573055E+00    6.502589334504140E-22
     4.673430409550814E+00    1.554750130669838E-03
     4.761218088924963E+00    1.868804979292506E-21
     4.761218089137691E+00    6.189028658112517E-23
     4.774613007053324E+00    9.280003826587396E-04
     4.784499970188735E+00    3.156014167764366E-21
     4.784499970230304E+00    7.580468057150135E-22
     4.881717253553203E+00    1.347214681362777E-03
     4.899442174195034E+00    1.351775171747717E-22
     4.899442174408208E+00    6.946700799384287E-22
     4.907554128771776E+00    2.257982352509548E-20
     4.915680563572059E+00    2.379326446531300E-06
     4.925448449295922E+00    3.777139981606565E-21
     4.925448450345256E+00    7.292055599616709E-23
     4.971819280617994E+00    1.980083455334765E-22
     4.971819280931040E+00    2.269264448952227E-21
     5.010875310699520E+00    1.122463121827972E-19
     5.010875311213262E+00    5.518909731976671E-24
     5.012832153965062E+00    7.132576712328592E-07
     5.068644251625070E+00    2.381351254574658E-03
     5.118717257380265E+00    4.331629238558337E-20
     5.118717257580885E+00    1.879235838038152E-20
     5.262593510419095E+00    1.670932445109826E-04
     5.717256807802307E+00    4.913291655236020E-03
     5.735416011688751E+00    1.265643815492830E-19
     5.735416016688924E+00    2.753715821222209E-18
     5.773141636185938E+00    9.790993292748333E-18
     5.849193175017638E+00    3.596793824971967E-20
     5.849193179025297E+00    1.430401287538230E-18
     5.905789808067442E+00    1.092273177195516E-19
     5.905789808846714E+00    1.978206059054481E-21
     6.401041923245268E+00    1.352694143917978E-20
     6.401041926962283E+00    3.828822501485486E-21
     6.421948323772810E+00    3.431441613575133E-10
     6.421948327569302E+00    5.103666474419394E-12
     6.421948331226583E+00    2.406694445229532E-10
     6.468604790944408E+00    2.121127390249845E-16
     6.468604791990746E+00    3.761130864072516E-15
     6.468704237642911E+00    2.309924497537732E-06
     6.481105592798206E+00    1.274210930379656E-22
     6.504135508306912E+00    5.384809982297769E-20
     6.504135514602631E+00    1.076955379196903E-20
     6.504570574610562E+00    3.055632366474108E-21
     6.783297089233421E+00    2.353961899397756E-05
     6.814354402817822E+00    3.703642144442141E-17
     6.814354404771877E+00    1.446789266077698E-17
     6.815530609190517E+00    2.207887115428744E-05
     6.861206940590511E+00    7.736418327471901E-04
     6.862121765904726E+00    1.054799035521901E-16
     6.862121769066729E+00    1.586549090103163E-17
     6.877531626497062E+00    1.737914615715095E-21
     6.877531626526293E+00    6.530543401836628E-23
     6.889156835157666E+00    1.218586059418516E-20
     6.963231542549156E+00    1.625784723953394E-23
     6.963231542599881E+00    1.371153325117370E-21
     7.168620059098759E+00    8.648307746722013E-18
     7.168620059458728E+00    4.012694764635564E-17
     7.168667945850221E+00    1.310442000312881E-06
     7.289079752717128E+00    5.251201672535406E-03
     7.292751828043415E+00    1.553421113288964E-20
     7.292751828488830E+00    1.259627381747745E-18
     7.468462175942374E+00    2.289795325476086E-03
     7.969046684863471E+00    1.330073293662326E-20
     7.969046685073379E+00    3.170949482102522E-22
     9.498564331153261E+00    2.978650130770357E-13
     9.498564332333631E+00    4.970747584681355E-14
     9.498564334298969E+00    4.546030790662246E-15
     9.508556345761056E+00    1.102000595534663E-20
     9.508556346938892E+00    3.951587799297333E-21
     9.508556347133801E+00    4.964184431185333E-19
     9.508556349494123E+00    4.969852538557836E-20
     9.524406195221909E+00    6.744325165114095E-20
     9.524406195428041E+00    5.667715270390950E-20
     9.524719848045843E+00    3.588564766078746E-23
     9.524930380937741E+00    2.355144106979650E-08
     9.525904684250376E+00    3.645143026009722E-08
     9.525949098428992E+00    1.347594546419727E-17
     9.525949101945557E+00    7.647957130936137E-18
     9.562903840206950E+00    4.221850211300039E-22
     9.562903842666838E+00    4.705137335460384E-23
     9.566172262362690E+00    1.064632722895705E-19
     9.566172270669103E+00    5.895658519826501E-21
     9.569861276147734E+00    2.867511441337563E-21
     9.569861279689921E+00    1.712339167124356E-21
     9.590557987184177E+00    2.998058767730024E-19
     9.600752050085582E+00    8.324466105310365E-06
     9.634061649311764E+00    2.391918259017422E-20
     9.634061652235539E+00    7.949712726156947E-20
     9.740257009926694E+00    5.111651440541426E-20
     9.740257018486128E+00    1.777543556090528E-19
     9.746206305120072E+00    1.522759116019198E-06
     9.916893709957959E+00    5.393673381702950E-07
     9.917980487654678E+00    8.169003720014877E-20
     9.917980489194651E+00    6.031829329979155E-20
     9.927367112356089E+00    5.428249588650832E-07
     9.931564584688632E+00    4.609673875778561E-22
     9.932558542222051E+00    5.526528730466838E-21
     9.932558543578358E+00    3.684451373845109E-22
     9.976422120959199E+00    2.129574026456673E-22
     9.976422123662113E+00    2.301524915001181E-23
     1.072288840011174E+01    1.049090725961246E-02
     1.075159626355190E+01    6.706393048501230E-16
     1.075159628755029E+01    1.245152721179559E-15
     1.082755603665476E+01    1.343395670044774E-16
     1.089459135546996E+01    1.562496921515907E-19
     1.089459137426895E+01    3.702098860790458E-17
     1.095807564315955E+01    9.289684987102358E-20
     1.095807564324779E+01    2.006539437883098E-19
     1.105772069723752E+01    5.671031878948241E-03
     1.158885972672380E+01    4.064555009402646E-22
     1.158885973915887E+01    5.365137912681311E-20
     1.162450659073179E+01    2.099755735972069E-09
     1.162450660059852E+01    7.873142814016769E-10
     1.162450660562193E+01    2.096038784963820E-09
     1.172164545931687E+01    1.005148224292637E-14
     1.172164546770720E+01    1.876451929038002E-15
     1.172176595086748E+01    4.388930894486584E-06
     1.172748184762482E+01    6.382847069613306E-23
     1.177482930702720E+01    1.229092512320366E-19
     1.177482931822306E+01    2.023970217164896E-19
     1.178163385944460E+01    2.404597009519323E-21
     1.179231255565881E+01    2.519421607379444E-16
     1.179231255907200E+01    8.512547615090364E-17
     1.179317448015468E+01    3.610422394163736E-05
     1.206364002749259E+01    1.103264783140991E-19
     1.206364003916282E+01    6.733745811916348E-21
     1.213013266154792E+01    1.288138177150166E-16
     1.213013266386204E+01    1.290007371117060E-16
     1.213216367279624E+01    8.018292208103631E-05
     1.215342391815260E+01    7.505644462943653E-19
     1.299216900997760E+01    5.159935080475210E-24
     1.299216901061169E+01    8.130092913604663E-20
     1.305851368395915E+01    6.361947262723812E-04
     1.330616836270853E+01    1.222985202800640E-05
     1.344841887853442E+01    2.509706018371180E-23
     1.344841887858565E+01    7.927216708968527E-22
     1.355847465791386E+01    4.677880868464695E-22
     1.355847465794634E+01    2.806684945517701E-21
     1.372110253094791E+01    5.387019312533141E-03
     1.390178486071432E+01    6.327514072161828E-23
     1.390178486099511E+01    6.162637666045192E-21
     1.400729150912943E+01    5.335456454537959E-03
     1.599583161203933E+01    1.092722017762507E-11
     1.600111858678896E+01    9.919068694025792E-24
     1.600111859053951E+01    3.363380496572066E-27
     1.603281707690732E+01    1.191093590299898E-25
     1.603281707971417E+01    2.636036405909473E-27
     1.605541148405781E+01    8.508460337561726E-29
     1.606381392857964E+01    1.634944855664333E-26
     1.606381393334003E+01    3.203042432165202E-29
     1.614541402951816E+01    6.478691647231506E-13
     1.618112488624973E+01    3.670166617989357E-27
     1.618351104856929E+01    1.594321232981453E-26
     1.618351105434535E+01    4.504898073304970E-28
     1.824750404223722E+01    5.080319094384602E-11
     1.824757398354660E+01    7.315469640920372E-22
     1.824758894383293E+01    6.404415469979756E-22
     1.824758894481002E+01    1.084952858778132E-22
     1.932849031414460E+01    1.532394087378912E-12
     1.932849031475453E+01    1.385305718774564E-12
     1.932849031875519E+01    4.908310616518744E-17
     1.934821782474616E+01    4.914448443362308E-16
     1.934821782619106E+01    6.267084667042840E-17
     1.934821783116636E+01    1.603794815635942E-16
     1.934821783196028E+01    6.630445796584789E-16
     1.939643821865744E+01    4.530757403408709E-19
     1.939643822495977E+01    1.539601905882837E-19
     1.939645532027676E+01    4.462729522458920E-19
     1.939650800283491E+01    1.527665851158461E-10
     1.940209859956802E+01    8.891733454093843E-10
     1.940210210422821E+01    7.665074018064539E-16
     1.940210210906381E+01    1.112127030050831E-16
     1.945278833038620E+01    1.262834529004696E-24
     1.945278833628495E+01    4.232360325798866E-24
     1.947751556093056E+01    2.249487415616818E-24
     1.947751557160552E+01    1.627995813627174E-23
     1.973569242547202E+01    5.040447393277656E-08
     1.973716339414932E+01    1.666953763607975E-19
     1.973716339866430E+01    4.589477313434104E-20
     1.976512455620541E+01    2.974011340146311E-22
     1.976512456225105E+01    7.839188231922559E-23
     1.976713495896377E+01    2.440960830578481E-22
     1.977433224017494E+01    1.698890916298869E-08
     1.985387190822007E+01    2.460157722871625E-23
     1.985387191108930E+01    4.122482038131784E-25
     2.081328157069304E+01    2.130792713553012E-20
     2.081328158124170E+01    4.698259713357240E-19
     2.084488753765106E+01    7.603313481642807E-06
     2.085036012305613E+01    3.887729706263602E-18
     2.089143743608920E+01    4.557484230780754E-21
     2.089143745163390E+01    4.353489333306839E-20
     2.102587317292394E+01    4.326816977202486E-22
     2.102587317974043E+01    1.079907210443656E-21
     2.103446085392001E+01    5.575050240291324E-07
     2.304597868807694E+01    3.703103502186801E-05
     2.304611242686732E+01    3.127748102199446E-17
     2.304611242836777E+01    3.311434965626754E-16
     2.332030580997144E+01    1.556478452286307E-02
     2.335555072191566E+01    3.146937755837872E-15
     2.335555075070596E+01    2.779472143441432E-15
     2.347340812232293E+01    1.332216301489507E-16
     2.353615355008921E+01    3.447855269215636E-17
     2.353615358368770E+01    7.265941304194003E-18
     2.386569080078900E+01    1.144580982969556E-21
     2.386569082290786E+01    1.249595502064407E-21
     2.391158287645950E+01    2.516570877991619E-08
     2.391158288751577E+01    6.554170840005962E-10
     2.391158290545486E+01    1.705905686939134E-08
     2.402657551636937E+01    1.657370810828081E-14
     2.402657552637207E+01    5.269078109784419E-14
     2.402679874594932E+01    1.425194525799412E-05
     2.404690256078980E+01    2.106545804212390E-19
     2.406940701118367E+01    7.080577552244417E-19
     2.406940703235045E+01    1.748656983288191E-18
     2.410714734411352E+01    7.251517320493053E-21
     2.434427635030884E+01    1.172079048516321E-18
     2.434427637142695E+01    7.978414341378490E-18
     2.438941104426909E+01    2.546441322260155E-17
     2.438941105558487E+01    1.352996448544353E-15
     2.439323860093872E+01    1.128373510244346E-04
     2.448134428207681E+01    4.675800808735978E-21
     2.564062760952783E+01    1.969731705237049E-20
     2.564062761063675E+01    1.181869844751652E-20
     3.157851580155643E+01    1.616827048386673E-22
     3.157851580159660E+01    6.566618890578131E-22
     3.167663489959838E+01    6.221023930822024E-03
     3.380206953679347E+01    6.375945162121742E-03
     3.529185097927053E+01    1.966386506396568E-06
     3.542386132536507E+01    9.686166306602161E-23
     3.542386132542463E+01    7.223667459212959E-24
     3.552146221709836E+01    2.164508295652912E-22
     3.552146221717793E+01    1.215053002969089E-21
     3.556381419298549E+01    3.519271476041641E-05
     3.585969843320537E+01    1.193770491470223E-18
     3.585969843353547E+01    7.793738901718769E-17
     3.586132729277577E+01    1.840345893336989E-02
     3.704549940513682E+01    9.355248878063039E-12
     3.705461109069930E+01    6.502995776584545E-24
     3.705461110174944E+01    9.228940847648399E-25
     3.709401751626073E+01    1.204288191713251E-25
     3.709401754323902E+01    3.011228428676505E-27
     3.712108323837830E+01    1.041677910096826E-26
     3.715046796277683E+01    8.984705137485844E-26
     3.715046797286130E+01    4.649107951455742E-28
     3.723100558540499E+01    1.001232192507212E-15
     3.731057169621094E+01    5.573454718617914E-28
     3.731332868913432E+01    1.266310630954364E-27
     3.731332869928177E+01    2.780349367190905E-27
     3.930668127051069E+01    2.427741144785933E-14
     3.930683277214758E+01    2.109587358985200E-28
     3.930686801753009E+01    5.855740240206992E-29
     3.930686801768407E+01    4.772506810745349E-27
     4.565142829890787E+01    1.201849700339308E-12
     4.565142830865106E+01    6.559794720982210E-13
     4.565142832251725E+01    3.224364609973419E-13
     4.568084532827934E+01    2.261474333645410E-14
     4.568084534291164E+01    4.052995601199522E-14
     4.568084534773735E+01    3.747432873135527E-15
     4.568084535280232E+01    3.994010175860112E-14
     4.575317012062373E+01    2.760036941037444E-19
     4.575317012961235E+01    2.466905611180891E-21
     4.575317502614971E+01    3.527398373866997E-19
     4.575319125414070E+01    1.334920626321543E-11
     4.576186502681194E+01    2.106442933356872E-12
     4.576186504794746E+01    6.368386050192162E-14
     4.576186505806204E+01    5.509835930491878E-14
     4.583093175071947E+01    1.983644470169514E-25
     4.583093176309099E+01    5.679887798554799E-25
     4.586805613928630E+01    1.097237198092051E-26
     4.586805614911727E+01    1.741538093632768E-24
     4.607515814443769E+01    7.492088078850415E-09
     4.607564057622690E+01    1.664933437998317E-18
     4.607564060326806E+01    3.557255140346613E-18
     4.610863590025466E+01    5.479660850673971E-21
     4.610863592005585E+01    3.025866563315570E-21
     4.610934043820157E+01    3.797219343831166E-21
     4.611196882558379E+01    1.082075332893797E-09
     4.624220844399732E+01    3.890301984614939E-25
     4.624220845830386E+01    4.702403992488662E-23
     4.975898240241646E+01    2.049528032314710E-20
     4.975898240872614E+01    1.335001214881312E-20
     4.979514086528104E+01    3.841967307795801E-06
     4.980637656213880E+01    1.555599767397744E-19
     4.985213883325355E+01    1.728245143118689E-20
     4.985213883895329E+01    1.711324293077013E-21
     5.001469728761797E+01    1.942307251633471E-20
     5.001469729464340E+01    1.730209490414214E-20
     5.002412980127287E+01    1.355761047062781E-07
     5.204464956926491E+01    6.593370247760588E-18
     5.204464956961070E+01    8.042168335717981E-20
     5.204474459421134E+01    5.770763263305892E-07
     5.432032645578144E+01    7.962920872926655E-21
     5.432032646311747E+01    3.132177545885479E-20
     5.436687546584339E+01    8.183917425367402E-09
     5.436687547682399E+01    1.594467645148607E-09
     5.436687548055054E+01    3.138703991829238E-09
     5.444025110483950E+01    1.493367328650756E-06
     5.444025957494118E+01    2.157652626342992E-12
     5.444025958471017E+01    1.330974052705259E-12
     5.446386662496962E+01    5.808666124782205E-19
     5.446386664346090E+01    1.556144398195625E-20
     5.450077345994890E+01    5.010331956612631E-21
     5.453139209080188E+01    1.150447759683693E-22
     5.476513406903146E+01    4.343934330073689E-16
     5.476513408892107E+01    2.158805466072596E-16
     5.479012732668543E+01    7.651025874675121E-04
     5.479937229753328E+01    6.442283906066820E-16
     5.479937230913158E+01    7.660269061456488E-16
     5.490262362028135E+01    6.635846258474800E-20
     5.533399344504610E+01    1.194732482998432E-02
     5.536248011489459E+01    1.216707855751037E-15
     5.536248011874626E+01    2.074190087049411E-15
     5.547412724748229E+01    2.246750906269839E-20
     5.552806874044352E+01    7.346154321530192E-21
     5.552806876683037E+01    6.111354902635956E-17
     5.763645988963341E+01    2.669047472795839E-21
     5.763645989067457E+01    2.413904014582522E-21
