     2.142590654446066E+00    4.843108984789539E-24
     2.142590654468139E+00    1.429336488131485E-23
     2.240975925929043E+00    9.027452515345795E-04
     2.458535717284337E+00    7.041396347592761E-05
     2.460946677788877E+00    9.592832607444665E-16
     2.460946680759598E+00    3.320810460713373E-16
     2.465279978682166E+00    2.589358177697721E-16
     2.465279984541971E+00    7.566016840965491E-17
     2.469836752118088E+00    1.113262302409256E-21
     2.559862364604651E+00    2.335997375862742E-04
     2.561752470286410E+00    5.241165141638427E-18
     2.561752487458470E+00    5.561918250735997E-18
     2.743600255602792E+00    1.939431428332282E-04
     2.751520962488619E+00    9.478484364854670E-18
     2.751520970086689E+00    3.760506691053953E-17
     2.761612933281327E+00    5.956100012151646E-19
     2.849068892769441E+00    1.808300988957672E-19
     2.849068899944577E+00    1.806996870918015E-20
     2.873514845649223E+00    3.196949812975261E-21
     2.873514846471469E+00    5.229806712088655E-23
     2.970668277991695E+00    9.159741931495256E-04
     3.080959548869220E+00    3.032147493051335E-05
     3.121782543204298E+00    1.057075688436433E-23
     3.121782543240950E+00    6.733151495768406E-23
     3.167569126154085E+00    1.792648425393147E-23
     3.167569126206666E+00    3.662639323564349E-22
     3.238255904000364E+00    1.008105514703243E-03
     3.383995328945606E+00    5.158385333741585E-06
     3.393620612064765E+00    1.606259521055087E-23
     3.393620612086528E+00    4.038605286726141E-22
     3.405006922510160E+00    2.041714432191405E-22
     3.405006922546841E+00    1.240484554031063E-21
     3.412672569931412E+00    6.523543540362411E-04
     3.520370041382216E+00    1.434330032202732E-03
     3.534271862568043E+00    9.227189349681868E-19
     3.534271867754801E+00    3.408584694710337E-17
     3.538820857445775E+00    9.815047068921124E-20
     3.538820857758788E+00    1.516804783034453E-18
     3.552806975970176E+00    5.848413024432278E-18
     3.557250080957925E+00    1.212124585213726E-04
     3.624953907507826E+00    8.828179357901233E-06
     3.636827093819194E+00    4.344080302427612E-21
     3.636827094507907E+00    3.452758049967838E-19
     3.642455777641344E+00    3.605162725033852E-24
     3.642455777691626E+00    2.388086021996126E-22
     3.664751961156889E+00    2.624619889733591E-21
     3.664751961249466E+00    3.151303942129454E-21
     3.739155829384339E+00    8.079050642807950E-04
     3.796662017940895E+00    4.276810268770998E-22
     3.796662017964839E+00    6.497629445723938E-23
     3.840136109040678E+00    1.945590531740664E-04
     4.048146980035062E+00    5.273944447070355E-22
     4.048146980079229E+00    2.573982429516411E-23
     4.055985369305660E+00    7.508480578406557E-05
     4.180446819541356E+00    6.463887390100266E-22
     4.180446821038355E+00    3.263051506023101E-22
     4.187780165332954E+00    1.345420243727325E-11
     4.187780166351134E+00    2.683371850189891E-12
     4.187780167356889E+00    6.282488308964049E-12
     4.195978167062055E+00    1.328844381263477E-16
     4.195978167226308E+00    2.250235282653200E-18
     4.195984684327615E+00    2.556855595595383E-08
     4.200978225195191E+00    1.418879744907496E-22
     4.200978225998300E+00    1.304037224255889E-21
     4.209665255633692E+00    4.500348660140225E-22
     4.212787467724881E+00    9.656287893568480E-23
     4.341867280464609E+00    1.938012329463393E-05
     4.387322674852320E+00    5.724185064400804E-24
     4.387322674900706E+00    2.408343775565307E-23
     4.402741563156376E+00    1.338262562607830E-04
     4.433932105483185E+00    5.871796516917021E-24
     4.433932105553345E+00    3.112664154848799E-22
     4.542060865858483E+00    2.404801057940938E-23
     4.542060867848950E+00    1.881873885450897E-20
     4.576875811487368E+00    1.894549423589260E-03
     4.580434427641516E+00    1.694946289457257E-04
     4.581729347107023E+00    6.244909054644760E-17
     4.581729348356374E+00    2.748904817061032E-17
     4.600909299069174E+00    1.218468721207438E-20
     4.679507156578206E+00    1.762325644030990E-23
     4.679507156642695E+00    1.987643928957005E-21
     4.735107040225374E+00    5.419579648866867E-20
     4.735107040649736E+00    6.649948896091277E-20
     4.736724796518646E+00    2.739668621933616E-04
     4.779579530281312E+00    1.122329010539264E-03
     4.846350910064912E+00    2.435618371278721E-21
     4.846350910171008E+00    3.096261844724182E-21
     4.898755484078590E+00    2.486841179041927E-21
     4.898755485928644E+00    3.423766986181717E-21
     4.907552032908949E+00    2.304053057534900E-21
     4.915673367347789E+00    7.316769231218994E-07
     4.925434932826979E+00    3.686779932977797E-21
     4.925434934093415E+00    7.998153432373576E-21
     4.949721765952872E+00    2.464924644246971E-03
     5.010861259063431E+00    1.250469938747260E-19
     5.010861261368185E+00    3.233583129707074E-21
     5.012831612273104E+00    1.389912609454369E-06
     5.014412343150748E+00    4.210349346351984E-21
     5.014412343721515E+00    1.148247773318459E-20
     5.174867570368119E+00    1.707172711629850E-04
     5.557024697855358E+00    4.958209669071786E-03
     5.574808129905048E+00    3.435217212847297E-16
     5.574808136442582E+00    1.537965756955791E-16
     5.612156477945207E+00    1.153024354692633E-17
     5.688410314458296E+00    9.397854027801859E-19
     5.688410319502974E+00    2.838524226273162E-18
     5.748397196280601E+00    1.656068713141344E-19
     5.748397197552930E+00    1.081100905706132E-19
     6.399768403081451E+00    9.788062901144280E-22
     6.399768405355114E+00    2.867266977184079E-20
     6.421946597938427E+00    8.600038392338458E-11
     6.421946599130105E+00    5.039197500704585E-10
     6.421946602043274E+00    1.365480179324921E-12
     6.468571378911917E+00    8.797918133851439E-16
     6.468571390146052E+00    9.789086354071889E-17
     6.468661282056829E+00    1.610103487564084E-06
     6.481103928805652E+00    1.108338675775854E-20
     6.502263461865734E+00    6.127656280871496E-21
     6.502263465915585E+00    4.868715307993228E-20
     6.504539932904137E+00    1.347430719841109E-24
     6.646320029111942E+00    2.463337330202853E-05
     6.739112780493317E+00    9.341135860591590E-04
     6.742741080794091E+00    2.108011386170319E-20
     6.742741080916323E+00    7.620534247364819E-20
     6.814319594114269E+00    4.292704426461557E-18
     6.814319597343047E+00    3.773840531016744E-17
     6.815565646006453E+00    3.489248018760615E-05
     6.821196292740273E+00    9.234483014279494E-19
     6.821196292808533E+00    1.164803791926005E-18
     6.861348549222178E+00    2.364268072353149E-20
     6.861348549510689E+00    8.500165182531923E-20
     6.889144699295087E+00    1.040255172090553E-20
     7.158213371836922E+00    6.959801906012660E-21
     7.158213371993885E+00    2.047613041566876E-21
     7.168632065393856E+00    3.335863991786280E-17
     7.168632065814191E+00    2.183894695656901E-17
     7.168664809190320E+00    6.556008996193528E-07
     7.183093626742196E+00    5.242202655213825E-03
     7.345576080750145E+00    2.291579771038695E-03
     7.812013835564021E+00    3.082765684969311E-21
     7.812013835953358E+00    1.706978011855786E-20
     9.498563225476907E+00    3.501448186846845E-13
     9.498563225986040E+00    2.316436234184161E-15
     9.498563227189228E+00    1.450282679652335E-15
     9.508555272388433E+00    1.594744974627803E-23
     9.508555272598169E+00    8.367543150712898E-20
     9.508555274046458E+00    1.724560259671960E-19
     9.508555276123639E+00    1.670470357628616E-19
     9.524405023943800E+00    2.801145720886115E-19
     9.524405026746322E+00    6.915106770907850E-20
     9.524718936273482E+00    4.243818552847572E-19
     9.524929456342020E+00    2.553180255691301E-08
     9.525903855438473E+00    4.191438716225857E-08
     9.525948327755293E+00    1.429558935442362E-17
     9.525948330054234E+00    2.211092895539735E-18
     9.562902956967262E+00    4.035331863561196E-22
     9.562902958253943E+00    3.709589367423349E-22
     9.566156576086614E+00    2.245949301109458E-20
     9.566156580715187E+00    3.614301063932753E-19
     9.569859470758102E+00    2.414906581586074E-20
     9.569859473683849E+00    2.679750885832773E-21
     9.590554782439666E+00    1.648324412571985E-19
     9.600742570467890E+00    9.030006560986011E-06
     9.634056982980141E+00    4.643026517259759E-20
     9.634056985917566E+00    1.293517226191713E-20
     9.740253719420187E+00    7.097555598946976E-19
     9.740253730915533E+00    8.317984904519453E-20
     9.746201877087607E+00    1.743794009466229E-06
     9.916890729536464E+00    6.673689417019586E-07
     9.917977922786806E+00    3.955652096822770E-19
     9.917977925272478E+00    4.864784740768206E-20
     9.927364718305524E+00    6.522277848477804E-07
     9.931563147780260E+00    2.498661768355409E-20
     9.932555426787109E+00    3.667276813645126E-23
     9.932555429289497E+00    1.367425291119444E-19
     9.976421276811502E+00    6.150218009388631E-25
     9.976421278027683E+00    1.854826195628223E-23
     1.058472772142039E+01    1.061005904374667E-02
     1.061341711347750E+01    8.811892625791288E-16
     1.061341713506896E+01    3.928391269106868E-15
     1.068905583735725E+01    3.853528032097862E-17
     1.075625061875052E+01    3.474615609931966E-18
     1.075625063761865E+01    4.770624011038329E-18
     1.086744478079339E+01    2.025711807746319E-20
     1.086744478091528E+01    1.213513035219971E-19
     1.096737250812387E+01    5.669557113317211E-03
     1.158860792770501E+01    1.155494443749254E-19
     1.158860793904435E+01    7.834186013755754E-20
     1.162450593029779E+01    1.904237529269882E-09
     1.162450593859642E+01    1.482247866217874E-11
     1.162450594793370E+01    3.127392452307044E-09
     1.172161800648070E+01    3.260185875853115E-14
     1.172161801130810E+01    4.085581405960651E-15
     1.172173239488519E+01    3.549295562053126E-06
     1.172748120561611E+01    5.621749974070544E-24
     1.177319937672572E+01    4.048415313821388E-19
     1.177319939333655E+01    1.416457502230529E-18
     1.178158804491764E+01    1.240732661772372E-19
     1.179224899028198E+01    2.020190073786783E-17
     1.179224899211956E+01    3.522554891016911E-17
     1.179309903708248E+01    3.251704349777927E-05
     1.205679899570458E+01    1.377075131176200E-20
     1.205679899860081E+01    7.825232878645998E-20
     1.213002900154753E+01    1.610274472161863E-18
     1.213002900173071E+01    3.000307233659567E-16
     1.213204331754180E+01    7.490381165001277E-05
     1.215333583547909E+01    1.595707328304493E-19
     1.286070024416245E+01    1.480677589148768E-22
     1.286070024577899E+01    6.740059610718860E-21
     1.296030690258343E+01    5.830004946138450E-04
     1.318811569399452E+01    1.260157482744668E-05
     1.333102553588557E+01    2.518490090731846E-21
     1.333102553591631E+01    5.169229519997735E-23
     1.344198987125170E+01    3.040039170907207E-23
     1.344198987129805E+01    2.483799861506805E-21
     1.361259205722218E+01    5.571554208218595E-03
     1.378457046087179E+01    5.029438120871117E-20
     1.378457046107858E+01    3.863711581965722E-21
     1.389545560492423E+01    5.317695408181900E-03
     1.599583089666063E+01    7.606179071444163E-12
     1.600111786841360E+01    7.556260504489283E-25
     1.600111787442668E+01    1.300760668779675E-23
     1.603281637034322E+01    2.367172991451361E-26
     1.603281637878567E+01    5.891757969625893E-26
     1.605541078443793E+01    6.443863532314222E-27
     1.606381323104049E+01    1.878269380977706E-27
     1.606381324046880E+01    3.555692761477672E-26
     1.614541336919984E+01    5.038778843887794E-13
     1.618112422417868E+01    2.646024810284950E-27
     1.618351039004796E+01    3.018186483044408E-27
     1.618351039475050E+01    4.439660992057619E-29
     1.824750295994376E+01    4.878647573417425E-11
     1.824757290061766E+01    2.828226788570549E-24
     1.824758786142340E+01    5.139237002909959E-23
     1.824758786187075E+01    2.854066976305049E-22
     1.932848934187169E+01    3.659018026858358E-13
     1.932848935100627E+01    1.372612046035128E-12
     1.932848935809075E+01    1.200130629021386E-12
     1.934821683996175E+01    1.489825651861166E-16
     1.934821684655336E+01    7.305074793918591E-17
     1.934821684911390E+01    1.333825701043375E-15
     1.934821685816598E+01    7.746087188294896E-18
     1.939643711554180E+01    1.727520182512195E-20
     1.939643712620648E+01    1.354403861454621E-19
     1.939645421156086E+01    1.247121755142447E-19
     1.939650690158628E+01    1.497510752287193E-10
     1.940209731690251E+01    9.357968281750650E-10
     1.940210081264949E+01    3.647462735850224E-16
     1.940210082261895E+01    1.504078933287446E-15
     1.945278726888977E+01    6.214778895725868E-24
     1.945278728112190E+01    2.992318207529446E-24
     1.947751454696161E+01    1.223855384980361E-27
     1.947751456082487E+01    3.141578183999362E-25
     1.973569153700560E+01    4.917679310091952E-08
     1.973716249697118E+01    3.247094261838300E-19
     1.973716250790249E+01    2.953376648281065E-19
     1.976512372063563E+01    2.443786294412349E-21
     1.976512372909342E+01    2.088553811405522E-22
     1.976713415076475E+01    1.664575139328938E-21
     1.977433142795581E+01    1.681748967640443E-08
     1.985387106666851E+01    5.271269158563144E-23
     1.985387107678348E+01    1.694317669461240E-22
     2.081327467659864E+01    8.399112962177314E-20
     2.081327469586065E+01    1.222858128728689E-18
     2.084488136040381E+01    7.741220543074377E-06
     2.085035781735099E+01    9.493539822302865E-19
     2.089143444263778E+01    4.735649791031875E-21
     2.089143445889172E+01    5.952470315553566E-20
     2.102587214291211E+01    2.103902211259632E-18
     2.102587216726603E+01    2.871994866085788E-19
     2.103445963428128E+01    5.770873684339707E-07
     2.304548730918566E+01    1.104555129078264E-04
     2.304588872942531E+01    1.085472865678197E-16
     2.304588873004704E+01    1.385238305247089E-16
     2.320810986534304E+01    1.561103696706469E-02
     2.324300240244506E+01    1.155849817932206E-14
     2.324300244714764E+01    8.007687557684830E-18
     2.336035438089617E+01    2.102181768360551E-18
     2.342313715347529E+01    2.024646650189001E-20
     2.342313718297210E+01    7.144683685674901E-17
     2.386566781871019E+01    4.097218830920756E-19
     2.386566782934001E+01    1.782592850568020E-19
     2.391158212452329E+01    1.057620898899038E-08
     2.391158213417825E+01    2.366970260740603E-08
     2.391158214125288E+01    8.533145334570094E-09
     2.402649563224290E+01    3.108021654585234E-15
     2.402649563462706E+01    4.885326393382290E-16
     2.402671544997833E+01    1.082319096843446E-05
     2.404690192242211E+01    6.725319582412174E-19
     2.406881789894437E+01    1.131181360566273E-18
     2.406881790295103E+01    1.238181964349951E-18
     2.410704383518519E+01    9.227772687154738E-20
     2.434019413554897E+01    1.456124193083176E-18
     2.434019414817360E+01    1.221136017697407E-18
     2.438873970439952E+01    6.561934340398086E-16
     2.438873972880870E+01    7.123286608735415E-16
     2.439250399511507E+01    9.262874455656763E-05
     2.448089392958575E+01    1.097968042371053E-18
     2.553087920450849E+01    1.714945465041879E-21
     2.553087920574809E+01    3.312275357621713E-20
     3.149329505771916E+01    6.378818509586177E-26
     3.149329505772666E+01    5.598539281927873E-25
     3.159144170354929E+01    6.241694507728814E-03
     3.371642483826678E+01    6.401372045478342E-03
     3.518233637978757E+01    1.922386540443821E-06
     3.531443724759315E+01    1.900720738736898E-24
     3.531443724761634E+01    4.829786352471308E-22
     3.541228597290346E+01    1.688295904575462E-22
     3.541228597292734E+01    1.773165350558201E-22
     3.545537942978587E+01    3.704209675533432E-05
     3.575039667597675E+01    3.331022479195933E-17
     3.575039667621275E+01    3.369748205719795E-18
     3.575297229228877E+01    1.842751342700508E-02
     3.704549881552442E+01    8.591184394931832E-12
     3.705461049643954E+01    2.694264268659220E-25
     3.705461051636300E+01    1.005589141145820E-24
     3.709401695945684E+01    2.338658863037488E-25
     3.709401696707593E+01    4.072833404046621E-25
     3.712108268110993E+01    1.430078073914533E-25
     3.715046742574584E+01    7.274259556231828E-27
     3.715046745109416E+01    8.606035048247898E-28
     3.723100509555628E+01    9.116756379018663E-15
     3.731057127611503E+01    1.519775635449663E-27
     3.731332826271627E+01    1.777011639017047E-26
     3.731332828429309E+01    4.713552798474763E-27
     3.930668077919986E+01    2.712061576101650E-14
     3.930683228106559E+01    7.151121416120743E-27
     3.930686752668394E+01    1.114430020145489E-27
     3.930686752687147E+01    8.062483172035234E-27
     4.565142789844399E+01    3.493159527345503E-14
     4.565142792273011E+01    2.874962657682714E-13
     4.565142792593134E+01    1.863287865927824E-12
     4.568084495360038E+01    6.163547524305359E-14
     4.568084498539105E+01    2.280108574429411E-15
     4.568084499209575E+01    4.362480679060160E-15
     4.568084499677700E+01    3.442689393656610E-14
     4.575316990224994E+01    4.140993482774565E-20
     4.575316990744422E+01    5.054821473965209E-18
     4.575317477840186E+01    1.019634394150877E-17
     4.575319099863177E+01    1.306654191540669E-11
     4.576186490501092E+01    2.663495812189196E-14
     4.576186492544120E+01    1.647222321193868E-12
     4.576186493175731E+01    1.643719963863482E-13
     4.583093156570502E+01    1.222551915157101E-24
     4.583093157608845E+01    1.723997537492310E-24
     4.586805593374285E+01    4.538502500305672E-25
     4.586805594693704E+01    1.312922685183513E-24
     4.607515806953722E+01    7.278502112768736E-09
     4.607564049671710E+01    5.269851062261224E-19
     4.607564051889649E+01    4.122233470499112E-19
     4.610863579335988E+01    4.811778020267711E-21
     4.610863580105973E+01    1.322628473541516E-20
     4.610934032302828E+01    5.309445747643568E-20
     4.611196871008761E+01    1.061126222035019E-09
     4.624220846599050E+01    1.238016793983710E-23
     4.624220847185865E+01    3.204277897172666E-23
     4.975898170503922E+01    6.798791284931435E-20
     4.975898170958804E+01    1.889961682409950E-20
     4.979514041069947E+01    3.724557018854028E-06
     4.980637625193472E+01    2.411424686111677E-18
     4.985213848666876E+01    5.155880625774295E-22
     4.985213849859619E+01    1.502668373926603E-20
     5.001469707861503E+01    6.301890483264298E-21
     5.001469708915329E+01    1.610312495302519E-19
     5.002412959224877E+01    1.310199652100885E-07
     5.204464823435612E+01    1.579572896159920E-21
     5.204464823521623E+01    3.467336886841738E-18
     5.204474287832266E+01    5.801143564557660E-07
     5.432032294968197E+01    1.040189363794006E-19
     5.432032296886589E+01    5.600719935042294E-20
     5.436687479014558E+01    2.239798598799660E-09
     5.436687479573220E+01    4.540767829247224E-09
     5.436687481580748E+01    5.722140274508955E-09
     5.444024035913350E+01    1.841882141373784E-06
     5.444025274327813E+01    8.611159387588892E-14
     5.444025276043287E+01    1.838948762072351E-12
     5.446382871338900E+01    9.182381351625737E-20
     5.446382873037533E+01    1.044480379151560E-19
     5.450077271984138E+01    1.315382089812028E-20
     5.453137460364920E+01    1.330279321422260E-21
     5.476218395398053E+01    3.347156046235331E-17
     5.476218397459745E+01    2.564188614844712E-16
     5.478443739434196E+01    1.045916491581959E-03
     5.479655444518818E+01    3.272260414445555E-17
     5.479655445871049E+01    5.482405138896660E-16
     5.489985224881615E+01    5.372646997860197E-18
     5.525045870783158E+01    1.171074304890560E-02
     5.527730794299661E+01    1.248686718957923E-14
     5.527730798850097E+01    1.309652549071119E-15
     5.538762964154138E+01    3.213912742331800E-19
     5.543980380032902E+01    1.764503690741922E-17
     5.543980382988757E+01    7.347081316982068E-17
     5.754790491837191E+01    6.433024272887234E-20
     5.754790491852777E+01    4.267837208607467E-20
