     2.142595359977601E+00    9.748655460252108E-24
     2.142595359986360E+00    2.106151501824497E-23
     2.240985755814761E+00    9.038242956186335E-04
     2.450946832229180E+00    5.864410173003348E-05
     2.454732437419553E+00    2.807073725808671E-17
     2.454732444853306E+00    2.432809531285300E-16
     2.458564957342138E+00    1.667999595669909E-18
     2.458564959073393E+00    1.402243460185270E-17
     2.460408728891629E+00    2.585339113341321E-18
     2.553052752467063E+00    1.953726252188594E-19
     2.553052770414063E+00    2.953275649496686E-19
     2.555160880272747E+00    1.817987212316909E-04
     2.676490617617637E+00    1.733844612524331E-04
     2.683924454653015E+00    2.377445464553972E-18
     2.683924462226295E+00    6.915471159838736E-23
     2.693132117519131E+00    1.354341413930985E-18
     2.782194694741517E+00    8.858539517274253E-21
     2.782194696866472E+00    7.473092463761362E-20
     2.823300743733313E+00    1.302425816224742E-21
     2.823300743808788E+00    2.865359596185932E-23
     2.921542245138487E+00    9.052051278059170E-04
     3.080977436153873E+00    3.031831263513334E-05
     3.121806200042305E+00    2.564425570328766E-23
     3.121806200045938E+00    5.116521573138115E-25
     3.167228779134646E+00    4.752104455946488E-22
     3.167228779146793E+00    5.144069622623569E-22
     3.237415604073076E+00    9.262740621869564E-04
     3.376636488802755E+00    4.484124868674731E-06
     3.385007872064162E+00    7.937736107285533E-23
     3.385007872066175E+00    4.706607741470096E-23
     3.394414363015642E+00    3.175538861966904E-21
     3.394414363034962E+00    6.476877378837279E-22
     3.400648769513731E+00    2.607113405688698E-04
     3.440795953109288E+00    1.668654125390510E-03
     3.451819006516945E+00    3.447891538972401E-17
     3.451819007186369E+00    1.359898416308323E-16
     3.469888410389832E+00    6.248367618448243E-19
     3.537115906418205E+00    4.125751867572187E-04
     3.538254669329293E+00    9.472208096681357E-22
     3.538254669360149E+00    1.009514290271842E-20
     3.554441757283295E+00    8.110667092432445E-21
     3.554441761580542E+00    1.180770944676563E-20
     3.575229292863599E+00    7.997300769492531E-06
     3.590967105560070E+00    1.297514934923730E-22
     3.590967105565919E+00    1.523225503835275E-23
     3.611222029613594E+00    3.077164942684429E-22
     3.611222029646373E+00    1.475722939749639E-22
     3.711155591328700E+00    6.858769677647075E-04
     3.787468013317160E+00    9.577583622547179E-24
     3.787468013341575E+00    1.663674233270951E-22
     3.812745234014408E+00    4.199332582392087E-05
     3.996260030324837E+00    3.993106098374496E-21
     3.996260030387464E+00    2.764521695456121E-22
     4.001872801767020E+00    9.887150491246811E-05
     4.180149126420939E+00    5.812020824370536E-22
     4.180149127085712E+00    1.049879201652534E-22
     4.187779710802479E+00    1.939039189918896E-11
     4.187779711292780E+00    2.674014983512094E-12
     4.187779713207503E+00    5.089914782974032E-13
     4.195973999820150E+00    3.381687383318279E-18
     4.195974000671660E+00    2.022833554922419E-17
     4.195979181622882E+00    1.115759432826419E-08
     4.200901562658709E+00    5.025918073770789E-22
     4.200901563275986E+00    3.473514506804687E-22
     4.209664718737618E+00    1.061727909743359E-22
     4.212784023624913E+00    4.606235239843809E-22
     4.265926270483747E+00    2.006151689670243E-05
     4.312119733544357E+00    3.374083665548572E-22
     4.312119733549904E+00    1.113964567737489E-21
     4.359947198199994E+00    1.963026970372015E-22
     4.359947198228795E+00    3.263509034946751E-22
     4.382119166692677E+00    4.472645163645868E-04
     4.529078809068179E+00    1.884534057880791E-03
     4.541425025662415E+00    1.718465839359576E-19
     4.541425026441424E+00    2.230039294773422E-19
     4.580237587057773E+00    8.954428386001620E-06
     4.581701556464918E+00    1.358296103871832E-19
     4.581701559490072E+00    4.080843047996798E-19
     4.600906104418438E+00    1.115369325779125E-21
     4.622068769697640E+00    7.313357443307974E-22
     4.622068769816732E+00    2.709142397675364E-22
     4.723842851036307E+00    5.642173897117544E-17
     4.723842851583803E+00    3.784009942835947E-19
     4.724021915000617E+00    4.186330856456262E-04
     4.726579884716792E+00    6.865973857900567E-04
     4.779113161357403E+00    2.493388099512468E-23
     4.779113161541114E+00    9.938905033428765E-22
     4.886585406905625E+00    2.566554720151184E-03
     4.897391744296404E+00    7.697791245974313E-21
     4.897391746288991E+00    9.400728814080483E-22
     4.907551037541539E+00    1.710097566090796E-20
     4.915675396400932E+00    2.272192597336969E-06
     4.925393210701654E+00    5.979427714377470E-21
     4.925393211125948E+00    1.090299281775591E-21
     4.951310867878566E+00    5.739732600637676E-21
     4.951310868140883E+00    1.756384723759195E-21
     5.010874223557443E+00    6.116567965435601E-21
     5.010874224004850E+00    2.410786921340694E-19
     5.012830349932151E+00    1.203245478533825E-06
     5.124777781609446E+00    1.704606615761571E-04
     5.483611234998502E+00    4.976845709556378E-03
     5.501237881522397E+00    6.628467844056292E-17
     5.501237884447051E+00    6.494450023167411E-16
     5.538483801140712E+00    4.647917027816463E-18
     5.614787342523912E+00    2.792221914905243E-18
     5.614787355581491E+00    5.778605633615273E-19
     5.667532398951503E+00    7.211685431442803E-21
     5.667532399393954E+00    1.816996776835070E-22
     6.398676401147278E+00    4.365230457310795E-21
     6.398676404363957E+00    4.648126507327804E-21
     6.421945859291440E+00    4.217785884018837E-10
     6.421945863109304E+00    5.710137130863384E-11
     6.421945865599854E+00    1.133954200234747E-10
     6.468559268003924E+00    1.014326359977412E-15
     6.468559272379462E+00    2.022366236861820E-16
     6.468645330506810E+00    1.355735105159959E-06
     6.481103221011827E+00    2.305663657933842E-22
     6.501341472247699E+00    1.744341732875775E-20
     6.501341477215821E+00    2.729540384189157E-21
     6.504528767270010E+00    2.777077185048215E-25
     6.577219748083059E+00    2.523529584472872E-05
     6.675285615981983E+00    1.263319687629162E-20
     6.675285616158670E+00    1.652037466392881E-20
     6.676151127602556E+00    1.019918400925490E-03
     6.757852342350040E+00    7.881493102919919E-21
     6.757852342459545E+00    9.788668723033728E-21
     6.814306112475783E+00    2.630448561797686E-17
     6.814306113503421E+00    1.136057823585435E-16
     6.815544521851460E+00    3.177527309188960E-05
     6.852311239485705E+00    2.551471659128046E-21
     6.852311242591537E+00    3.511023273124161E-19
     6.889139709752121E+00    5.748182505237373E-23
     7.091256256714434E+00    1.203901894341883E-22
     7.091256257269582E+00    5.992604456950810E-21
     7.129431544004340E+00    5.231021380802099E-03
     7.168620076772151E+00    1.981868479764054E-16
     7.168620077158664E+00    3.092336388396005E-17
     7.168664030225400E+00    2.034083422538104E-06
     7.283985353581931E+00    2.308402488177489E-03
     7.740442059330498E+00    6.299499762250641E-21
     7.740442060118711E+00    3.969406329571847E-24
     9.498562906352172E+00    1.534006407698949E-14
     9.498562909272529E+00    3.163717713106693E-13
     9.498562912061081E+00    2.301934853284722E-14
     9.508554972769048E+00    4.396531984132327E-20
     9.508554974128835E+00    1.221807413994952E-19
     9.508554977499651E+00    2.108165404183947E-19
     9.508554979419678E+00    2.742174271257234E-20
     9.524404728209023E+00    6.303687585312506E-22
     9.524404731535192E+00    3.023552440234756E-19
     9.524718753890646E+00    1.792764633562649E-18
     9.524929269081179E+00    2.657139373829253E-08
     9.525903752598133E+00    4.488430964001978E-08
     9.525948250886771E+00    6.727916116962386E-17
     9.525948257070059E+00    1.250177532868393E-17
     9.562902770335793E+00    8.234679210860592E-23
     9.562902775438648E+00    6.728815839409858E-22
     9.566149528705527E+00    5.121971070797846E-21
     9.566149537200221E+00    4.151179308712949E-19
     9.569858849380218E+00    3.447629331893924E-20
     9.569858857632525E+00    9.650260152918202E-24
     9.590553328381676E+00    1.402142331780050E-18
     9.600737867640875E+00    9.405675268570467E-06
     9.634054783712209E+00    7.948279782626631E-21
     9.634054793301871E+00    1.241343101767492E-21
     9.740252144973386E+00    5.529926012570180E-19
     9.740252150707569E+00    5.671672055254385E-19
     9.746199667374817E+00    1.869462939527377E-06
     9.916889309629561E+00    7.473684166559474E-07
     9.917976763745813E+00    6.739404621966984E-20
     9.917976768626426E+00    2.830830761746926E-19
     9.927363628826654E+00    7.199860733090678E-07
     9.931562624874156E+00    2.543153418576907E-19
     9.932554024375310E+00    4.103443778460292E-20
     9.932554026928180E+00    7.985227385658711E-20
     9.976421087119519E+00    2.573573613560804E-21
     9.976421088715878E+00    2.383055212719663E-22
     1.052370651317421E+01    1.065432403959462E-02
     1.055237583328946E+01    1.504060003105649E-15
     1.055237584421083E+01    1.782402055578045E-16
     1.062790594953938E+01    1.137275294483489E-19
     1.069514343371787E+01    3.070033061081655E-18
     1.069514344988021E+01    2.294315727706526E-18
     1.082110781370217E+01    1.158115477701883E-20
     1.082110781383316E+01    5.088810415720587E-20
     1.092112577705326E+01    5.680877514430115E-03
     1.158847399738579E+01    5.860923430025705E-21
     1.158847400261140E+01    2.935963296984453E-19
     1.162450585529384E+01    1.970902934095822E-09
     1.162450586241648E+01    2.909266549009383E-09
     1.162450586774499E+01    1.937124637118731E-10
     1.172160802561078E+01    6.273537932045603E-15
     1.172160804205092E+01    2.726368337174975E-16
     1.172172002407721E+01    3.259413764892391E-06
     1.172748113770550E+01    7.206612765307126E-20
     1.177233406042533E+01    7.792633993015108E-20
     1.177233407366091E+01    1.977134136134382E-18
     1.178157130529059E+01    5.080075135653980E-21
     1.179222542261335E+01    4.512543789816545E-18
     1.179222542492223E+01    9.768660018839187E-19
     1.179307076160189E+01    3.121801656675284E-05
     1.205309756518939E+01    1.453129384601370E-19
     1.205309756780824E+01    9.687773599873992E-20
     1.212998837913631E+01    9.486702750143583E-17
     1.212998838387804E+01    5.128529308882343E-22
     1.213199620621000E+01    7.290211581307206E-05
     1.215330178497159E+01    8.630796936779762E-21
     1.280341706511297E+01    3.396268791502420E-22
     1.280341706692789E+01    1.867963166935105E-22
     1.291051780949993E+01    5.589866393470877E-04
     1.313017689872607E+01    1.279046264408060E-05
     1.327343320622634E+01    2.342636977118817E-21
     1.327343320629033E+01    5.782564265755889E-22
     1.338485149731045E+01    1.952793284435548E-24
     1.338485149737306E+01    3.069171792924546E-22
     1.355916684794753E+01    5.652003316020903E-03
     1.372711762399414E+01    2.333200763332626E-20
     1.372711762500885E+01    2.295725802713738E-21
     1.384051165145449E+01    5.318613583799275E-03
     1.599583068334904E+01    6.330529419834340E-12
     1.600111766069920E+01    1.558673742999289E-25
     1.600111766147869E+01    7.445386303169564E-25
     1.603281616488194E+01    1.837232649693199E-27
     1.603281616777508E+01    8.952203411804721E-27
     1.605541058119476E+01    1.178107399277940E-26
     1.606381302283670E+01    1.245837177320567E-26
     1.606381302774548E+01    6.153635316771869E-27
     1.614541317162110E+01    4.459644201162380E-13
     1.618112402407786E+01    5.441200644326923E-27
     1.618351018583800E+01    2.254651712612451E-28
     1.618351019956645E+01    4.076236032126651E-28
     1.824750264171629E+01    4.790304224835760E-11
     1.824757258263261E+01    1.242516425270809E-23
     1.824758754317932E+01    2.148520983087034E-22
     1.824758754387605E+01    4.861182370809811E-23
     1.932848906324779E+01    1.188316184419570E-13
     1.932848906426866E+01    2.821788463788907E-12
     1.932848906697519E+01    7.062972506127840E-15
     1.934821654925294E+01    1.091011084756310E-15
     1.934821655064586E+01    9.528175601282776E-17
     1.934821655205103E+01    4.588886658273821E-16
     1.934821655530210E+01    2.207716257004295E-18
     1.939643672638157E+01    1.306235327024400E-18
     1.939643673459286E+01    1.469017570418915E-20
     1.939645383092593E+01    9.056079067409132E-21
     1.939650651400798E+01    1.484237734549578E-10
     1.940209680432533E+01    9.573639537407445E-10
     1.940210030766351E+01    2.611916109594565E-15
     1.940210032104100E+01    5.573737983909970E-17
     1.945278691645787E+01    1.512987617578240E-27
     1.945278692360808E+01    1.905920469324602E-23
     1.947751421264094E+01    2.468237794085684E-25
     1.947751422175663E+01    2.458292647222073E-24
     1.973569124909055E+01    4.863246628167767E-08
     1.973716221034739E+01    3.874734460119485E-21
     1.973716221875422E+01    8.680491662535519E-19
     1.976512347647005E+01    4.449174437694576E-21
     1.976512348190983E+01    1.465818610259502E-21
     1.976713392413577E+01    4.239310816705490E-23
     1.977433119333639E+01    1.674322202174225E-08
     1.985387081244301E+01    5.239339508023958E-23
     1.985387082303438E+01    8.996917379016376E-24
     2.081327171393232E+01    5.455317756197339E-19
     2.081327174245779E+01    1.984026532942693E-18
     2.084487871471571E+01    7.807711942277054E-06
     2.085035691652392E+01    1.034570391006587E-18
     2.089143323001834E+01    8.126721991097318E-20
     2.089143323836839E+01    1.496681390912781E-19
     2.102587180822962E+01    1.300277474384068E-18
     2.102587182802948E+01    1.265757799516383E-18
     2.103445920256074E+01    5.864963011619853E-07
     2.304497141050750E+01    2.284621387131924E-04
     2.304569100036333E+01    6.304940927565052E-17
     2.304569100158685E+01    5.611350159401234E-17
     2.315948694316506E+01    1.554364140231227E-02
     2.319402249028542E+01    1.472855074180144E-14
     2.319402254723219E+01    1.772547624962855E-16
     2.331107232606270E+01    1.336725854052839E-16
     2.337387118609678E+01    1.848415418788005E-18
     2.337387121230098E+01    1.613250485517974E-16
     2.386565683845305E+01    4.954611956867660E-20
     2.386565684688348E+01    1.055867799954620E-19
     2.391158196361010E+01    7.758275554435346E-09
     2.391158197511989E+01    1.602193436241400E-08
     2.391158197901566E+01    1.895539053069772E-08
     2.402646830597058E+01    2.192316626719477E-14
     2.402646831977071E+01    3.599879905313607E-15
     2.402668596165669E+01    9.717026011273254E-06
     2.404690182679736E+01    4.389691255183998E-20
     2.406853245416187E+01    6.522664139253453E-20
     2.406853246421097E+01    4.803272106344991E-19
     2.410700798078802E+01    3.878205638841239E-20
     2.433824690272023E+01    2.955463778609032E-19
     2.433824691328697E+01    1.298343691298549E-18
     2.438848822764531E+01    2.564477145963812E-18
     2.438848823730982E+01    2.079178754776984E-16
     2.439222604602615E+01    8.547513737063744E-05
     2.448072514664610E+01    4.139141138729975E-20
     2.548330634306528E+01    4.362197068389013E-20
     2.548330634505375E+01    1.104592246981300E-19
     3.144992237900879E+01    4.447776800341907E-23
     3.144992237901332E+01    1.342359004979151E-25
     3.154808122602333E+01    6.252178463587876E-03
     3.367287713700919E+01    6.412247662691566E-03
     3.512902917407784E+01    1.901537674347844E-06
     3.526117541756943E+01    2.592386667359415E-23
     3.526117541759960E+01    1.451510998490689E-22
     3.535914620047724E+01    3.197254202343175E-24
     3.535914620050208E+01    1.478781991681004E-23
     3.540258390609036E+01    3.776049800336640E-05
     3.569719195450734E+01    4.638873729010392E-18
     3.569719195452204E+01    1.520948149908851E-18
     3.570021820365501E+01    1.844066799195770E-02
     3.704549869126060E+01    8.273000891477516E-12
     3.705461037921827E+01    1.225295752067030E-23
     3.705461039314937E+01    1.207624527532185E-23
     3.709401684750799E+01    6.832234274355505E-26
     3.709401685634287E+01    7.650195743875747E-27
     3.712108257700957E+01    3.527044232759995E-27
     3.715046732967215E+01    1.239077216804498E-26
     3.715046733759421E+01    2.724450930972926E-27
     3.723100501361856E+01    1.517485016961133E-14
     3.731057120863569E+01    4.366701123257953E-28
     3.731332819946633E+01    2.758304323353865E-28
     3.731332822071737E+01    2.211578066683057E-28
     3.930668082003175E+01    2.841144609016870E-14
     3.930683232186689E+01    9.516823349720834E-27
     3.930686756736744E+01    1.432580846047379E-28
     3.930686756798560E+01    5.581917981435248E-30
     4.565142797047722E+01    6.037026739074533E-14
     4.565142797641813E+01    2.114882888287608E-12
     4.565142798097009E+01    1.282247963917582E-14
     4.568084505289286E+01    5.312289678773075E-14
     4.568084506054696E+01    4.190079131308348E-14
     4.568084506346186E+01    7.316527206076041E-16
     4.568084507458212E+01    5.189568797747960E-15
     4.575317004667865E+01    8.680981104020490E-19
     4.575317007064801E+01    1.350135460250200E-20
     4.575317493663695E+01    1.760833695667026E-20
     4.575319116595625E+01    1.294637320927478E-11
     4.576186513458328E+01    1.035889245353873E-12
     4.576186515194239E+01    3.737680567528646E-13
     4.576186516939185E+01    2.747018208944418E-13
     4.583093175235314E+01    4.500850250007083E-25
     4.583093176224385E+01    5.149377264466753E-25
     4.586805610598547E+01    6.681314341967565E-27
     4.586805612091301E+01    3.620250180011593E-24
     4.607515828973249E+01    7.187816791230897E-09
     4.607564073450084E+01    2.362916228480350E-19
     4.607564073840101E+01    5.518366736615400E-18
     4.610863598439573E+01    9.541445775095942E-22
     4.610863600541052E+01    2.396994286539537E-22
     4.610934052686022E+01    2.479033628598501E-21
     4.611196891511680E+01    1.052230620607065E-09
     4.624220874374526E+01    9.256490508295919E-25
     4.624220874863371E+01    1.380852498095742E-24
     4.975898151605583E+01    2.702322770873231E-21
     4.975898153217831E+01    7.694421169817265E-20
     4.979514034682712E+01    3.674451055228255E-06
     4.980637620267877E+01    1.315627878239758E-18
     4.985213842534483E+01    1.219582912555457E-19
     4.985213844037794E+01    1.304619930957117E-20
     5.001469712607790E+01    1.080785204608392E-19
     5.001469713884504E+01    1.031603264608406E-19
     5.002412963293895E+01    1.290716739974320E-07
     5.204464783673286E+01    1.116333102420144E-17
     5.204464783723631E+01    5.256425173383403E-19
     5.204474230866912E+01    5.818277306328254E-07
     5.432032145762641E+01    5.105550549869011E-21
     5.432032149101327E+01    6.497650761399380E-20
     5.436687465283463E+01    2.815464096318483E-09
     5.436687467516091E+01    7.822302106436055E-09
     5.436687469719576E+01    1.689417960238899E-09
     5.444023504701701E+01    2.035642096959427E-06
     5.444024948472424E+01    9.607078561545608E-13
     5.444024952341687E+01    1.190245037670246E-12
     5.446381143660263E+01    1.405136590028085E-18
     5.446381147012756E+01    6.013419265025631E-19
     5.450077256069114E+01    6.001164280111868E-22
     5.453136600263493E+01    3.259046326968753E-22
     5.476059772466568E+01    6.430075622901900E-16
     5.476059775613179E+01    4.900910571511810E-16
     5.478129100299649E+01    1.215667145769356E-03
     5.479507682032040E+01    2.645903283529864E-16
     5.479507685313408E+01    1.309459215475217E-16
     5.489832249638967E+01    2.367890911722052E-19
     5.521495769433221E+01    1.156018491319023E-02
     5.524087651725720E+01    7.283867516917314E-17
     5.524087655064107E+01    1.227672041044020E-14
     5.535049440448054E+01    3.341630940766629E-19
     5.540166289150505E+01    1.571677848180093E-17
     5.540166292464551E+01    2.527468563505733E-19
     5.750956204653724E+01    4.250599275766779E-21
     5.750956204668024E+01    2.777922570660589E-20
